time,value,zscore,tonic,phasic,page,rnd
1718904747.25,3.795566,1.4337381213922173,1.4388288933999704,-0.005090772033797121,ConsentWaitPage,-2
1718904747.5,3.79941,1.4378351551252808,1.4324951381023778,0.00534001699693556,ConsentWaitPage,-2
1718904747.75,3.789159,1.4269093765619005,1.4255875784242447,0.0013217981116466718,ConsentWaitPage,-2
1718904748.0,3.794285,1.432372798756407,1.4180802264433432,0.014292572286898736,ConsentWaitPage,-2
1718904748.25,3.79044,1.4282746991977102,1.409957449588876,0.0183172495824047,ConsentWaitPage,-2
1718904748.5,3.772501,1.4091548531682028,1.4012151103208847,0.007939742820521754,ConsentWaitPage,-2
1718904748.75,3.759686,1.3954962976819356,1.391861522061953,0.0036347755927240988,ConsentWaitPage,-2
1718904749.0,3.758405,1.3941309750461257,1.381918189709723,0.012212785308596987,ConsentWaitPage,-2
1718904749.25,3.749435,1.384570519118555,1.3714203064030308,0.013150212687099917,ConsentWaitPage,-2
1718904749.5,3.725089,1.3586219282587304,1.3604169822463574,-0.0017950540167270962,ConsentWaitPage,-2
1718904749.75,3.714837,1.3476950838697168,1.3489711853213118,-0.0012761014814114211,ConsentWaitPage,-2
1718904750.0,3.704586,1.336769305306336,1.3371593804434643,-0.0003900751676841783,ConsentWaitPage,-2
1718904750.25,3.687928,1.3190147819126383,1.3250708566829368,-0.0060560748016003285,ConsentWaitPage,-2
1718904750.5,3.681521,1.3121860370823215,1.3128067406006099,-0.0006207035503267601,ConsentWaitPage,-2
1718904750.75,3.673832,1.3039909037905613,1.3004786984272465,0.003512205330565052,ConsentWaitPage,-2
1718904751.0,3.675114,1.3053572922520047,1.2882073370239435,0.01714995519463946,ConsentWaitPage,-2
1718904751.25,3.672551,1.302625581154751,1.2761203204169251,0.026505260703784644,ConsentWaitPage,-2
1718904751.5,3.671269,1.301259192693308,1.2643502260008102,0.036908966657901526,ConsentWaitPage,-2
1718904751.75,3.663581,1.2930651252271808,1.2530321721260367,0.04003295306606803,ConsentWaitPage,-2
1718904752.0,3.673832,1.3039909037905613,1.2423012566469815,0.06168964710810844,ConsentWaitPage,-2
1718904752.25,3.655892,1.2848699919354205,1.2322898539508889,0.05258013794875791,ConsentWaitPage,-2
1718904752.5,3.630264,1.2575550126141524,1.2231248257723915,0.03443018680578568,ConsentWaitPage,-2
1718904752.75,3.639234,1.267115468541723,1.2149247083992212,0.052190760106433275,ConsentWaitPage,-2
1718904753.0,3.645641,1.2739442133720398,1.2077969452975577,0.06614726803842914,ConsentWaitPage,-2
1718904753.25,3.673832,1.3039909037905613,1.2018352392924387,0.10215566446218825,ConsentWaitPage,-2
1718904753.5,3.640516,1.268481857003166,1.1971171017692013,0.07136475519824055,ConsentWaitPage,-2
1718904753.75,3.546973,1.1687813298200314,1.193701677428291,-0.02492034764369841,ConsentWaitPage,-2
1718904754.0,3.502123,1.1209790501821795,1.191627921390572,-0.07064887124349131,ConsentWaitPage,-2
1718904754.25,3.422676,1.0363024011211222,1.1909132003407816,-0.15461079925438392,ConsentWaitPage,-2
1718904754.5,3.376046,0.9866029518566174,1.1915523804106687,-0.20494942858838858,ConsentWaitPage,-2
1718904754.75,3.37989,0.990699985589681,1.193517451392696,-0.20281746583697266,ConsentWaitPage,-2
1718904755.0,3.392704,1.004357475250315,1.1967577198253088,-0.19240024460859645,ConsentWaitPage,-2
1718904755.25,3.401674,1.0139179311778852,1.2012005832079329,-0.18728265206333544,ConsentWaitPage,-2
1718904755.5,3.481122,1.0985956460645756,1.2067528752778411,-0.1081572292462906,ConsentWaitPage,-2
1718904755.75,3.595167,1.2201477303744714,1.2133027494441602,0.006844980897488667,ConsentWaitPage,-2
1718904756.0,3.714338,1.3471632368788742,1.2207220458005428,0.12644119104564638,ConsentWaitPage,-2
1718904756.25,3.742529,1.3772099272973957,1.228869068213213,0.14834085905156869,ConsentWaitPage,-2
1718904756.5,3.606699,1.2324388315736623,1.2375916830587759,-0.00515285151772317,ConsentWaitPage,-2
1718904756.75,3.611825,1.2379022537681692,1.2467306409754595,-0.008828387239961072,ConsentWaitPage,-2
1718904757.0,3.647705,1.276144077478451,1.2561230175862188,0.020021059859439576,ConsentWaitPage,-2
1718904757.25,3.713056,1.345796848417431,1.2656056681860381,0.08019118019842575,ConsentWaitPage,-2
1718904757.5,3.732277,1.3662830829083819,1.2750185943348231,0.09126448854037729,ConsentWaitPage,-2
1718904757.75,3.739966,1.374478216200142,1.2842081267126984,0.09027008945402462,ConsentWaitPage,-2
1718904758.0,3.741247,1.3758435388359525,1.29302983812018,0.08281370068211065,ConsentWaitPage,-2
1718904758.25,3.742529,1.3772099272973957,1.301351112747036,0.07585881451646856,ConsentWaitPage,-2
1718904758.5,3.737403,1.3717465051028888,1.3090533122502475,0.0626931928185545,ConsentWaitPage,-2
1718904758.75,3.732277,1.3662830829083819,1.316033495090252,0.05024958778389936,ConsentWaitPage,-2
1718904759.0,3.733559,1.3676494713698253,1.322205662226163,0.04544380910935637,ConsentWaitPage,-2
1718904759.25,3.728433,1.3621860491753182,1.3275015189283956,0.03468453021262039,ConsentWaitPage,-2
1718904759.5,3.723308,1.3567236928064443,1.331870758457571,0.024852934314660444,ConsentWaitPage,-2
1718904759.75,3.718182,1.3512602706119379,1.3352808880931986,0.015979382484701952,ConsentWaitPage,-2
1718904760.0,3.67974,1.3102878016300354,1.3377166309765827,-0.02742882938032666,ConsentWaitPage,-2
1718904760.25,3.656674,1.2857034675803884,1.3391789480538414,-0.053475480506898654,ConsentWaitPage,-2
1718904760.5,3.636172,1.2638519104536272,1.3396837327635405,-0.07583182234295743,ConsentWaitPage,-2
1718904760.75,3.656674,1.2857034675803884,1.3392602368377622,-0.053556769289958096,ConsentWaitPage,-2
1718904761.0,3.660519,1.2898015671390846,1.337949288676859,-0.048147721569851414,ConsentWaitPage,-2
1718904761.25,3.68871,1.319848257557606,1.33580136641493,-0.01595310888885873,ConsentWaitPage,-2
1718904761.5,3.693835,1.3253106139264799,1.3328745863843783,-0.0075639724888683785,ConsentWaitPage,-2
1718904761.75,3.689991,1.3212135801934164,1.3292326646737331,-0.008019084510710997,ConsentWaitPage,-2
1718904762.0,3.681021,1.3116531242658458,1.324942905303148,-0.013289781067120837,ConsentWaitPage,-2
1718904762.25,3.678458,1.3089214131685925,1.3200742635804448,-0.011152850441105061,ConsentWaitPage,-2
1718904762.5,3.675895,1.3061897020713393,1.3146955277007037,-0.00850582565806799,ConsentWaitPage,-2
1718904762.75,3.668207,1.2979956346052122,1.3088736557795375,-0.01087802120250287,ConsentWaitPage,-2
1718904763.0,3.6618,1.291166889774895,1.3026722993822253,-0.011505409635010025,ConsentWaitPage,-2
1718904763.25,3.654112,1.2829728223087677,1.2961505383297096,-0.013177716048157848,ConsentWaitPage,-2
1718904763.5,3.64386,1.2720459779197542,1.2893618452271698,-0.017315867334209593,ConsentWaitPage,-2
1718904763.75,3.65283,1.2816064338473243,1.2823532918714335,-0.0007468580505298646,ConsentWaitPage,-2
1718904764.0,3.645142,1.2734123663811971,1.275165003553252,-0.001752637198158007,ConsentWaitPage,-2
1718904764.25,3.642579,1.270680655283944,1.2678298613864711,0.002850793871626874,ConsentWaitPage,-2
1718904764.5,3.638735,1.2665836215508803,1.260373447271585,0.006210174253645321,ConsentWaitPage,-2
1718904764.75,3.631046,1.25838848825912,1.2528142210205566,0.005574267213049596,ConsentWaitPage,-2
1718904765.0,3.619514,1.2460973870599295,1.245163914585387,0.0009334724491065795,ConsentWaitPage,-2
1718904765.25,3.607981,1.2338052200351055,1.237428124261061,-0.003622904251368842,ConsentWaitPage,-2
1718904765.5,3.596448,1.2215130530102818,1.2296070781622672,-0.008094025177429458,ConsentWaitPage,-2
1718904765.75,3.590041,1.2146843081799645,1.2216965531774746,-0.007012245023034217,ConsentWaitPage,-2
1718904766.0,3.57979,1.203758529616584,1.213688912962897,-0.009930383371960345,ConsentWaitPage,-2
1718904766.25,3.578509,1.202393206980774,1.2055742363516009,-0.0031810293966337277,ConsentWaitPage,-2
1718904766.5,3.569539,1.1928327510532033,1.197341503844697,-0.004508752817487218,ConsentWaitPage,-2
1718904766.75,3.563132,1.1860040062228865,1.1889798086698982,-0.0029758024732080106,ConsentWaitPage,-2
1718904767.0,3.555443,1.1778088729311262,1.1804795582969554,-0.0026706853922343655,ConsentWaitPage,-2
1718904767.25,3.550318,1.1723465165622524,1.1718336323485614,0.0005128841870805784,ConsentWaitPage,-2
1718904767.5,3.546473,1.168248417003556,1.163038463589722,0.00520995338703128,ConsentWaitPage,-2
1718904767.75,3.537503,1.1586879610759855,1.1540950101572185,0.004592950891792874,ConsentWaitPage,-2
1718904768.0,3.536222,1.1573226384401754,1.145009589429236,0.012313048983823549,ConsentWaitPage,-2
1718904768.25,3.522127,1.142299826143731,1.135794546942792,0.006505279173718088,ConsentWaitPage,-2
1718904768.5,3.525971,1.1463968598767948,1.1264687375318745,0.019928122317635917,ConsentWaitPage,-2
1718904768.75,3.518282,1.1382017265850346,1.1170578003468756,0.021143926210856936,ConsentWaitPage,-2
1718904769.0,3.511875,1.1313729817547173,1.1075942145652828,0.023778767162163192,ConsentWaitPage,-2
1718904769.25,3.508031,1.1272759480216539,1.0981171283266067,0.02915881966785393,ConsentWaitPage,-2
1718904769.5,3.501624,1.120447203191337,1.0886719596014618,0.0317752435628042,ConsentWaitPage,-2
1718904769.75,3.504187,1.1231789142885902,1.0793097741797641,0.0438691400819147,ConsentWaitPage,-2
1718904770.0,3.499061,1.1177154920940837,1.0700864525419012,0.04762903952546105,ConsentWaitPage,-2
1718904770.25,3.432428,1.0466963326936598,1.0610616638259265,-0.014365331158777903,ConsentWaitPage,-2
1718904770.5,3.422177,1.0357705541302795,1.0522976711519059,-0.016527117047916668,ConsentWaitPage,-2
1718904770.75,3.420895,1.034404165668836,1.0438579979174738,-0.009453832274706888,ConsentWaitPage,-2
1718904771.0,3.409363,1.0221130644696454,1.0358059890633757,-0.013692924619586953,ConsentWaitPage,-2
1718904771.25,3.402956,1.0152843196393286,1.028203304532599,-0.012918984918931373,ConsentWaitPage,-2
1718904771.5,3.393986,1.005723863711758,1.0211083841384567,-0.015384520452188442,ConsentWaitPage,-2
1718904771.75,3.38886,1.0002604415172516,1.0145749238478232,-0.014314482355919301,ConsentWaitPage,-2
1718904772.0,3.38886,1.0002604415172516,1.0086504031688805,-0.008389961676865773,ConsentWaitPage,-2
1718904772.25,3.378609,0.9893346629538706,1.0033747020253923,-0.014040039096678426,ConsentWaitPage,-2
1718904772.5,3.372202,0.9825059181235538,0.9987788433255043,-0.016272925227056062,ConsentWaitPage,-2
1718904772.75,3.367076,0.9770424959290468,0.9948838945169838,-0.017841398613015973,ConsentWaitPage,-2
1718904773.0,3.38886,1.0002604415172516,0.9917000578853751,0.008560383606805076,ConsentWaitPage,-2
1718904773.25,3.391423,1.0029921526145047,0.9892259753180304,0.013766177271398353,ConsentWaitPage,-2
1718904773.5,3.393986,1.005723863711758,0.987448268842698,0.018275594843974816,ConsentWaitPage,-2
1718904773.75,3.372202,0.9825059181235538,0.9863413335526577,-0.003835415454193503,ConsentWaitPage,-2
1718904774.0,3.368358,0.9784088843904902,0.9858673946051624,-0.007458510239751463,ConsentWaitPage,-2
1718904774.25,3.360669,0.97021375109873,0.985976834821168,-0.015763083747483007,ConsentWaitPage,-2
1718904774.5,3.350418,0.9592879725353491,0.986608793975488,-0.027320821465117648,ConsentWaitPage,-2
1718904774.75,3.344011,0.9524592277050323,0.9876920351036126,-0.0352328074234568,ConsentWaitPage,-2
1718904775.0,3.344011,0.9524592277050323,0.989146067067794,-0.03668683938749737,ConsentWaitPage,-2
1718904775.25,3.346574,0.9551909388022856,0.9908825062970016,-0.035691567519272674,ConsentWaitPage,-2
1718904775.5,3.342729,0.9510928392435889,0.9928066541984316,-0.04171381497918438,ConsentWaitPage,-2
1718904775.75,3.347855,0.9565562614380959,0.9948192604596564,-0.0382629990456542,ConsentWaitPage,-2
1718904776.0,3.387579,0.9988951188814411,0.9968184366038372,0.0020766822537891458,ConsentWaitPage,-2
1718904776.25,3.411926,1.0248447755668986,0.9987016790437471,0.02614309649964508,ConsentWaitPage,-2
1718904776.5,3.417051,1.0303071319357724,1.0003679568253705,0.029939175087231755,ConsentWaitPage,-2
1718904776.75,3.414488,1.0275754208385193,1.0017198165372454,0.02585560427846701,ConsentWaitPage,-2
1718904777.0,3.419614,1.0330388430330262,1.0026654556653216,0.03037338734528662,ConsentWaitPage,-2
1718904777.25,3.413207,1.026210098202709,1.0031207160309734,0.023089382149730435,ConsentWaitPage,-2
1718904777.5,3.405518,1.0180149649109487,1.0030109507601295,0.01500401412924586,ConsentWaitPage,-2
1718904777.75,3.402956,1.0152843196393286,1.0022727212993054,0.013011598318891857,ConsentWaitPage,-2
1718904778.0,3.39783,1.0098208974448215,1.000855285086504,0.008965612337628104,ConsentWaitPage,-2
1718904778.25,3.400393,1.0125526085420753,0.9987218393719772,0.0138307691498403,ConsentWaitPage,-2
1718904778.5,3.392704,1.004357475250315,0.9958504921635825,0.00850698306688569,ConsentWaitPage,-2
1718904778.75,3.386297,0.9975287304199978,0.9922349371772234,0.005293793223309213,ConsentWaitPage,-2
1718904779.0,3.381172,0.9920663740511239,0.9878848158693466,0.004181558162656555,ConsentWaitPage,-2
1718904779.25,3.376046,0.9866029518566174,0.9828257560029132,0.003777195834883832,ConsentWaitPage,-2
1718904779.5,3.374765,0.985237629220807,0.9770990826547463,0.008138546547492196,ConsentWaitPage,-2
1718904779.75,3.368358,0.9784088843904902,0.9707612040308455,0.007647680341276712,ConsentWaitPage,-2
1718904780.0,3.369639,0.9797742070263,0.9638826808522792,0.015891526155800337,ConsentWaitPage,-2
1718904780.25,3.363232,0.9729454621959832,0.9565469943510613,0.016398467826795316,ConsentWaitPage,-2
1718904780.5,3.359388,0.9688484284629196,0.9488490340135486,0.019999394431285386,ConsentWaitPage,-2
1718904780.75,3.352981,0.9620196836326028,0.9408933320540122,0.021126351560494513,ConsentWaitPage,-2
1718904781.0,3.352981,0.9620196836326028,0.9327920770948113,0.029227606519635834,ConsentWaitPage,-2
1718904781.25,3.354262,0.9633850062684127,0.9246629445450522,0.03872206170509904,ConsentWaitPage,-2
1718904781.5,3.295317,0.9005599143341164,0.9166267855497651,-0.01606687123405781,ConsentWaitPage,-2
1718904781.75,3.264564,0.8677825786439748,0.9088052199413814,-0.04102264131599963,ConsentWaitPage,-2
1718904782.0,3.263282,0.8664161901825314,0.9013181811649115,-0.03490199100118629,ConsentWaitPage,-2
1718904782.25,3.264564,0.8677825786439748,0.8942814624936845,-0.026498883868751662,ConsentWaitPage,-2
1718904782.5,3.265845,0.8691479012797851,0.8878043139184867,-0.01865641265799445,ConsentWaitPage,-2
1718904782.75,3.268408,0.8718796123770384,0.8819871379289658,-0.010107525571478572,ConsentWaitPage,-2
1718904783.0,3.269689,0.8732449350128487,0.8769193301852324,-0.003674395192191912,ConsentWaitPage,-2
1718904783.25,3.272252,0.875976646110102,0.8726773080328332,0.0032993380572128236,ConsentWaitPage,-2
1718904783.5,3.263282,0.8664161901825314,0.8693227661690718,-0.0029065760068270885,ConsentWaitPage,-2
1718904783.75,3.262001,0.8650508675467216,0.8669011946950395,-0.0018503271688105668,ConsentWaitPage,-2
1718904784.0,3.269689,0.8732449350128487,0.8654406903965329,0.007804244595649143,ConsentWaitPage,-2
1718904784.25,3.278659,0.8828053909404192,0.864951087447664,0.017854303471953076,ConsentWaitPage,-2
1718904784.5,3.286347,0.8909994584065464,0.8654234288468279,0.0255760295388245,ConsentWaitPage,-2
1718904784.75,3.259438,0.8623191564494679,0.8668297947716546,-0.004510638343125654,ConsentWaitPage,-2
1718904785.0,3.268408,0.8718796123770384,0.8691234986418438,0.0027561137142600167,ConsentWaitPage,-2
1718904785.25,3.227403,0.8281754322978828,0.8722396559340845,-0.04406422365708108,ConsentWaitPage,-2
1718904785.5,3.232528,0.8336377886667566,0.8760961246078172,-0.042458335961834556,ConsentWaitPage,-2
1718904785.75,3.254312,0.8568557342549613,0.880594809301709,-0.023739075067368297,ConsentWaitPage,-2
1718904786.0,3.269689,0.8732449350128487,0.8856233142498595,-0.01237837925743405,ConsentWaitPage,-2
1718904786.25,3.270971,0.8746113234742916,0.8910569222520797,-0.01644559879797565,ConsentWaitPage,-2
1718904786.5,3.260719,0.8636844790852781,0.8967608692169148,-0.033076390151557514,ConsentWaitPage,-2
1718904786.75,3.262001,0.8650508675467216,0.9025928760267727,-0.03754200849968119,ConsentWaitPage,-2
1718904787.0,3.267126,0.8705132239155955,0.9084058919936627,-0.03789266809738891,ConsentWaitPage,-2
1718904787.25,3.273533,0.8773419687459123,0.9140509972067326,-0.0367090284798218,ConsentWaitPage,-2
1718904787.5,3.287629,0.8923658468679894,0.9193804048513993,-0.027014558002084698,ConsentWaitPage,-2
1718904787.75,3.300443,0.9060233365286234,0.9242504993704559,-0.018227162860178267,ConsentWaitPage,-2
1718904788.0,3.323508,0.9306066047526379,0.9285248424407273,0.0020817622938929968,ConsentWaitPage,-2
1718904788.25,3.347855,0.9565562614380959,0.9320770764647603,0.024479184955643947,ConsentWaitPage,-2
1718904788.5,3.369639,0.9797742070263,0.9347936549069542,0.04498055210197728,ConsentWaitPage,-2
1718904788.75,3.376046,0.9866029518566174,0.9365763305478714,0.05002662129169792,ConsentWaitPage,-2
1718904789.0,3.378609,0.9893346629538706,0.9373443366879644,0.05199032624917735,ConsentWaitPage,-2
1718904789.25,3.378609,0.9893346629538706,0.9370362024593389,0.05229846047812285,ConsentWaitPage,-2
1718904789.5,3.367076,0.9770424959290468,0.9356111515086134,0.04143134440434789,ConsentWaitPage,-2
1718904789.75,3.356825,0.9661167173656664,0.933050043075024,0.03306667427488416,ConsentWaitPage,-2
1718904790.0,3.344011,0.9524592277050323,0.9293558255019242,0.023103402187680283,ConsentWaitPage,-2
1718904790.25,3.332478,0.9401670606802085,0.9245534840509624,0.015613576614148677,ConsentWaitPage,-2
1718904790.5,3.320946,0.9278759594810178,0.9186894771149003,0.009186482351346958,ConsentWaitPage,-2
1718904790.75,3.317101,0.9237778599223211,0.9118306671742644,0.011947192733605883,ConsentWaitPage,-2
1718904791.0,3.308131,0.9142174039947506,0.9040627648097584,0.010154639170847846,ConsentWaitPage,-2
1718904791.25,3.303006,0.9087550476258767,0.89548831553234,0.013266732079681265,ConsentWaitPage,-2
1718904791.5,3.296599,0.9019263027955599,0.8862242699513725,0.01570203283060087,ConsentWaitPage,-2
1718904791.75,3.291473,0.896462880601053,0.8763991877331979,0.02006369285451677,ConsentWaitPage,-2
1718904792.0,3.282503,0.8869024246734828,0.8661501347904154,0.020752289869956426,ConsentWaitPage,-2
1718904792.25,3.272252,0.875976646110102,0.8556193410681484,0.020357305029049158,ConsentWaitPage,-2
1718904792.5,3.269689,0.8732449350128487,0.8449506930265993,0.02829424197353156,ConsentWaitPage,-2
1718904792.75,3.25175,0.8541250889833407,0.834286140308542,0.019838948662247977,ConsentWaitPage,-2
1718904793.0,3.214589,0.8145179426372492,0.8237620999547424,-0.009244157329895334,ConsentWaitPage,-2
1718904793.25,3.192805,0.7912999970490445,0.8135059437028513,-0.02220594666607787,ConsentWaitPage,-2
1718904793.5,3.163332,0.75988691816908,0.8036326541902437,-0.04374573603332077,ConsentWaitPage,-2
1718904793.75,3.13386,0.7284749051147482,0.7942417341279313,-0.0657668290252425,ConsentWaitPage,-2
1718904794.0,3.153081,0.7489611396056992,0.7854144486548238,-0.03645330906110223,ConsentWaitPage,-2
1718904794.25,3.172302,0.7694473740966506,0.7772114751818768,-0.007764101097137079,ConsentWaitPage,-2
1718904794.5,3.168458,0.7653503403635871,0.7696710272988014,-0.004320686947071842,ConsentWaitPage,-2
1718904794.75,3.179991,0.7776425073884103,0.7628075100534862,0.0148349973231088,ConsentWaitPage,-2
1718904795.0,3.191523,0.7899336085876015,0.7566107534653674,0.03332285511045273,ConsentWaitPage,-2
1718904795.25,3.154362,0.7503264622415095,0.7510458597764349,-0.0007193975466777067,ConsentWaitPage,-2
1718904795.5,3.167176,0.7639839519021436,0.7460536878352932,0.017930264055125784,ConsentWaitPage,-2
1718904795.75,3.23381,0.8350041771282001,0.7415519851795038,0.09345219193700158,ConsentWaitPage,-2
1718904796.0,3.167176,0.7639839519021436,0.7374371647542147,0.0265467871362697,ConsentWaitPage,-2
1718904796.25,3.001875,0.5878019089497118,0.7335867086300533,-0.1457847996919584,ConsentWaitPage,-2
1718904796.5,2.928834,0.5099529388933386,0.7298621653526884,-0.2199092264709177,ConsentWaitPage,-2
1718904796.75,2.910895,0.49083309286383053,0.7261126904625125,-0.23527959761019426,ConsentWaitPage,-2
1718904797.0,2.925404,0.5062971569723164,0.7221790612246243,-0.21588190426375936,ConsentWaitPage,-2
1718904797.25,2.943343,0.5254170030018244,0.7178980770819787,-0.1924810740915404,ConsentWaitPage,-2
1718904797.5,3.007414,0.5937055171306271,0.7131072377480852,-0.11940172062877483,ConsentWaitPage,-2
1718904797.75,3.090705,0.6824791999247481,0.7076495726820355,-0.025170372768531915,ConsentWaitPage,-2
1718904798.0,3.171434,0.768522237447249,0.7013784807139418,0.06714375672213703,ConsentWaitPage,-2
1718904798.25,3.238067,0.8395413968476724,0.6941624285586286,0.14537896827795024,ConsentWaitPage,-2
1718904798.5,3.294449,0.8996347776847153,0.68588935329923,0.21374542437447056,ConsentWaitPage,-2
1718904798.75,3.286761,0.8914407102185877,0.6764706175307347,0.2149700926769178,ConsentWaitPage,-2
1718904799.0,3.266258,0.8695880872661939,0.665844376938792,0.20374371031654392,ConsentWaitPage,-2
1718904799.25,3.229097,0.8299809409201019,0.6539782381560321,0.17600270275328297,ConsentWaitPage,-2
1718904799.5,3.189374,0.7876431493023897,0.6408711086749044,0.14677204061675797,ConsentWaitPage,-2
1718904799.75,3.138117,0.7330121248342206,0.6265541688616726,0.10645795596186258,ConsentWaitPage,-2
1718904800.0,3.08558,0.6770168435558748,0.6110909269712864,0.06592591657392122,ConsentWaitPage,-2
1718904800.25,3.042012,0.6305809523794659,0.594576349780797,0.03600460258799143,ConsentWaitPage,-2
1718904800.5,3.002288,0.5882420949361206,0.577135092480744,0.01110700244465733,ConsentWaitPage,-2
1718904800.75,2.974097,0.5581954045175991,0.5589188804917355,-0.0007234759849296113,ConsentWaitPage,-2
1718904801.0,2.953594,0.5363427815652048,0.5401031219139417,-0.0037603403596355306,ConsentWaitPage,-2
1718904801.25,2.934373,0.5158565470742538,0.5208828516814488,-0.005026304618227808,ConsentWaitPage,-2
1718904801.5,2.908745,0.488541567752986,0.5014681267594884,-0.012926559017694114,ConsentWaitPage,-2
1718904801.75,2.884398,0.4625919110675281,0.48207900567416495,-0.01948709461800701,ConsentWaitPage,-2
1718904802.0,2.866459,0.4434720650380201,0.4629402552243158,-0.01946819019785817,ConsentWaitPage,-2
1718904802.25,2.824172,0.39840149649742157,0.44427593240363394,-0.045874435917974785,ConsentWaitPage,-2
1718904802.5,2.789574,0.3615260612485833,0.42630399042807876,-0.06477792919145843,ConsentWaitPage,-2
1718904802.75,2.769072,0.33967450412182204,0.40923105444526364,-0.06955655033559831,ConsentWaitPage,-2
1718904803.0,2.753695,0.32328530336393463,0.3932475051964727,-0.06996220184487469,ConsentWaitPage,-2
1718904803.25,2.744725,0.3137248474363641,0.378522997901015,-0.06479815047714692,ConsentWaitPage,-2
1718904803.5,2.731911,0.30006735777573046,0.3652025293418699,-0.06513517157876812,ConsentWaitPage,-2
1718904803.75,2.722941,0.2905069018481599,0.35340314906098247,-0.062896247225551,ConsentWaitPage,-2
1718904804.0,2.711408,0.2782147348233361,0.34321139130390693,-0.06499665649336056,ConsentWaitPage,-2
1718904804.25,2.716534,0.2836781570178426,0.3346814834998207,-0.05100332649478573,ConsentWaitPage,-2
1718904804.5,2.716534,0.2836781570178426,0.3278343652393129,-0.0441562082342485,ConsentWaitPage,-2
1718904804.75,2.698594,0.26455724516270196,0.32265752952089755,-0.05810028437089357,ConsentWaitPage,-2
1718904805.0,2.689625,0.25499785506076456,0.3191056760578659,-0.06410782100966582,ConsentWaitPage,-2
1718904805.25,2.684499,0.24953443286625804,0.3171021452207319,-0.06756771236685055,ConsentWaitPage,-2
1718904805.5,2.697313,0.26319192252689166,0.316541081261869,-0.053349158747112824,ConsentWaitPage,-2
1718904805.75,2.757539,0.3273823370969982,0.3172902553443837,0.010092081740771582,ConsentWaitPage,-2
1718904806.0,2.766509,0.33694279302456875,0.31919446310109006,0.01774832991197583,ConsentWaitPage,-2
1718904806.25,2.790856,0.3628924497100262,0.3220793984974874,0.04081305120141816,ConsentWaitPage,-2
1718904806.5,2.801107,0.37381822827340705,0.3257558961094399,0.048062332153264435,ConsentWaitPage,-2
1718904806.75,2.810077,0.38337868420097765,0.33002442784185204,0.0533542563488695,ConsentWaitPage,-2
1718904807.0,2.819047,0.3929391401285477,0.33467973769015835,0.05825940242860149,ConsentWaitPage,-2
1718904807.25,2.824172,0.39840149649742157,0.33951549925580243,0.05888599723231375,ConsentWaitPage,-2
1718904807.5,2.828017,0.40249959605611824,0.3443288850797327,0.058170710967569234,ConsentWaitPage,-2
1718904807.75,2.831861,0.4065966297891818,0.34892494405177815,0.05767168572907527,ConsentWaitPage,-2
1718904808.0,2.825454,0.399767884958865,0.35312069271612356,0.04664719223489157,ConsentWaitPage,-2
1718904808.25,2.820328,0.394304462764358,0.35674883771231186,0.037555625044657814,ConsentWaitPage,-2
1718904808.5,2.815202,0.3888410405698515,0.35966105934118237,0.029179981221718193,ConsentWaitPage,-2
1718904808.75,2.808795,0.3820122957395342,0.3617307998094403,0.020281495923549414,ConsentWaitPage,-2
1718904809.0,2.80367,0.37654993937066034,0.36285551360332197,0.01369442576116385,ConsentWaitPage,-2
1718904809.25,2.802388,0.3751835509092174,0.3629583512463805,0.012225199656991183,ConsentWaitPage,-2
1718904809.5,2.789574,0.3615260612485833,0.36198926105554696,-0.0004631998125267031,ConsentWaitPage,-2
1718904809.75,2.788293,0.360160738612773,0.3599255061450606,0.0002352324623820577,ConsentWaitPage,-2
1718904810.0,2.77676,0.34786857158794915,0.3567716056317845,-0.00890303404898634,ConsentWaitPage,-2
1718904810.25,2.77676,0.34786857158794915,0.3525587196233042,-0.004690148040383035,ConsentWaitPage,-2
1718904810.5,2.765228,0.33557747038875846,0.3473435070345352,-0.011766036650740011,ConsentWaitPage,-2
1718904810.75,2.757539,0.3273823370969982,0.3412064935431157,-0.013824156451074966,ConsentWaitPage,-2
1718904811.0,2.752414,0.32191998072812433,0.33424999406624295,-0.01233001334312786,ConsentWaitPage,-2
1718904811.25,2.748569,0.31782188116942767,0.3265956400646175,-0.008773758900305788,ConsentWaitPage,-2
1718904811.5,2.747288,0.3164565585336178,0.3183815668228301,-0.0019250082944855945,ConsentWaitPage,-2
1718904811.75,2.740881,0.3096278137033005,0.30975931970917114,-0.0001315060113459693,ConsentWaitPage,-2
1718904812.0,2.734474,0.3027990688729837,0.30089054137851345,0.0019085274887554807,ConsentWaitPage,-2
1718904812.25,2.728067,0.29597032404266643,0.2919435040387559,0.004026819997927339,ConsentWaitPage,-2
1718904812.5,2.724222,0.2918722244839702,0.28308955232114386,0.008782672156554587,ConsentWaitPage,-2
1718904812.75,2.708846,0.2754840895517155,0.27449952301479774,0.0009845665303462314,ConsentWaitPage,-2
1718904813.0,2.701157,0.26728895625995525,0.26634020795423796,0.0009487482988428247,ConsentWaitPage,-2
1718904813.25,2.702439,0.2686553447213986,0.25877092567051485,0.009884419043710804,ConsentWaitPage,-2
1718904813.5,2.70372,0.270020667357209,0.2519402660013298,0.018080401348419088,ConsentWaitPage,-2
1718904813.75,2.697313,0.26319192252689166,0.2459830696648212,0.01720885285434013,ConsentWaitPage,-2
1718904814.0,2.69475,0.26046021142963843,0.24101770178945744,0.019442509632201656,ConsentWaitPage,-2
1718904814.25,2.698594,0.26455724516270196,0.23714367449544033,0.027413570659057692,ConsentWaitPage,-2
1718904814.5,2.692187,0.25772850033238515,0.23443966874746086,0.023288831576521923,ConsentWaitPage,-2
1718904814.75,2.640931,0.20309854168984917,0.23296199971450732,-0.029863458033232086,ConsentWaitPage,-2
1718904815.0,2.629398,0.19080637466502537,0.2327435626205126,-0.0419371879642064,ConsentWaitPage,-2
1718904815.25,2.616584,0.17714888500439124,0.23379328738703295,-0.05664440239148101,ConsentWaitPage,-2
1718904815.5,2.614021,0.17441717390713798,0.23609612013952647,-0.061678946241324736,ConsentWaitPage,-2
1718904815.75,2.60377,0.16349139534375712,0.2396135378687016,-0.0761221425339568,ConsentWaitPage,-2
1718904816.0,2.598644,0.15802797314925063,0.24428458936744438,-0.08625661622726372,ConsentWaitPage,-2
1718904816.25,2.593519,0.15256561678037675,0.25002744133278265,-0.09746182456151756,ConsentWaitPage,-2
1718904816.5,2.583267,0.14163877239136324,0.25674139370875804,-0.11510262132653468,ConsentWaitPage,-2
1718904816.75,2.581986,0.14027344975555295,0.2643093135475749,-0.12403586380117877,ConsentWaitPage,-2
1718904817.0,2.593519,0.15256561678037675,0.27260042258902034,-0.12003480581780754,ConsentWaitPage,-2
1718904817.25,2.775479,0.34650324895213885,0.28147336121437666,0.0650298877286001,ConsentWaitPage,-2
1718904817.5,2.829298,0.4038649186919286,0.29077944132240674,0.11308547736037021,ConsentWaitPage,-2
1718904817.75,2.835705,0.4106936635222454,0.3003659939150426,0.11032766959806924,ConsentWaitPage,-2
1718904818.0,2.8498,0.4257164758186898,0.31007971452515837,0.11563676128442159,ConsentWaitPage,-2
1718904818.25,2.829298,0.4038649186919286,0.3197699114511716,0.08409500723167386,ConsentWaitPage,-2
1718904818.5,2.870303,0.4475690987710837,0.3292915679628026,0.11827753079922529,ConsentWaitPage,-2
1718904818.75,2.870303,0.4475690987710837,0.33850813963440046,0.10906095912765307,ConsentWaitPage,-2
1718904819.0,2.880554,0.45849487733446453,0.3472940208944289,0.11120085643102838,ConsentWaitPage,-2
1718904819.25,2.829298,0.4038649186919286,0.35553662979105705,0.04832828889188409,ConsentWaitPage,-2
1718904819.5,2.771635,0.34240621521907527,0.3631380758822109,-0.020731860672106694,ConsentWaitPage,-2
1718904819.75,2.774197,0.3451368604906959,0.3700163921003298,-0.024879531618591758,ConsentWaitPage,-2
1718904820.0,2.78573,0.3574290275155197,0.37610632653507586,-0.01867729902850323,ConsentWaitPage,-2
1718904820.25,2.789574,0.3615260612485833,0.3813597036238975,-0.019833642384251515,ConsentWaitPage,-2
1718904820.5,2.793418,0.36562309498164686,0.3857453758167165,-0.020122280843996462,ConsentWaitPage,-2
1718904820.75,2.801107,0.37381822827340705,0.3892487962424332,-0.015430567977940134,ConsentWaitPage,-2
1718904821.0,2.810077,0.38337868420097765,0.39187125030595865,-0.008492566113877914,ConsentWaitPage,-2
1718904821.25,2.807514,0.3806469731037239,0.39362878963455433,-0.012981816539704177,ConsentWaitPage,-2
1718904821.5,2.806233,0.37928165046791407,0.39455091554323607,-0.015269265084165026,ConsentWaitPage,-2
1718904821.75,2.802388,0.3751835509092174,0.3946790613628957,-0.0194955104624819,ConsentWaitPage,-2
1718904822.0,2.797263,0.3697211945403435,0.3940649237161329,-0.02434372918454432,ConsentWaitPage,-2
1718904822.25,2.801107,0.37381822827340705,0.39276869226764793,-0.01895046400293808,ConsentWaitPage,-2
1718904822.5,2.802388,0.3751835509092174,0.3908572257540513,-0.015673674853464763,ConsentWaitPage,-2
1718904822.75,2.801107,0.37381822827340705,0.3884022193629511,-0.014583991098101219,ConsentWaitPage,-2
1718904823.0,2.795981,0.3683548060789001,0.38547840495174907,-0.017123598881326113,ConsentWaitPage,-2
1718904823.25,2.7947,0.36698948344309024,0.38216182135001164,-0.015172337915313354,ConsentWaitPage,-2
1718904823.5,2.793418,0.36562309498164686,0.37852818724907494,-0.01290509227573141,ConsentWaitPage,-2
1718904823.75,2.790856,0.3628924497100262,0.3746514041112859,-0.01175895440947268,ConsentWaitPage,-2
1718904824.0,2.787011,0.35879435015133,0.37060221128097576,-0.011807861137767564,ConsentWaitPage,-2
1718904824.25,2.790856,0.3628924497100262,0.36644701019359377,-0.0035545604915981494,ConsentWaitPage,-2
1718904824.5,2.789574,0.3615260612485833,0.36224686939311923,-0.0007208081524763578,ConsentWaitPage,-2
1718904824.75,2.784449,0.3560637048797094,0.3580567171029021,-0.001993012231045489,ConsentWaitPage,-2
1718904825.0,2.780604,0.35196560532101273,0.35392472345526826,-0.0019591181420249263,ConsentWaitPage,-2
1718904825.25,2.781886,0.3533319937824561,0.34989187025080254,0.003440123523961777,ConsentWaitPage,-2
1718904825.5,2.779323,0.3506002826852029,0.34599170234366766,0.0046085803339140285,ConsentWaitPage,-2
1718904825.75,2.778042,0.3492349600493926,0.34225025146621585,0.006984708575618441,ConsentWaitPage,-2
1718904826.0,2.770353,0.34103982675763234,0.33868612052781766,0.002353706222311909,ConsentWaitPage,-2
1718904826.25,2.747288,0.3164565585336178,0.33531071414648267,-0.018854155620318693,ConsentWaitPage,-2
1718904826.5,2.766509,0.33694279302456875,0.33212859938048145,0.004814193636677379,ConsentWaitPage,-2
1718904826.75,2.763946,0.334211081927315,0.32913797929797883,0.0050731026219671925,ConsentWaitPage,-2
1718904827.0,2.765228,0.33557747038875846,0.3263312611416176,0.009246209239811592,ConsentWaitPage,-2
1718904827.25,2.760102,0.33011404819425144,0.32369570041485957,0.0064183477721026505,ConsentWaitPage,-2
1718904827.5,2.758821,0.32874872555844165,0.321214102247461,0.007534623303733397,ConsentWaitPage,-2
1718904827.75,2.761383,0.3314793708300618,0.3188655618846186,0.012613808938241291,ConsentWaitPage,-2
1718904828.0,2.760102,0.33011404819425144,0.3166262270570898,0.013487821130009847,ConsentWaitPage,-2
1718904828.25,2.752414,0.32191998072812433,0.31447006627219926,0.007449914448828629,ConsentWaitPage,-2
1718904828.5,2.752414,0.32191998072812433,0.3123696286452925,0.009550352075795777,ConsentWaitPage,-2
1718904828.75,2.752414,0.32191998072812433,0.3102967826828864,0.011623198038266752,ConsentWaitPage,-2
1718904829.0,2.746006,0.31509017007217444,0.3082234233387543,0.006866746726517551,ConsentWaitPage,-2
1718904829.25,2.740881,0.3096278137033005,0.3061221385954343,0.003505675101034944,ConsentWaitPage,-2
1718904829.5,2.729348,0.29733564667847673,0.30396682868158537,-0.006631182009866808,ConsentWaitPage,-2
1718904829.75,2.728067,0.29597032404266643,0.3017332727328097,-0.005762948696827343,ConsentWaitPage,-2
1718904830.0,2.722941,0.2905069018481599,0.29939963916646806,-0.008892737324918493,ConsentWaitPage,-2
1718904830.25,2.724222,0.2918722244839702,0.29694693722052384,-0.005074712743091723,ConsentWaitPage,-2
1718904830.5,2.720378,0.28777519075090663,0.29435940798709187,-0.006584217242653671,ConsentWaitPage,-2
1718904830.75,2.717815,0.2850434796536529,0.2916248538719543,-0.00658137422470407,ConsentWaitPage,-2
1718904831.0,2.72166,0.28914157921234956,0.28873490577584277,0.00040667343016520356,ConsentWaitPage,-2
1718904831.25,2.719097,0.28640986811509633,0.2856852274778998,0.000724640630910255,ConsentWaitPage,-2
1718904831.5,2.707564,0.27411770109027256,0.2824756567634028,-0.00835795567936759,ConsentWaitPage,-2
1718904831.75,2.70372,0.270020667357209,0.2791102828267605,-0.009089615475746944,ConsentWaitPage,-2
1718904832.0,2.705001,0.27138598999301927,0.275597459437227,-0.004211469450368708,ConsentWaitPage,-2
1718904832.25,2.696032,0.2618265998910818,0.2719497533124844,-0.010123153427536741,ConsentWaitPage,-2
1718904832.5,2.705001,0.27138598999301927,0.2681838271407974,0.003202162846106485,ConsentWaitPage,-2
1718904832.75,2.693469,0.2590948887938281,0.2643202567724773,-0.005225367984754014,ConsentWaitPage,-2
1718904833.0,2.705001,0.27138598999301927,0.26038328232068625,0.0110027076662308,ConsentWaitPage,-2
1718904833.25,2.699876,0.2659236336241454,0.2564004933230564,0.009523140294981946,ConsentWaitPage,-2
1718904833.5,2.688343,0.2536314665993216,0.25240244875799606,0.001229017835207341,ConsentWaitPage,-2
1718904833.75,2.687062,0.25226614396351127,0.24842223359794374,0.0038439103594327907,ConsentWaitPage,-2
1718904834.0,2.689625,0.25499785506076456,0.24449495470335672,0.010502900351252495,ConsentWaitPage,-2
1718904834.25,2.680655,0.24543739913319398,0.24065718017956883,0.004780218947446385,ConsentWaitPage,-2
1718904834.5,2.684499,0.24953443286625804,0.2369463277848297,0.01258810507522437,ConsentWaitPage,-2
1718904834.75,2.671685,0.2358769432056239,0.23340000953871198,0.002476933660681995,ConsentWaitPage,-2
1718904835.0,2.666559,0.23041352101111692,0.23005534127924365,0.00035817972561756704,ConsentWaitPage,-2
1718904835.25,2.66784,0.23177884364692725,0.2269482274928808,0.0048306161477662726,ConsentWaitPage,-2
1718904835.5,2.665278,0.2290481983753066,0.22411263322956557,0.004935565139439083,ConsentWaitPage,-2
1718904835.75,2.665278,0.2290481983753066,0.22157985625664803,0.0074683421123392085,ConsentWaitPage,-2
1718904836.0,2.665278,0.2290481983753066,0.21937781375193108,0.009670384617044793,ConsentWaitPage,-2
1718904836.25,2.661433,0.2249500988166104,0.21753035874657317,0.007419740063703105,ConsentWaitPage,-2
1718904836.5,2.656308,0.21948774244773653,0.21605664216057077,0.0034311002808378216,ConsentWaitPage,-2
1718904836.75,2.655026,0.21812135398629312,0.21497053657559154,0.003150817404391135,ConsentWaitPage,-2
1718904837.0,2.638368,0.20036683059259544,0.21428013780146,-0.013913307215144905,ConsentWaitPage,-2
1718904837.25,2.635805,0.19763511949534218,0.21398735975182437,-0.016352240262718795,ConsentWaitPage,-2
1718904837.5,2.649901,0.21265899761741924,0.21408763710245313,-0.0014286394912127196,ConsentWaitPage,-2
1718904837.75,2.655026,0.21812135398629312,0.21456974864199255,0.003551605338193542,ConsentWaitPage,-2
1718904838.0,2.656308,0.21948774244773653,0.21541577215799604,0.00407197028371851,ConsentWaitPage,-2
1718904838.25,2.646057,0.20856196388435566,0.21660117917991184,-0.008039215301481207,ConsentWaitPage,-2
1718904838.5,2.648619,0.2112926091559763,0.2180950749820483,-0.006802465831889846,ConsentWaitPage,-2
1718904838.75,2.63965,0.20173321905403885,0.2198605859742911,-0.01812736692595463,ConsentWaitPage,-2
1718904839.0,2.640931,0.20309854168984917,0.22185539299999457,-0.018756851315726263,ConsentWaitPage,-2
1718904839.25,2.642212,0.204463864325659,0.22403240514452222,-0.019568540824318997,ConsentWaitPage,-2
1718904839.5,2.63068,0.1921727631264683,0.22634056448600934,-0.03416780136487062,ConsentWaitPage,-2
1718904839.75,2.631961,0.19353808576227863,0.22872576788413726,-0.035187682127063025,ConsentWaitPage,-2
1718904840.0,2.63965,0.20173321905403885,0.2311318875393431,-0.029398668490386325,ConsentWaitPage,-2
1718904840.25,2.63965,0.20173321905403885,0.23350186784432295,-0.03176864879524851,ConsentWaitPage,-2
1718904840.5,2.661433,0.2249500988166104,0.23577887221507404,-0.010828773403316783,ConsentWaitPage,-2
1718904840.75,2.678092,0.24270568803594073,0.23790745038818303,0.004798237643008029,ConsentWaitPage,-2
1718904841.0,2.697313,0.26319192252689166,0.2398346943765058,0.02335722814573046,ConsentWaitPage,-2
1718904841.25,2.70372,0.270020667357209,0.2415113501373101,0.028509317215327394,ConsentWaitPage,-2
1718904841.5,2.708846,0.2754840895517155,0.24289285221209966,0.032591237335117165,ConsentWaitPage,-2
1718904841.75,2.71269,0.279581123284779,0.24394025023157404,0.035640873048768014,ConsentWaitPage,-2
1718904842.0,2.715253,0.28231283438203275,0.2446209992096721,0.037691835167974634,ConsentWaitPage,-2
1718904842.25,2.713971,0.28094644592058937,0.24490958983381095,0.03603685608243286,ConsentWaitPage,-2
1718904842.5,2.708846,0.2754840895517155,0.24478800026598646,0.030696089281413777,ConsentWaitPage,-2
1718904842.75,2.701157,0.26728895625995525,0.24424595701838406,0.023042999237276627,ConsentWaitPage,-2
1718904843.0,2.692187,0.25772850033238515,0.2432809989457557,0.014447501382346652,ConsentWaitPage,-2
1718904843.25,2.68578,0.2508997555020679,0.24189834498726812,0.009001410510520332,ConsentWaitPage,-2
1718904843.5,2.683217,0.2481680444048146,0.24011057269189204,0.008057471708638147,ConsentWaitPage,-2
1718904843.75,2.678092,0.24270568803594073,0.2379371205106851,0.004768567520957353,ConsentWaitPage,-2
1718904844.0,2.662715,0.22631648727805337,0.2354036321252132,-0.009087144851481908,ConsentWaitPage,-2
1718904844.25,2.658871,0.2222194535449898,0.23254116554733903,-0.010321712006705968,ConsentWaitPage,-2
1718904844.5,2.653745,0.2167560313504828,0.22938529326605273,-0.012629261919972965,ConsentWaitPage,-2
1718904844.75,2.652464,0.21539070871467297,0.2259751222740903,-0.010584413563878792,ConsentWaitPage,-2
1718904845.0,2.658871,0.2222194535449898,0.22235226437107963,-0.00013281083062185312,ConsentWaitPage,-2
1718904845.25,2.646057,0.20856196388435566,0.21855978774660897,-0.009997823866867844,ConsentWaitPage,-2
1718904845.5,2.646057,0.20856196388435566,0.21464118056434453,-0.006079216684697429,ConsentWaitPage,-2
1718904845.75,2.637087,0.1990015079567856,0.2106393561782458,-0.011637848226273173,ConsentWaitPage,-2
1718904846.0,2.635805,0.19763511949534218,0.20659572779187946,-0.008960608301463408,ConsentWaitPage,-2
1718904846.25,2.631961,0.19353808576227863,0.2025493778926834,-0.009011292135450759,ConsentWaitPage,-2
1718904846.5,2.626835,0.18807466356777164,0.19853634472475562,-0.010461681162153954,ConsentWaitPage,-2
1718904846.75,2.622991,0.18397762983470806,0.19458904448200845,-0.010611414652595512,ConsentWaitPage,-2
1718904847.0,2.615303,0.17578356236858092,0.19073584389119497,-0.014952281528032386,ConsentWaitPage,-2
1718904847.25,2.615303,0.17578356236858092,0.18700079349962878,-0.011217231136584637,ConsentWaitPage,-2
1718904847.5,2.607614,0.1675884290768207,0.1834035273783128,-0.015815098307140125,ConsentWaitPage,-2
1718904847.75,2.60377,0.16349139534375712,0.17995933019704805,-0.016467934859040807,ConsentWaitPage,-2
1718904848.0,2.606333,0.16622310644101038,0.17667936783194915,-0.010456261396779448,ConsentWaitPage,-2
1718904848.25,2.610177,0.17032014017407443,0.17357107294490376,-0.0032509327767484986,ConsentWaitPage,-2
1718904848.5,2.61274,0.1730518512713277,0.170638672452932,0.0024131788124112513,ConsentWaitPage,-2
1718904848.75,2.606333,0.16622310644101038,0.16788383960678785,-0.0016607331718133172,ConsentWaitPage,-2
1718904849.0,2.60377,0.16349139534375712,0.16530644963282948,-0.0018150542951455234,ConsentWaitPage,-2
1718904849.25,2.5948,0.15393093941618705,0.1629054146435971,-0.008974475233506774,ConsentWaitPage,-2
1718904849.5,2.597363,0.1566626505134403,0.16067957084262208,-0.004016920335288764,ConsentWaitPage,-2
1718904849.75,2.588393,0.14710219458586976,0.15862858896748755,-0.011526394387722252,ConsentWaitPage,-2
1718904850.0,2.590956,0.14983390568312302,0.15675387745681088,-0.006919971779777757,ConsentWaitPage,-2
1718904850.25,2.588393,0.14710219458586976,0.15505944702577784,-0.007957252445972339,ConsentWaitPage,-2
1718904850.5,2.584549,0.14300516085280618,0.15355270524039819,-0.01054754439362101,ConsentWaitPage,-2
1718904850.75,2.5948,0.15393093941618705,0.15224515035551092,0.0016857890546903053,ConsentWaitPage,-2
1718904851.0,2.61274,0.1730518512713277,0.1511529351965336,0.02189891606885746,ConsentWaitPage,-2
1718904851.25,2.610177,0.17032014017407443,0.150297274290152,0.020022865878038854,ConsentWaitPage,-2
1718904851.5,2.622991,0.18397762983470806,0.14970467083843106,0.03427295899044826,ConsentWaitPage,-2
1718904851.75,2.629398,0.19080637466502537,0.14940694449751055,0.04139943016174074,ConsentWaitPage,-2
1718904852.0,2.624273,0.1853440182961515,0.14944104621308496,0.03590297207734505,ConsentWaitPage,-2
1718904852.25,2.616584,0.17714888500439124,0.14984865244592505,0.027300232552793346,ConsentWaitPage,-2
1718904852.5,2.611459,0.17168652863551737,0.15067553777880124,0.021010990851086105,ConsentWaitPage,-2
1718904852.75,2.606333,0.16622310644101038,0.15197073185884757,0.014252374576568312,ConsentWaitPage,-2
1718904853.0,2.60377,0.16349139534375712,0.15378547359636707,0.009705921741822481,ConsentWaitPage,-2
1718904853.25,2.57686,0.13481002756104596,0.15617198222107487,-0.021361954665579358,ConsentWaitPage,-2
1718904853.5,2.606333,0.16622310644101038,0.1591820709390457,0.007041035496420385,ConsentWaitPage,-2
1718904853.75,2.5948,0.15393093941618705,0.16286563434837348,-0.008934694937736284,ConsentWaitPage,-2
1718904854.0,2.598644,0.15802797314925063,0.16726904533990355,-0.009241072196220862,ConsentWaitPage,-2
1718904854.25,2.631961,0.19353808576227863,0.17243350088145656,0.021104584875222786,ConsentWaitPage,-2
1718904854.5,2.615303,0.17578356236858092,0.17839335886137273,-0.002609796498435995,ConsentWaitPage,-2
1718904854.75,2.635805,0.19763511949534218,0.1851745100747451,0.01246060941489454,ConsentWaitPage,-2
1718904855.0,2.646057,0.20856196388435566,0.19279283049271614,0.01576913338586576,ConsentWaitPage,-2
1718904855.25,2.631961,0.19353808576227863,0.20125275915603777,-0.00771467339961621,ConsentWaitPage,-2
1718904855.5,2.670403,0.2345105547441805,0.21054604634207164,0.023964508396157262,ConsentWaitPage,-2
1718904855.75,2.663996,0.22768180991386366,0.22065071500826008,0.00703109489954736,ConsentWaitPage,-2
1718904856.0,2.658871,0.2222194535449898,0.2315302758405136,-0.009310822301692936,ConsentWaitPage,-2
1718904856.25,2.698594,0.26455724516270196,0.24313323245329527,0.021424012703118445,ConsentWaitPage,-2
1718904856.5,2.749851,0.3191882696308711,0.2553929083202821,0.06379536130417739,ConsentWaitPage,-2
1718904856.75,2.690906,0.25636317769657485,0.2682276207799683,-0.011864443089930711,ConsentWaitPage,-2
1718904857.0,2.596082,0.15529732787762998,0.2815412198687198,-0.1262438919977529,ConsentWaitPage,-2
1718904857.25,2.556358,0.1129584704342847,0.29522400067514687,-0.1822655302476489,ConsentWaitPage,-2
1718904857.5,2.561484,0.11842189262879169,0.3091539872968644,-0.1907320946749786,ConsentWaitPage,-2
1718904857.75,2.57686,0.13481002756104596,0.32319857438607213,-0.18838854683204387,ConsentWaitPage,-2
1718904858.0,2.752414,0.32191998072812433,0.33721649911520934,-0.015296518394203595,ConsentWaitPage,-2
1718904858.25,2.80367,0.37654993937066034,0.35106010304924323,0.025489836314212852,ConsentWaitPage,-2
1718904858.5,2.869022,0.44620377613527384,0.36457783109678266,0.08162594503122084,ConsentWaitPage,-2
1718904858.75,2.888243,0.4666900106262248,0.37761690471097836,0.08907310590793344,ConsentWaitPage,-2
1718904859.0,2.893368,0.47215236699509866,0.3900260998317847,0.0821262671559853,ConsentWaitPage,-2
1718904859.25,2.911308,0.4912732788502393,0.40165855721154436,0.08961472163138007,ConsentWaitPage,-2
1718904859.5,2.922841,0.5035654458750631,0.41237455372243753,0.0911908921453553,ConsentWaitPage,-2
1718904859.75,2.922841,0.5035654458750631,0.42204416757765323,0.08152127829021469,ConsentWaitPage,-2
1718904860.0,2.915152,0.4953703125833029,0.43054977744387274,0.06482053513233807,ConsentWaitPage,-2
1718904860.25,2.904901,0.4844445340199225,0.4377883444138349,0.04665618959912256,ConsentWaitPage,-2
1718904860.5,2.886961,0.4653236221647814,0.4436734359533291,0.02165018620463373,ConsentWaitPage,-2
1718904860.75,2.877991,0.4557631662372113,0.4481369614736187,0.007626204756935234,ConsentWaitPage,-2
1718904861.0,2.86774,0.44483738767383046,0.4511305994209067,-0.006293211753562233,ConsentWaitPage,-2
1718904861.25,2.860052,0.4366433202077033,0.45262690515376636,-0.015983584952372204,ConsentWaitPage,-2
1718904861.5,2.853645,0.4298145753773865,0.45262009698512334,-0.022805521613868743,ConsentWaitPage,-2
1718904861.75,2.847238,0.4229858305470692,0.4511265243460196,-0.028140693804909973,ConsentWaitPage,-2
1718904862.0,2.842112,0.41752240835256266,0.4481848269808725,-0.030662418634107586,ConsentWaitPage,-2
1718904862.25,2.833142,0.4079619524249921,0.44385579742886944,-0.035893845009529496,ConsentWaitPage,-2
1718904862.5,2.830579,0.4052302413277389,0.4382219609008013,-0.03299171957859091,ConsentWaitPage,-2
1718904862.75,2.821609,0.39566978540016834,0.4313868872148767,-0.03571710182014105,ConsentWaitPage,-2
1718904863.0,2.815202,0.3888410405698515,0.42347424895143804,-0.03463320838695725,ConsentWaitPage,-2
1718904863.25,2.81264,0.3861103952982309,0.4146266387042318,-0.02851624341134943,ConsentWaitPage,-2
1718904863.5,2.80367,0.37654993937066034,0.4050041565471059,-0.028454217181816822,ConsentWaitPage,-2
1718904863.75,2.799825,0.37245183981196367,0.3947827769123095,-0.022330937105789456,ConsentWaitPage,-2
1718904864.0,2.798544,0.3710865171761538,0.3841525023011307,-0.013065985130546263,ConsentWaitPage,-2
1718904864.25,2.793418,0.36562309498164686,0.37331530991739426,-0.007692214941498403,ConsentWaitPage,-2
1718904864.5,2.78573,0.3574290275155197,0.36248289670234524,-0.005053869192815037,ConsentWaitPage,-2
1718904864.75,2.789574,0.3615260612485833,0.3518742285920914,0.009651832650207942,ConsentWaitPage,-2
1718904865.0,2.788293,0.360160738612773,0.3417129013052622,0.018447837300878747,ConsentWaitPage,-2
1718904865.25,2.793418,0.36562309498164686,0.3322243227322587,0.033398772242358196,ConsentWaitPage,-2
1718904865.5,2.80367,0.37654993937066034,0.32363273110814494,0.05291720825504166,ConsentWaitPage,-2
1718904865.75,2.797263,0.3697211945403435,0.31615806860383916,0.05356312592854612,ConsentWaitPage,-2
1718904866.0,2.798544,0.3710865171761538,0.31001273666936485,0.061073780498311116,ConsentWaitPage,-2
1718904866.25,2.7947,0.36698948344309024,0.3053982672078028,0.06159121622626156,ConsentWaitPage,-2
1718904866.5,2.789574,0.3615260612485833,0.30250195213840503,0.05902410910058298,ConsentWaitPage,-2
1718904866.75,2.787011,0.35879435015133,0.3014934827124325,0.05730086742871911,ConsentWaitPage,-2
1718904867.0,2.781886,0.3533319937824561,0.30252165859213603,0.050810335179552704,ConsentWaitPage,-2
1718904867.25,2.775479,0.34650324895213885,0.3057112346646878,0.040792014276096404,ConsentWaitPage,-2
1718904867.5,2.775479,0.34650324895213885,0.3111599802962632,0.035343268643942695,ConsentWaitPage,-2
1718904867.75,2.76779,0.33830811566037905,0.31893603070400184,0.01937208494388193,ConsentWaitPage,-2
1718904868.0,2.763946,0.334211081927315,0.32907561283457476,0.005135469079705322,ConsentWaitPage,-2
1718904868.25,2.765228,0.33557747038875846,0.34158122814009423,-0.006003757764881278,ConsentWaitPage,-2
1718904868.5,2.761383,0.3314793708300618,0.35642037156086265,-0.024941000744822424,ConsentWaitPage,-2
1718904868.75,2.757539,0.3273823370969982,0.3735248595780842,-0.04614252249554415,ConsentWaitPage,-2
1718904869.0,2.751132,0.3205535922666814,0.39279083021658684,-0.07223723796475663,ConsentWaitPage,-2
1718904869.25,2.747288,0.3164565585336178,0.4140794643135623,-0.09762290579514113,ConsentWaitPage,-2
1718904869.5,2.748569,0.31782188116942767,0.4372184603262741,-0.11939657917233792,ConsentWaitPage,-2
1718904869.75,2.753695,0.32328530336393463,0.4620042747008118,-0.13871897135261083,ConsentWaitPage,-2
1718904870.0,2.769072,0.33967450412182204,0.4882051168294966,-0.14853061272359636,ConsentWaitPage,-2
1718904870.25,2.7947,0.36698948344309024,0.515564662559205,-0.14857517913216972,ConsentWaitPage,-2
1718904870.5,2.819047,0.3929391401285477,0.5438064239566729,-0.150867283844258,ConsentWaitPage,-2
1718904870.75,2.833142,0.4079619524249921,0.5726386866555545,-0.16467673424671744,ConsentWaitPage,-2
1718904871.0,2.8498,0.4257164758186898,0.6017599008172042,-0.17604342501463707,ConsentWaitPage,-2
1718904871.25,2.90362,0.48307921138411214,0.6308643888517949,-0.14778517748372055,ConsentWaitPage,-2
1718904871.5,3.009976,0.5964361624022477,0.6596482139597474,-0.06321205157340296,ConsentWaitPage,-2
1718904871.75,3.157338,0.753498359325172,0.6878150397014338,0.06568331960801446,ConsentWaitPage,-2
1718904872.0,3.308545,0.9146586558067924,0.7150818036069622,0.19957685218432472,ConsentWaitPage,-2
1718904872.25,3.426434,1.0403077738497517,0.7411840285623058,0.29912374527218827,ConsentWaitPage,-2
1718904872.5,3.491373,1.109521424627956,0.7658806052235121,0.3436408193894527,ConsentWaitPage,-2
1718904872.75,3.501624,1.120447203191337,0.7889578972194728,0.33148930595714554,ConsentWaitPage,-2
1718904873.0,3.484966,1.1026926797976393,0.8102330477429659,0.2924596320402219,ConsentWaitPage,-2
1718904873.25,3.442679,1.0576221112570408,0.8295563997490917,0.2280657114937484,ConsentWaitPage,-2
1718904873.5,3.390141,1.0016257641530613,0.846812980116914,0.15481278402217158,ConsentWaitPage,-2
1718904873.75,3.336322,0.9442640944132721,0.8619230381207079,0.0823410562787798,ConsentWaitPage,-2
1718904874.0,3.28891,0.8937311695037996,0.8748416676870746,0.018889501803090236,ConsentWaitPage,-2
1718904874.25,3.254312,0.8568557342549613,0.8855575787180521,-0.028701844476624883,ConsentWaitPage,-2
1718904874.5,3.21587,0.815883265273059,0.8940911132307291,-0.07820784797115807,ConsentWaitPage,-2
1718904874.75,3.187679,0.785836574854538,0.900491625760075,-0.11465505091903665,ConsentWaitPage,-2
1718904875.0,3.168458,0.7653503403635871,0.9048343635443826,-0.13948402319436579,ConsentWaitPage,-2
1718904875.25,3.153081,0.7489611396056992,0.9072169901699183,-0.1582558505779184,ConsentWaitPage,-2
1718904875.5,3.136423,0.731206616212002,0.90775589679424,-0.1765492805961227,ConsentWaitPage,-2
1718904875.75,3.123609,0.7175491265513678,0.9065824384150184,-0.1890333118777734,ConsentWaitPage,-2
1718904876.0,3.104388,0.6970628920604169,0.9038392198626805,-0.2067763278166719,ConsentWaitPage,-2
1718904876.25,3.10695,0.6997935373320371,0.8996765384999742,-0.19988300118267188,ConsentWaitPage,-2
1718904876.5,3.153081,0.7489611396056992,0.8942490694494145,-0.14528792985880928,ConsentWaitPage,-2
1718904876.75,3.228684,0.8295407549336931,0.8877128561400277,-0.058172101221813266,ConsentWaitPage,-2
1718904877.0,3.313257,0.9196808261892576,0.8802226457608038,0.039458180412572375,ConsentWaitPage,-2
1718904877.25,3.347855,0.9565562614380959,0.871929587499701,0.08462667392210096,ConsentWaitPage,-2
1718904877.5,3.368358,0.9784088843904902,0.8629792927008,0.11542959167298183,ConsentWaitPage,-2
1718904877.75,3.383734,0.9947970193227444,0.8535102413477409,0.14128677795788586,ConsentWaitPage,-2
1718904878.0,3.359388,0.9688484284629196,0.8436525090835191,0.12519591936188623,ConsentWaitPage,-2
1718904878.25,3.310694,0.9169491150920038,0.83352678322889,0.08342233184522249,ConsentWaitPage,-2
1718904878.5,3.273533,0.8773419687459123,0.8232436344023913,0.05409833432527862,ConsentWaitPage,-2
1718904878.75,3.241498,0.8431982445943272,0.8129030114959984,0.030295233079768308,ConsentWaitPage,-2
1718904879.0,3.217151,0.8172485879088693,0.8025939309179038,0.014654656972125826,ConsentWaitPage,-2
1718904879.25,3.19793,0.7967623534179183,0.7923943352229619,0.004368018175881699,ConsentWaitPage,-2
1718904879.5,3.182553,0.7803731526600309,0.7823711007275092,-0.0019979480867404614,ConsentWaitPage,-2
1718904879.75,3.160769,0.7571552070718268,0.7725801778828248,-0.015424970830398968,ConsentWaitPage,-2
1718904880.0,3.149237,0.7448641058726356,0.7630668517002698,-0.018202745847125,ConsentWaitPage,-2
1718904880.25,3.136423,0.731206616212002,0.753866112185357,-0.022659495992889175,ConsentWaitPage,-2
1718904880.5,3.126171,0.720279771822988,0.7450031264759623,-0.02472335467250819,ConsentWaitPage,-2
1718904880.75,3.126171,0.720279771822988,0.7364938052147798,-0.01621403341128557,ConsentWaitPage,-2
1718904881.0,3.119764,0.7134510269926712,0.7283454557145964,-0.01489442874134339,ConsentWaitPage,-2
1718904881.25,3.117202,0.7107203817210506,0.720557513845646,-0.009837132143907076,ConsentWaitPage,-2
1718904881.5,3.112076,0.7052569595265441,0.7131223454634406,-0.007865385956074927,ConsentWaitPage,-2
1718904881.75,3.105669,0.6984282146962267,0.7060261067817843,-0.007597892104581176,ConsentWaitPage,-2
1718904882.0,3.100543,0.6929647925017203,0.699249651540681,-0.006284859057811847,ConsentWaitPage,-2
1718904882.25,3.083885,0.6752102691080225,0.6927694712572278,-0.017559202167871428,ConsentWaitPage,-2
1718904882.5,3.078759,0.6697468469135156,0.6865586533883064,-0.016811806493263203,ConsentWaitPage,-2
1718904882.75,3.071071,0.6615527794473884,0.6805878409695378,-0.019035061540421498,ConsentWaitPage,-2
1718904883.0,3.073634,0.6642844905446422,0.6748261763166694,-0.01054168579009373,ConsentWaitPage,-2
1718904883.25,3.077478,0.6683815242777057,0.6692422107871918,-0.0008606865273434478,ConsentWaitPage,-2
1718904883.5,3.08901,0.6806726254768964,0.6638047625237697,0.01686786293548126,ConsentWaitPage,-2
1718904883.75,3.091573,0.6834043365741497,0.6584837046666026,0.0249206318901144,ConsentWaitPage,-2
1718904884.0,3.095417,0.6875013703072133,0.6532506678392144,0.03425070245077874,ConsentWaitPage,-2
1718904884.25,3.08901,0.6806726254768964,0.648079642837843,0.032592982622044755,ConsentWaitPage,-2
1718904884.5,3.077478,0.6683815242777057,0.6429474723632955,0.025434051897611165,ConsentWaitPage,-2
1718904884.75,3.073634,0.6642844905446422,0.6378342242086761,0.026450266319374454,ConsentWaitPage,-2
1718904885.0,3.059538,0.6492606124225646,0.632723442360142,0.016537170046035672,ConsentWaitPage,-2
1718904885.25,3.048006,0.636969511223374,0.6276022767347792,0.009367234472409159,ConsentWaitPage,-2
1718904885.5,3.044161,0.6328714116646773,0.622461496509988,0.01040991513870009,ConsentWaitPage,-2
1718904885.75,3.027503,0.6151168882709795,0.6172953959488547,-0.0021785076936738524,ConsentWaitPage,-2
1718904886.0,3.021096,0.6082881434406627,0.6121016050883215,-0.0038134616632745384,ConsentWaitPage,-2
1718904886.25,3.018533,0.6055564323434095,0.6068808204703215,-0.0013243881423546052,ConsentWaitPage,-2
1718904886.5,3.02494,0.6123851771737263,0.6016364731485948,0.010748704009850592,ConsentWaitPage,-2
1718904886.75,2.999312,0.5850701978524586,0.5963743524302635,-0.011304154592937014,ConsentWaitPage,-2
1718904887.0,2.973684,0.5577552185311904,0.5911022041824964,-0.03334698566630269,ConsentWaitPage,-2
1718904887.25,2.973684,0.5577552185311904,0.5858293220453815,-0.028074103529064497,ConsentWaitPage,-2
1718904887.5,2.972402,0.5563888300697474,0.5805661485581618,-0.024177318503175216,ConsentWaitPage,-2
1718904887.75,2.963433,0.54682943996781,0.5753239010812528,-0.028494461128100022,ConsentWaitPage,-2
1718904888.0,2.958307,0.541366017773303,0.5701142345967873,-0.028748216838046296,ConsentWaitPage,-2
1718904888.25,2.959588,0.5427313404091133,0.5649489501779495,-0.022217609783309524,ConsentWaitPage,-2
1718904888.5,2.963433,0.54682943996781,0.5598397543599103,-0.013010314406490142,ConsentWaitPage,-2
1718904888.75,2.972402,0.5563888300697474,0.5547980710685161,0.0015907589869223679,ConsentWaitPage,-2
1718904889.0,2.976247,0.5604869296284436,0.5498349044085079,0.010652025205708227,ConsentWaitPage,-2
1718904889.25,2.96984,0.5536581847981268,0.5449607476977552,0.008697437086228946,ConsentWaitPage,-2
1718904889.5,2.972402,0.5563888300697474,0.5401855318256651,0.016203298230029962,ConsentWaitPage,-2
1718904889.75,2.972402,0.5563888300697474,0.5355186044106687,0.020870225645124644,ConsentWaitPage,-2
1718904890.0,2.963433,0.54682943996781,0.5309687303550549,0.01586070959890922,ConsentWaitPage,-2
1718904890.25,2.954463,0.5372689840402394,0.52654410419966,0.010724879826854135,ConsentWaitPage,-2
1718904890.5,2.948056,0.5304402392099221,0.5222523650701067,0.008187874126226053,ConsentWaitPage,-2
1718904890.75,2.939086,0.5208797832823521,0.5181006058531586,0.002779177415757478,ConsentWaitPage,-2
1718904891.0,2.932679,0.5140510384520347,0.5140953694077185,-4.433096894707056e-05,ConsentWaitPage,-2
1718904891.25,2.930116,0.5113193273547815,0.5102426259707317,0.0010767013709790853,ConsentWaitPage,-2
1718904891.5,2.923709,0.5044905825244647,0.5065477273596226,-0.002057144848016614,ConsentWaitPage,-2
1718904891.75,2.91602,0.4962954492327044,0.5030153350275947,-0.006719885807518301,ConsentWaitPage,-2
1718904892.0,2.91602,0.4962954492327044,0.49964932045422006,-0.00335387123389553,ConsentWaitPage,-2
1718904892.25,2.910895,0.49083309286383053,0.4964526377343146,-0.0056195448825988635,ConsentWaitPage,-2
1718904892.5,2.926685,0.5076624796081267,0.49342716956628047,0.014235310030011938,ConsentWaitPage,-2
1718904892.75,2.917715,0.4981020236805561,0.4905735491551065,0.007528474513910031,ConsentWaitPage,-2
1718904893.0,2.917715,0.4981020236805561,0.4878909618588715,0.01021106181045226,ConsentWaitPage,-2
1718904893.25,2.91259,0.49263966731168224,0.4853769317343751,0.007262735566392644,ConsentWaitPage,-2
1718904893.5,2.907464,0.4871762451171757,0.4830270994644575,0.004149145642130565,ConsentWaitPage,-2
1718904893.75,2.90362,0.48307921138411214,0.48083499943236696,0.0022442119414910217,ConsentWaitPage,-2
1718904894.0,2.899775,0.4789811118254155,0.4787918448813969,0.00018926693410217755,ConsentWaitPage,-2
1718904894.25,2.898494,0.4776157891896052,0.47688633109076706,0.0007294580892619027,ConsentWaitPage,-2
1718904894.5,2.895931,0.47488407809235195,0.4751044672510755,-0.000220389167959353,ConsentWaitPage,-2
1718904894.75,2.897213,0.4762504665537949,0.4734294481908317,0.002821018354066537,ConsentWaitPage,-2
1718904895.0,2.902338,0.48171282292266876,0.47184157726213455,0.009871245651973327,ConsentWaitPage,-2
1718904895.25,2.89465,0.4735187554565416,0.4703182515219973,0.003200503926312733,ConsentWaitPage,-2
1718904895.5,2.889524,0.4680553332620351,0.468834019832182,-0.0007786865780583627,ConsentWaitPage,-2
1718904895.75,2.880554,0.45849487733446453,0.46736072362487147,-0.008865846298010994,ConsentWaitPage,-2
1718904896.0,2.872866,0.4503008098683374,0.46586772881577704,-0.015566918954753081,ConsentWaitPage,-2
1718904896.25,2.880554,0.45849487733446453,0.464322255661997,-0.0058273783345764996,ConsentWaitPage,-2
1718904896.5,2.879273,0.45712955469865424,0.46268981124796327,-0.005560256556108867,ConsentWaitPage,-2
1718904896.75,2.877991,0.4557631662372113,0.4609347267597991,-0.005171560529172661,ConsentWaitPage,-2
1718904897.0,2.869022,0.44620377613527384,0.45902079882946506,-0.012817022700593683,ConsentWaitPage,-2
1718904897.25,2.86774,0.44483738767383046,0.45691203106718303,-0.012074643399607675,ConsentWaitPage,-2
1718904897.5,2.86774,0.44483738767383046,0.45457346852937575,-0.009736080861689426,ConsentWaitPage,-2
1718904897.75,2.857489,0.43391160911045007,0.45197211436431806,-0.01806050525993848,ConsentWaitPage,-2
1718904898.0,2.857489,0.43391160911045007,0.4490779143184889,-0.01516630521407276,ConsentWaitPage,-2
1718904898.25,2.857489,0.43391160911045007,0.4458647912652357,-0.01195318216081942,ConsentWaitPage,-2
1718904898.5,2.853645,0.4298145753773865,0.4423117085405311,-0.012497133169213739,ConsentWaitPage,-2
1718904898.75,2.854926,0.43117989801319634,0.43840373775777813,-0.007223839750720417,ConsentWaitPage,-2
1718904899.0,2.851082,0.42708286428013276,0.4341331040518946,-0.007050239778002444,ConsentWaitPage,-2
1718904899.25,2.844675,0.42025411944981594,0.429500179498769,-0.009246060055325632,ConsentWaitPage,-2
1718904899.5,2.844675,0.42025411944981594,0.42451439388669915,-0.004260274443414827,ConsentWaitPage,-2
1718904899.75,2.844675,0.42025411944981594,0.4191950311839095,0.0010590882591919259,ConsentWaitPage,-2
1718904900.0,2.845956,0.42161944208562624,0.413571880037447,0.008047562041261256,ConsentWaitPage,-2
1718904900.25,2.851082,0.42708286428013276,0.4076857075248391,0.019397156748154763,ConsentWaitPage,-2
1718904900.5,2.85877,0.43527693174625987,0.40158852721148786,0.03368840452739755,ConsentWaitPage,-2
1718904900.75,2.815202,0.3888410405698515,0.3953436353614768,-0.006502594799247502,ConsentWaitPage,-2
1718904901.0,2.808795,0.3820122957395342,0.3890253928769998,-0.007013097145345933,ConsentWaitPage,-2
1718904901.25,2.795981,0.3683548060789001,0.3827187351200705,-0.0143639290493172,ConsentWaitPage,-2
1718904901.5,2.815202,0.3888410405698515,0.3765183970877576,0.012322643473674039,ConsentWaitPage,-2
1718904901.75,2.824172,0.39840149649742157,0.3705278473702514,0.02787364911847201,ConsentWaitPage,-2
1718904902.0,2.824172,0.39840149649742157,0.36485793086670404,0.03354356562173759,ConsentWaitPage,-2
1718904902.25,2.817765,0.39157275166710476,0.3596252273492325,0.03194752430860875,ConsentWaitPage,-2
1718904902.5,2.808795,0.3820122957395342,0.35495014061760954,0.027062155112378396,ConsentWaitPage,-2
1718904902.75,2.807514,0.3806469731037239,0.3509547410763598,0.029692232017539184,ConsentWaitPage,-2
1718904903.0,2.802388,0.3751835509092174,0.3477603929102531,0.027423157988868473,ConsentWaitPage,-2
1718904903.25,2.804951,0.37791526200647063,0.34548520539046806,0.03243005660564805,ConsentWaitPage,-2
1718904903.5,2.804951,0.37791526200647063,0.34424135594139166,0.03367390605448261,ConsentWaitPage,-2
1718904903.75,2.807514,0.3806469731037239,0.3441323401611051,0.036514632931801926,ConsentWaitPage,-2
1718904904.0,2.797263,0.3697211945403435,0.3452502107403392,0.024470983788992057,ConsentWaitPage,-2
1718904904.25,2.793418,0.36562309498164686,0.34767287288289034,0.017950222087577006,ConsentWaitPage,-2
1718904904.5,2.797263,0.3697211945403435,0.3514615081050952,0.018259686423931616,ConsentWaitPage,-2
1718904904.75,2.788293,0.360160738612773,0.3566582008928377,0.00350253770851224,ConsentWaitPage,-2
1718904905.0,2.781886,0.3533319937824561,0.36328384334945696,-0.009951849578499733,ConsentWaitPage,-2
1718904905.25,2.787011,0.35879435015133,0.37133639144303443,-0.012542041303250526,ConsentWaitPage,-2
1718904905.5,2.795981,0.3683548060789001,0.38078954257835546,-0.012434736511022785,ConsentWaitPage,-2
1718904905.75,2.793418,0.36562309498164686,0.39159189786662857,-0.02596880289654839,ConsentWaitPage,-2
1718904906.0,2.7947,0.36698948344309024,0.40366666360906206,-0.036677180177520266,ConsentWaitPage,-2
1718904906.25,2.790856,0.3628924497100262,0.41691193518700503,-0.05401948548849592,ConsentWaitPage,-2
1718904906.5,2.793418,0.36562309498164686,0.4312015928690244,-0.06557849789885438,ConsentWaitPage,-2
1718904906.75,2.795981,0.3683548060789001,0.4463868231829162,-0.07803201711544792,ConsentWaitPage,-2
1718904907.0,2.792137,0.3642577723458365,0.4622982617232466,-0.09804048938879549,ConsentWaitPage,-2
1718904907.25,2.792137,0.3642577723458365,0.4787487339433539,-0.1144909616088577,ConsentWaitPage,-2
1718904907.5,2.789574,0.3615260612485833,0.49553655010669184,-0.13401048886940703,ConsentWaitPage,-2
1718904907.75,2.789574,0.3615260612485833,0.5124492897692785,-0.15092322853195636,ConsentWaitPage,-2
1718904908.0,2.795981,0.3683548060789001,0.529267990697449,-0.16091318462977866,ConsentWaitPage,-2
1718904908.25,2.834424,0.40932834088643505,0.5457716379088526,-0.13644329703362273,ConsentWaitPage,-2
1718904908.5,2.920278,0.5008337347778098,0.5617418316286312,-0.06090809686200907,ConsentWaitPage,-2
1718904908.75,3.030479,0.618288785354642,0.5769674995759373,0.04132128576752794,ConsentWaitPage,-2
1718904909.0,3.127866,0.7220863462708402,0.5912495103922469,0.1308368358674217,ConsentWaitPage,-2
1718904909.25,3.211158,0.8108610948905943,0.6044050423512567,0.20645605252816662,ConsentWaitPage,-2
1718904909.5,3.257288,0.8600276313386234,0.6162715656001718,0.2437560657272773,ConsentWaitPage,-2
1718904909.75,3.245756,0.8477365301394326,0.6267103073950808,0.22102622273317069,ConsentWaitPage,-2
1718904910.0,3.239349,0.8409077853091154,0.6356090877624417,0.20529869753548247,ConsentWaitPage,-2
1718904910.25,3.202188,0.8013006389630237,0.6428844367306482,0.15841620222117123,ConsentWaitPage,-2
1718904910.5,3.165027,0.7616934926169318,0.6484829321909118,0.11321056041479888,ConsentWaitPage,-2
1718904910.75,3.129148,0.7234527347322831,0.652381727732988,0.07107100698805152,ConsentWaitPage,-2
1718904911.0,3.099675,0.6920396558523186,0.654588270581747,0.03745138525929825,ConsentWaitPage,-2
1718904911.25,3.071484,0.6619929654337972,0.6551392393169636,0.006853726105521776,ConsentWaitPage,-2
1718904911.5,3.052263,0.6415067309428463,0.6540987579617911,-0.012592027030303724,ConsentWaitPage,-2
1718904911.75,3.03176,0.619654107990452,0.6515559661939997,-0.03190185821496247,ConsentWaitPage,-2
1718904912.0,3.016384,0.6032659730581976,0.6476220441375632,-0.04435607109084472,ConsentWaitPage,-2
1718904912.25,3.004851,0.5909738060333738,0.6424268040171174,-0.0514529979952964,ConsentWaitPage,-2
1718904912.5,3.001007,0.5868767723003103,0.6361149697585997,-0.049238197469926775,ConsentWaitPage,-2
1718904912.75,2.97666,0.5609271156148523,0.628842269465725,-0.06791515386260781,ConsentWaitPage,-2
1718904913.0,2.954876,0.5377091700266482,0.6207714648292509,-0.08306229481445121,ConsentWaitPage,-2
1718904913.25,2.935655,0.5172229355356972,0.6120684362928058,-0.0948455007690865,ConsentWaitPage,-2
1718904913.5,2.924122,0.5049307685108734,0.6028984336597829,-0.09796766516103221,ConsentWaitPage,-2
1718904913.75,2.920278,0.5008337347778098,0.593422589324395,-0.09258885455886516,ConsentWaitPage,-2
1718904914.0,2.918997,0.49946841214199955,0.5837947760863921,-0.08432636395683789,ConsentWaitPage,-2
1718904914.25,2.916434,0.49673670104474626,0.5741588742985086,-0.0774221732663752,ConsentWaitPage,-2
1718904914.5,2.929248,0.51039419070538,0.5646464947059311,-0.05425230401332762,ConsentWaitPage,-2
1718904914.75,2.942062,0.524051680366014,0.555375184604837,-0.03132350425175326,ConsentWaitPage,-2
1718904915.0,2.94078,0.5226852919045711,0.5464471266885713,-0.02376183479706867,ConsentWaitPage,-2
1718904915.25,2.944625,0.5267833914632672,0.5379483229132827,-0.011164931463201216,ConsentWaitPage,-2
1718904915.5,2.966408,0.5500002712258388,0.5299482405387624,0.02005203067379844,ConsentWaitPage,-2
1718904915.75,2.961283,0.544537914856965,0.5224998846862325,0.022038030157390434,ConsentWaitPage,-2
1718904916.0,2.986911,0.5718528941782333,0.5156402516543331,0.05621264251052338,ConsentWaitPage,-2
1718904916.25,2.990755,0.5759499279112967,0.5093911100464457,0.06655881785146811,ConsentWaitPage,-2
1718904916.5,2.986911,0.5718528941782333,0.503760052529993,0.06809284163487689,ConsentWaitPage,-2
1718904916.75,2.980504,0.5650241493479159,0.49874175965348566,0.06628238968110814,ConsentWaitPage,-2
1718904917.0,2.96769,0.5513666596872823,0.4943194183111869,0.057047241362831735,ConsentWaitPage,-2
1718904917.25,2.934373,0.5158565470742538,0.4904662407475659,0.025390306313495745,ConsentWaitPage,-2
1718904917.5,2.91259,0.49263966731168224,0.48714703491390277,0.0054926323846667124,ConsentWaitPage,-2
1718904917.75,2.913871,0.49400498994749253,0.484319782971068,0.009685206963394602,ConsentWaitPage,-2
1718904918.0,2.91259,0.49263966731168224,0.4819371912546616,0.01070247604407272,ConsentWaitPage,-2
1718904918.25,2.926685,0.5076624796081267,0.47994818165647307,0.027714297938783237,ConsentWaitPage,-2
1718904918.5,2.931811,0.5131259018026336,0.4782993008266711,0.03482660096316144,ConsentWaitPage,-2
1718904918.75,2.907464,0.4871762451171757,0.4769360296617239,0.010240215442708422,ConsentWaitPage,-2
1718904919.0,2.848519,0.4243511531828795,0.4758039810576065,-0.051452827887427124,ConsentWaitPage,-2
1718904919.25,2.8498,0.4257164758186898,0.4748499787207938,-0.04913350291477663,ConsentWaitPage,-2
1718904919.5,2.881836,0.45986126579590747,0.4740230137888497,-0.014161748005603318,ConsentWaitPage,-2
1718904919.75,2.881836,0.45986126579590747,0.4732750790268865,-0.013413813243642745,ConsentWaitPage,-2
1718904920.0,2.881836,0.45986126579590747,0.4725618824693321,-0.012700616686102293,ConsentWaitPage,-2
1718904920.25,2.892087,0.47078704435928836,0.47184344373262216,-0.001056399386032459,ConsentWaitPage,-2
1718904920.5,2.907464,0.4871762451171757,0.4710845770638365,0.0160916680406175,ConsentWaitPage,-2
1718904920.75,2.908745,0.488541567752986,0.4702552657265754,0.018286302013667807,ConsentWaitPage,-2
1718904921.0,2.906183,0.4858109224813654,0.46933093270710774,0.016479989761498316,ConsentWaitPage,-2
1718904921.25,2.898494,0.4776157891896052,0.46829261302145775,0.009323176155377583,ConsentWaitPage,-2
1718904921.5,2.842112,0.41752240835256266,0.46712703311183223,-0.049604624772042846,ConsentWaitPage,-2
1718904921.75,2.843393,0.4188877309883725,0.465826602872907,-0.046938871897303766,ConsentWaitPage,-2
1718904922.0,2.87671,0.454397843601401,0.46438932566285324,-0.0099914820742091,ConsentWaitPage,-2
1718904922.25,2.877991,0.4557631662372113,0.4628186311984839,-0.007055464974007282,ConsentWaitPage,-2
1718904922.5,2.889524,0.4680553332620351,0.46112313558016843,0.006932197669166369,ConsentWaitPage,-2
1718904922.75,2.892087,0.47078704435928836,0.45931633201228317,0.01147071233435415,ConsentWaitPage,-2
1718904923.0,2.890805,0.46942065589784493,0.45741621528581505,0.01200444059944496,ConsentWaitPage,-2
1718904923.25,2.889524,0.4680553332620351,0.4554448429329222,0.01261049031661278,ConsentWaitPage,-2
1718904923.5,2.886961,0.4653236221647814,0.45342783622280913,0.011895785929576694,ConsentWaitPage,-2
1718904923.75,2.881836,0.45986126579590747,0.45139382483498053,0.008467440948655104,ConsentWaitPage,-2
1718904924.0,2.877991,0.4557631662372113,0.44937384005422504,0.006389326170856148,ConsentWaitPage,-2
1718904924.25,2.874147,0.4516661325041473,0.447400662587409,0.00426546990476598,ConsentWaitPage,-2
1718904924.5,2.874147,0.4516661325041473,0.44550813250361265,0.006157999988734634,ConsentWaitPage,-2
1718904924.75,2.87671,0.454397843601401,0.44373043025082304,0.01066741333896274,ConsentWaitPage,-2
1718904925.0,2.872866,0.4503008098683374,0.44210133912178945,0.008199470735127065,ConsentWaitPage,-2
1718904925.25,2.869022,0.44620377613527384,0.4406535008583818,0.005550275265672305,ConsentWaitPage,-2
1718904925.5,2.870303,0.4475690987710837,0.43941767723303465,0.008151421527034188,ConsentWaitPage,-2
1718904925.75,2.866459,0.4434720650380201,0.43842203136117974,0.005050033666031283,ConsentWaitPage,-2
1718904926.0,2.865177,0.4421056765765772,0.43769144310987734,0.004414233456093462,ConsentWaitPage,-2
1718904926.25,2.856208,0.4325462864746397,0.43724687320477706,-0.004700586740548316,ConsentWaitPage,-2
1718904926.5,2.854926,0.43117989801319634,0.4371047904345119,-0.005924892431543108,ConsentWaitPage,-2
1718904926.75,2.851082,0.42708286428013276,0.43727667565342526,-0.010193811383353174,ConsentWaitPage,-2
1718904927.0,2.843393,0.4188877309883725,0.4377686150526981,-0.018880884074239636,ConsentWaitPage,-2
1718904927.25,2.839549,0.4147906972553089,0.4385809933962318,-0.02379029615071328,ConsentWaitPage,-2
1718904927.5,2.836986,0.4120589861580557,0.4397082956266174,-0.027649309478253586,ConsentWaitPage,-2
1718904927.75,2.815202,0.3888410405698515,0.4411390225060252,-0.05229798194579395,ConsentWaitPage,-2
1718904928.0,2.86774,0.44483738767383046,0.44285572288271313,0.0019816647815403925,ConsentWaitPage,-2
1718904928.25,2.874147,0.4516661325041473,0.4448351419339363,0.0068309905606497336,ConsentWaitPage,-2
1718904928.5,2.880554,0.45849487733446453,0.44704848154373,0.01144639578116264,ConsentWaitPage,-2
1718904928.75,2.884398,0.4625919110675281,0.4494617660578259,0.013130145000095126,ConsentWaitPage,-2
1718904929.0,2.879273,0.45712955469865424,0.45203630420846747,0.00509325048052218,ConsentWaitPage,-2
1718904929.25,2.888243,0.4666900106262248,0.45472923612496147,0.011960774491521463,ConsentWaitPage,-2
1718904929.5,2.88568,0.46395829952897105,0.45749415305332813,0.00646414646580723,ConsentWaitPage,-2
1718904929.75,2.886961,0.4653236221647814,0.46028177664678854,0.005041845508050211,ConsentWaitPage,-2
1718904930.0,2.889524,0.4680553332620351,0.4630406843767207,0.005014648875255158,ConsentWaitPage,-2
1718904930.25,2.895931,0.47488407809235195,0.46571806766666923,0.009166010415501726,ConsentWaitPage,-2
1718904930.5,2.892087,0.47078704435928836,0.46826050969227107,0.002526534656713472,ConsentWaitPage,-2
1718904930.75,2.899775,0.4789811118254155,0.47061477034854593,0.008366341466446015,ConsentWaitPage,-2
1718904931.0,2.897213,0.4762504665537949,0.4727285666009927,0.0035218999422668203,ConsentWaitPage,-2
1718904931.25,2.881836,0.45986126579590747,0.4745513372506646,-0.014690071465391766,ConsentWaitPage,-2
1718904931.5,2.906183,0.4858109224813654,0.4760349820017269,0.009775940468921548,ConsentWaitPage,-2
1718904931.75,2.901057,0.4803475002868589,0.47713456557654765,0.0032129346995333104,ConsentWaitPage,-2
1718904932.0,2.90362,0.48307921138411214,0.47780897844645726,0.005270232926841465,ConsentWaitPage,-2
1718904932.25,2.899775,0.4789811118254155,0.47802154652042217,0.0009595652941735032,ConsentWaitPage,-2
1718904932.5,2.895931,0.47488407809235195,0.4777405828504909,-0.002856504768933163,ConsentWaitPage,-2
1718904932.75,2.888243,0.4666900106262248,0.4769398750580951,-0.010249864442605405,ConsentWaitPage,-2
1718904933.0,2.886961,0.4653236221647814,0.4755991027379302,-0.010275480583790568,ConsentWaitPage,-2
1718904933.25,2.884398,0.4625919110675281,0.4737041795394049,-0.011112268482390754,ConsentWaitPage,-2
1718904933.5,2.883117,0.4612265884317178,0.47124751496301875,-0.010020926541653315,ConsentWaitPage,-2
1718904933.75,2.884398,0.4625919110675281,0.46822819117378967,-0.005636280116420721,ConsentWaitPage,-2
1718904934.0,2.881836,0.45986126579590747,0.46465205038791907,-0.004790784601948914,ConsentWaitPage,-2
1718904934.25,2.879273,0.45712955469865424,0.4605316887127209,-0.0034021340237567078,ConsentWaitPage,-2
1718904934.5,2.880554,0.45849487733446453,0.4558863527985152,0.0026085245265280374,ConsentWaitPage,-2
1718904934.75,2.87671,0.454397843601401,0.45074173637184617,0.0036561072204196014,ConsentWaitPage,-2
1718904935.0,2.869022,0.44620377613527384,0.4451296747229721,0.0010741014034657296,ConsentWaitPage,-2
1718904935.25,2.866459,0.4434720650380201,0.43908773655746514,0.0043843284720269035,ConsentWaitPage,-2
1718904935.5,2.863896,0.4407403539407669,0.43265871431042097,0.008081639622129908,ConsentWaitPage,-2
1718904935.75,2.863896,0.4407403539407669,0.42589001606044813,0.014850337872414134,ConsentWaitPage,-2
1718904936.0,2.857489,0.43391160911045007,0.41883296455052543,0.015078644552325876,ConsentWaitPage,-2
1718904936.25,2.854926,0.43117989801319634,0.4115420114886689,0.019637886517224454,ConsentWaitPage,-2
1718904936.5,2.856208,0.4325462864746397,0.40407387820633117,0.02847240826128701,ConsentWaitPage,-2
1718904936.75,2.852363,0.42844818691594305,0.39648663681085444,0.031961550098330245,ConsentWaitPage,-2
1718904937.0,2.851082,0.42708286428013276,0.38883874905963645,0.038244115213978955,ConsentWaitPage,-2
1718904937.25,2.842112,0.41752240835256266,0.38118808314841807,0.0363343251978427,ConsentWaitPage,-2
1718904937.5,2.817765,0.39157275166710476,0.3735909312416677,0.017981820419322204,ConsentWaitPage,-2
1718904937.75,2.817765,0.39157275166710476,0.3661010526332315,0.025471699027914917,ConsentWaitPage,-2
1718904938.0,2.788293,0.360160738612773,0.35876876863052704,0.0013919699764125826,ConsentWaitPage,-2
1718904938.25,2.692187,0.25772850033238515,0.351640135316846,-0.09391163499020064,ConsentWaitPage,-2
1718904938.5,2.672966,0.2372422658414342,0.3447562190052163,-0.1075139531694584,ConsentWaitPage,-2
1718904938.75,2.666559,0.23041352101111692,0.3381524962841677,-0.10773897527869065,ConsentWaitPage,-2
1718904939.0,2.713971,0.28094644592058937,0.33185839607356576,-0.05091195015860318,ConsentWaitPage,-2
1718904939.25,2.749851,0.3191882696308711,0.3258969953134229,-0.006708725688184758,ConsentWaitPage,-2
1718904939.5,2.762665,0.33284575929150517,0.3202848733195402,0.012560885966311372,ConsentWaitPage,-2
1718904939.75,2.769072,0.33967450412182204,0.3150321231331809,0.024642380982956964,ConsentWaitPage,-2
1718904940.0,2.760102,0.33011404819425144,0.31014251201801357,0.019971536170517754,ConsentWaitPage,-2
1718904940.25,2.748569,0.31782188116942767,0.30561377808236034,0.0122081030813097,ConsentWaitPage,-2
1718904940.5,2.743443,0.31235845897492115,0.30143804605135405,0.010920412917773672,ConsentWaitPage,-2
1718904940.75,2.734474,0.3027990688729837,0.2976023425013995,0.0051967263657587606,ConsentWaitPage,-2
1718904941.0,2.728067,0.29597032404266643,0.2940891893001639,0.0018811347366503549,ConsentWaitPage,-2
1718904941.25,2.751132,0.3205535922666814,0.2908772534328573,0.029676338827951093,ConsentWaitPage,-2
1718904941.5,2.752414,0.32191998072812433,0.28794203171211497,0.033977949010121494,ConsentWaitPage,-2
1718904941.75,2.749851,0.3191882696308711,0.28525654995526295,0.033931719669710536,ConsentWaitPage,-2
1718904942.0,2.726785,0.2946039355812235,0.282792057959169,0.011811877616151663,ConsentWaitPage,-2
1718904942.25,2.713971,0.28094644592058937,0.2805187038669929,0.00042774204769265717,ConsentWaitPage,-2
1718904942.5,2.713971,0.28094644592058937,0.27840617411263346,0.002540271802054867,ConsentWaitPage,-2
1718904942.75,2.705001,0.27138598999301927,0.2764242878290972,-0.005038297841972815,ConsentWaitPage,-2
1718904943.0,2.698594,0.26455724516270196,0.2745435372159964,-0.00998629205917985,ConsentWaitPage,-2
1718904943.25,2.696032,0.2618265998910818,0.27273556773673374,-0.010908967851525425,ConsentWaitPage,-2
1718904943.5,2.69475,0.26046021142963843,0.270973594086106,-0.010513382662327481,ConsentWaitPage,-2
1718904943.75,2.706283,0.2727523784544622,0.2692327496231566,0.0035196288254596714,ConsentWaitPage,-2
1718904944.0,2.702439,0.2686553447213986,0.2674903684351701,0.0011649762803952867,ConsentWaitPage,-2
1718904944.25,2.699876,0.2659236336241454,0.2657262004458026,0.00019743317251972453,ConsentWaitPage,-2
1718904944.5,2.698594,0.26455724516270196,0.26392256106776585,0.0006346840891196933,ConsentWaitPage,-2
1718904944.75,2.699876,0.2659236336241454,0.26206441787784046,0.003859215740491301,ConsentWaitPage,-2
1718904945.0,2.69475,0.26046021142963843,0.2601394176847282,0.00032079373909589884,ConsentWaitPage,-2
1718904945.25,2.690906,0.25636317769657485,0.2581378581732197,-0.0017746804824626148,ConsentWaitPage,-2
1718904945.5,2.696032,0.2618265998910818,0.25605260903475435,0.0057739908505043906,ConsentWaitPage,-2
1718904945.75,2.688343,0.2536314665993216,0.2538789881236494,-0.00024752153015703774,ConsentWaitPage,-2
1718904946.0,2.68578,0.2508997555020679,0.2516145986980696,-0.0007148432018369384,ConsentWaitPage,-2
1718904946.25,2.681936,0.2468027217690043,0.24925913420341708,-0.0024564124402524064,ConsentWaitPage,-2
1718904946.5,2.683217,0.2481680444048146,0.24681415732192868,0.0013538870770447783,ConsentWaitPage,-2
1718904946.75,2.678092,0.24270568803594073,0.24428286013615944,-0.0015771721060568742,ConsentWaitPage,-2
1718904947.0,2.672966,0.2372422658414342,0.24166981223035883,-0.004427546394753848,ConsentWaitPage,-2
1718904947.25,2.672966,0.2372422658414342,0.23898070338326644,-0.0017384375476451695,ConsentWaitPage,-2
1718904947.5,2.671685,0.2358769432056239,0.23622208719474344,-0.0003451439949076762,ConsentWaitPage,-2
1718904947.75,2.665278,0.2290481983753066,0.23340113154753558,-0.004352933177983073,ConsentWaitPage,-2
1718904948.0,2.663996,0.22768180991386366,0.23052538124925281,-0.002843571341099361,ConsentWaitPage,-2
1718904948.25,2.662715,0.22631648727805337,0.2276025375468995,-0.001286050274502729,ConsentWaitPage,-2
1718904948.5,2.660152,0.2235847761808001,0.22464025847758595,-0.001055482302379459,ConsentWaitPage,-2
1718904948.75,2.657589,0.22085306508354685,0.22164598323598267,-0.0007929181579574666,ConsentWaitPage,-2
1718904949.0,2.655026,0.21812135398629312,0.21862678292351356,-0.0005054289426613895,ConsentWaitPage,-2
1718904949.25,2.648619,0.2112926091559763,0.21558923921663165,-0.004296630066007329,ConsentWaitPage,-2
1718904949.5,2.646057,0.20856196388435566,0.21253935166879875,-0.0039773877896989085,ConsentWaitPage,-2
1718904949.75,2.648619,0.2112926091559763,0.20948247355701521,0.0018101355938076663,ConsentWaitPage,-2
1718904950.0,2.640931,0.20309854168984917,0.20642327541289393,-0.0033247337280906727,ConsentWaitPage,-2
1718904950.25,2.63965,0.20173321905403885,0.20336573465716332,-0.0016325156080588964,ConsentWaitPage,-2
1718904950.5,2.640931,0.20309854168984917,0.2003131491045154,0.0027853925805137875,ConsentWaitPage,-2
1718904950.75,2.633242,0.19490340839808892,0.19726817154185014,-0.002364763148464579,ConsentWaitPage,-2
1718904951.0,2.629398,0.19080637466502537,0.19423286212290647,-0.003426487462466283,ConsentWaitPage,-2
1718904951.25,2.63068,0.1921727631264683,0.19120875497770518,0.0009640081442970382,ConsentWaitPage,-2
1718904951.5,2.629398,0.19080637466502537,0.18819693521487296,0.002609439445805601,ConsentWaitPage,-2
1718904951.75,2.626835,0.18807466356777164,0.1851981224064067,0.002876541157137176,ConsentWaitPage,-2
1718904952.0,2.622991,0.18397762983470806,0.18221275669505257,0.001764873135546113,ConsentWaitPage,-2
1718904952.25,2.62171,0.18261230719889823,0.17924108385845344,0.0033712233364527463,ConsentWaitPage,-2
1718904952.5,2.620428,0.18124591873745483,0.17628323599830598,0.004962682735272646,ConsentWaitPage,-2
1718904952.75,2.614021,0.17441717390713798,0.1733393049843247,0.0010778689190506464,ConsentWaitPage,-2
1718904953.0,2.614021,0.17441717390713798,0.17040940635153223,0.004007767551953452,ConsentWaitPage,-2
1718904953.25,2.61274,0.1730518512713277,0.167493732000062,0.005558119267719489,ConsentWaitPage,-2
1718904953.5,2.611459,0.17168652863551737,0.16459259075097957,0.007093937881092649,ConsentWaitPage,-2
1718904953.75,2.607614,0.1675884290768207,0.16170643653895703,0.005881992534513709,ConsentWaitPage,-2
1718904954.0,2.60377,0.16349139534375712,0.15883588473905658,0.00465551060143928,ConsentWaitPage,-2
1718904954.25,2.602489,0.16212607270794682,0.155981717790824,0.006144354913943231,ConsentWaitPage,-2
1718904954.5,2.588393,0.14710219458586976,0.15314488185195155,-0.006042687269186848,ConsentWaitPage,-2
1718904954.75,2.579423,0.13754173865829922,0.1503264766354832,-0.012784737980221403,ConsentWaitPage,-2
1718904955.0,2.580705,0.13890812711974262,0.14752774081203116,-0.00861961369526448,ConsentWaitPage,-2
1718904955.25,2.581986,0.14027344975555295,0.14475003536029382,-0.004476585607660588,ConsentWaitPage,-2
1718904955.5,2.57686,0.13481002756104596,0.14199482702196087,-0.00718479946378237,ConsentWaitPage,-2
1718904955.75,2.574298,0.1320793822894258,0.13926367359124003,-0.007184291304632055,ConsentWaitPage,-2
1718904956.0,2.571735,0.12934767119217208,0.13655821220151815,-0.007210541012115854,ConsentWaitPage,-2
1718904956.25,2.569172,0.12661596009491882,0.13388015113007004,-0.007264191037873641,ConsentWaitPage,-2
1718904956.5,2.579423,0.13754173865829922,0.13123126499408116,0.006310473661543144,ConsentWaitPage,-2
1718904956.75,2.575579,0.13344470492523564,0.1286133926218025,0.004831312300806516,ConsentWaitPage,-2
1718904957.0,2.571735,0.12934767119217208,0.1260284364100204,0.003319234779574523,ConsentWaitPage,-2
1718904957.25,2.569172,0.12661596009491882,0.12347836166880556,0.0031375984235869347,ConsentWaitPage,-2
1718904957.5,2.567891,0.1252506374591085,0.1209651943294401,0.004285443127194261,ConsentWaitPage,-2
1718904957.75,2.565328,0.12251892636185525,0.11849101544785558,0.004027910911578909,ConsentWaitPage,-2
1718904958.0,2.561484,0.11842189262879169,0.11605795115035628,0.0023639414760686967,ConsentWaitPage,-2
1718904958.25,2.562765,0.119787215264602,0.11366815700815935,0.006119058254130042,ConsentWaitPage,-2
1718904958.5,2.558921,0.11569018153153796,0.11132379625746393,0.004366385271815059,ConsentWaitPage,-2
1718904958.75,2.549951,0.10612972560396788,0.10902701176721401,-0.002897286165452299,ConsentWaitPage,-2
1718904959.0,2.549951,0.10612972560396788,0.10677989216195126,-0.0006501665601378074,ConsentWaitPage,-2
1718904959.25,2.552514,0.10886143670122113,0.10458443299741552,0.004277003701701702,ConsentWaitPage,-2
1718904959.5,2.54867,0.10476440296815756,0.10244249433144431,0.0023219086346583863,ConsentWaitPage,-2
1718904959.75,2.540981,0.09656926967639733,0.10035575641017017,-0.00378648673578047,ConsentWaitPage,-2
1718904960.0,2.546107,0.10203269187090432,0.09832567548566555,0.003707016383276319,ConsentWaitPage,-2
1718904960.25,2.540981,0.09656926967639733,0.0963534419860274,0.00021582768845037107,ConsentWaitPage,-2
1718904960.5,2.5397,0.09520394704058702,0.0944399433627928,0.0007640036759150192,ConsentWaitPage,-2
1718904960.75,2.534574,0.08974052484608051,0.0925857339345191,-0.0028452090902803388,ConsentWaitPage,-2
1718904961.0,2.533293,0.08837520221027019,0.09079101392204691,-0.0024158117135843126,ConsentWaitPage,-2
1718904961.25,2.533293,0.08837520221027019,0.08905561962505994,-0.0006804174165667587,ConsentWaitPage,-2
1718904961.5,2.53073,0.08564349111301695,0.08737902631899415,-0.0017355352077275256,ConsentWaitPage,-2
1718904961.75,2.524323,0.07881474628269965,0.0857603649598007,-0.0069456186788288896,ConsentWaitPage,-2
1718904962.0,2.524323,0.07881474628269965,0.08419845318193504,-0.0053837069009452345,ConsentWaitPage,-2
1718904962.25,2.528167,0.08291178001576321,0.08269184037854024,0.00021993963552656946,ConsentWaitPage,-2
1718904962.5,2.520478,0.07471664672400345,0.08123886588421779,-0.006522219161901604,ConsentWaitPage,-2
1718904962.75,2.520478,0.07471664672400345,0.07983772846880162,-0.005121081746480178,ConsentWaitPage,-2
1718904963.0,2.520478,0.07471664672400345,0.07848656452968286,-0.0037699178073595193,ConsentWaitPage,-2
1718904963.25,2.510227,0.06379086816062259,0.07718353157784323,-0.013392663418901472,ConsentWaitPage,-2
1718904963.5,2.511509,0.065157256622066,0.07592689288799775,-0.010769636267615016,ConsentWaitPage,-2
1718904963.75,2.515353,0.06925429035512957,0.07471509857004374,-0.005460808216600684,ConsentWaitPage,-2
1718904964.0,2.515353,0.06925429035512957,0.07354685787105678,-0.004292567517616873,ConsentWaitPage,-2
1718904964.25,2.520478,0.07471664672400345,0.07242119730046404,0.0022954494218475055,ConsentWaitPage,-2
1718904964.5,2.535856,0.09110691330752345,0.07133749926001898,0.019769414045812034,ConsentWaitPage,-2
1718904964.75,2.542263,0.09793565813784075,0.0702955163241546,0.027640141811995624,ConsentWaitPage,-2
1718904965.0,2.53073,0.08564349111301695,0.06929535720002263,0.01634813391130871,ConsentWaitPage,-2
1718904965.25,2.487162,0.03920759993660808,0.06833744169942947,-0.029129841764498697,ConsentWaitPage,-2
1718904965.5,2.516634,0.07061961299093941,0.0674224237193804,0.0031971892698936517,ConsentWaitPage,-2
1718904965.75,2.544825,0.1006663034094609,0.06655108315281413,0.03411522025499724,ConsentWaitPage,-2
1718904966.0,2.565328,0.12251892636185525,0.06572418973047635,0.05679473662974937,ConsentWaitPage,-2
1718904966.25,2.547388,0.10339801450671463,0.06494234394888404,0.03845567055622526,ConsentWaitPage,-2
1718904966.5,2.5397,0.09520394704058702,0.06420580239454783,0.030998144644461927,ConsentWaitPage,-2
1718904966.75,2.524323,0.07881474628269965,0.06351429680223138,0.015300449478922236,ConsentWaitPage,-2
1718904967.0,2.491006,0.04330463366967165,0.06286685785825824,-0.019562224190099238,ConsentWaitPage,-2
1718904967.25,2.458971,0.009160909518086593,0.06226165577809708,-0.0531007462614887,ConsentWaitPage,-2
1718904967.5,2.414122,-0.03864030429413258,0.061695869755148264,-0.10033617405072456,ConsentWaitPage,-2
1718904967.75,2.414122,-0.03864030429413258,0.06116559729777387,-0.09980590159331623,ConsentWaitPage,-2
1718904968.0,2.524323,0.07881474628269965,0.06066581222679166,0.018148934054531496,ConsentWaitPage,-2
1718904968.25,2.524323,0.07881474628269965,0.06019037690691652,0.01862436937443955,ConsentWaitPage,-2
1718904968.5,2.524323,0.07881474628269965,0.05973211055091629,0.019082635730472572,ConsentWaitPage,-2
1718904968.75,2.508946,0.062425545524812276,0.0592829116704942,0.003142633853040047,ConsentWaitPage,-2
1718904969.0,2.493569,0.046036344766924905,0.05883392937583029,-0.012797584610150691,ConsentWaitPage,-2
1718904969.25,2.493569,0.046036344766924905,0.05837577547234961,-0.012339430706637372,ConsentWaitPage,-2
1718904969.5,2.487162,0.03920759993660808,0.05789876721304542,-0.018691167277617497,ConsentWaitPage,-2
1718904969.75,2.524323,0.07881474628269965,0.05739318910335106,0.021421557178200917,ConsentWaitPage,-2
1718904970.0,2.526886,0.08154645737995338,0.056849561305053496,0.024696896073784926,ConsentWaitPage,-2
1718904970.25,2.525604,0.08018006891850996,0.056258901973012976,0.023921166944415134,ConsentWaitPage,-2
1718904970.5,2.52176,0.07608303518544639,0.055612971323066154,0.020470063861332,ConsentWaitPage,-2
1718904970.75,2.511509,0.065157256622066,0.05490448636900745,0.010252770252044428,ConsentWaitPage,-2
1718904971.0,2.510227,0.06379086816062259,0.05412729700295181,0.009663571156691017,ConsentWaitPage,-2
1718904971.25,2.507664,0.06105915706336933,0.05327651628222769,0.007782640780196137,ConsentWaitPage,-2
1718904971.5,2.507664,0.06105915706336933,0.052348600255306556,0.008710556807150997,ConsentWaitPage,-2
1718904971.75,2.50382,0.056962123330305765,0.05134137524808734,0.005620748081339388,ConsentWaitPage,-2
1718904972.0,2.505102,0.05832851179174871,0.05025401310811709,0.008074498682783943,ConsentWaitPage,-2
1718904972.25,2.498695,0.05149976696143189,0.049086957364062205,0.0024128095965516815,ConsentPage,-2
1718904972.5,2.498695,0.05149976696143189,0.047841805516154995,0.0036579614444865946,ConsentPage,-2
1718904972.75,2.501257,0.05423041223305204,0.04652115465766573,0.007709257574621529,ConsentPage,-2
1718904973.0,2.498695,0.05149976696143189,0.04512841927413899,0.0063713476865513334,ConsentPage,-2
1718904973.25,2.496132,0.04876805586417816,0.04366763132076715,0.00510042454269026,ConsentPage,-2
1718904973.5,2.489725,0.04193931103386134,0.042143233488815074,-0.00020392245565616974,ConsentPage,-2
1718904973.75,2.483318,0.03511056620354451,0.0405598768906775,-0.005449310687819739,ConsentPage,-2
1718904974.0,2.476911,0.02828182137322722,0.038922234171583615,-0.0106404127990302,ConsentPage,-2
1718904974.25,2.474348,0.025550110275973963,0.03723483825275754,-0.011684727977447245,ConsentPage,-2
1718904974.5,2.43975,-0.011325324972864346,0.035501955504062405,-0.04682728047758307,ConsentPage,-2
1718904974.75,2.446157,-0.004496580142547524,0.0337275001455009,-0.03822408028869998,ConsentPage,-2
1718904975.0,2.447438,-0.00313125750673721,0.03191499414656525,-0.03504625165395145,ConsentPage,-2
1718904975.25,2.455127,0.0050638757850230256,0.030067573955388477,-0.02500369817101346,ConsentPage,-2
1718904975.5,2.455127,0.0050638757850230256,0.0281880422470217,-0.023124166462646496,ConsentPage,-2
1718904975.75,2.471785,0.02281839917872071,0.02627895979967118,-0.003460560621597931,ConsentPage,-2
1718904976.0,2.50382,0.056962123330305765,0.024342769888445685,0.032619353441214125,ConsentPage,-2
1718904976.25,2.507664,0.06105915706336933,0.02238194551009194,0.03867721155263503,ConsentPage,-2
1718904976.5,2.50382,0.056962123330305765,0.020399148536880834,0.036562974792788985,ConsentPage,-2
1718904976.75,2.501257,0.05423041223305204,0.01839738965405691,0.03583302257836889,ConsentPage,-2
1718904977.0,2.49485,0.047401667402735215,0.01638017863763052,0.03102148876449166,ConsentPage,-2
1718904977.25,2.476911,0.02828182137322722,0.014351656016855445,0.013930165355775452,ConsentPage,-2
1718904977.5,2.466659,0.01735497698421373,0.012316699179812868,0.0050382778038245354,ConsentPage,-2
1718904977.75,2.45769,0.007795586882276279,0.010280998222443166,-0.0024854113407202193,ConsentPage,-2
1718904978.0,2.434624,-0.01678874716737133,0.008251099027392718,-0.0250398461952918,ConsentPage,-2
1718904978.25,2.434624,-0.01678874716737133,0.006234412961821911,-0.023023160129693264,ConsentPage,-2
1718904978.5,2.447438,-0.00313125750673721,0.004239194058944089,-0.007370451566151862,ConsentPage,-2
1718904978.75,2.447438,-0.00313125750673721,0.002274485548283121,-0.005405743055460032,ConsentPage,-2
1718904979.0,2.466659,0.01735497698421373,0.0003500381654355803,0.01700493881837039,ConsentPage,-2
1718904979.25,2.43975,-0.011325324972864346,-0.0015237970956952678,-0.009801527877544139,ConsentPage,-2
1718904979.5,2.424373,-0.027714525730751716,-0.003336199112565313,-0.02437832661852835,ConsentPage,-2
1718904979.75,2.443594,-0.007228291239800778,-0.0050760270899379714,-0.0021522641501714786,ConsentPage,-2
1718904980.0,2.420529,-0.03181155946381529,-0.006731988988416987,-0.025079570475673663,ConsentPage,-2
1718904980.25,2.434624,-0.01678874716737133,-0.008292825815914524,-0.008495921351698844,ConsentPage,-2
1718904980.5,2.452564,0.0023321646877697715,-0.009747509897376256,0.012079674584937434,ConsentPage,-2
1718904980.75,2.453845,0.0036974873235796116,-0.01108545535090183,0.014782942674306618,ConsentPage,-2
1718904981.0,2.455127,0.0050638757850230256,-0.01229673889228898,0.017360614677171433,ConsentPage,-2
1718904981.25,2.451283,0.0009668420519594577,-0.013372328678791246,0.01433917073064495,ConsentPage,-2
1718904981.5,2.453845,0.0036974873235796116,-0.014304318153777109,0.018001805477286352,ConsentPage,-2
1718904981.75,2.44872,-0.0017648690452942697,-0.015086160802807296,0.013321291757478504,ConsentPage,-2
1718904982.0,2.451283,0.0009668420519594577,-0.01571290047317074,0.016679742525131748,ConsentPage,-2
1718904982.25,2.450001,-0.000399546409483956,-0.016181390573025686,0.015781844163579188,ConsentPage,-2
1718904982.5,2.453845,0.0036974873235796116,-0.016490494196790766,0.020187981520443037,ConsentPage,-2
1718904982.75,2.453845,0.0036974873235796116,-0.016641256167466065,0.0203387434911522,ConsentPage,-2
1718904983.0,2.446157,-0.004496580142547524,-0.016637037292919307,0.0121404571505101,ConsentPage,-2
1718904983.25,2.432061,-0.01952045826462458,-0.01648360095469028,-0.003036857309767098,ConsentPage,-2
1718904983.5,2.411559,-0.04137201539138583,-0.016189142641538895,-0.025182872749654594,ConsentPage,-2
1718904983.75,2.375679,-0.07961383910166756,-0.01576425435596597,-0.0638495847454886,ConsentPage,-2
1718904984.0,2.344118,-0.11325236190323375,-0.015221818074009841,-0.09803054382899523,ConsentPage,-2
1718904984.25,2.358214,-0.0982284837811567,-0.014576825654540545,-0.08365165812637672,ConsentPage,-2
1718904984.5,2.381279,-0.07364521555714172,-0.013846126655972457,-0.05979908890092327,ConsentPage,-2
1718904984.75,2.432535,-0.01901525691460572,-0.013048110116422908,-0.005967146797933157,ConsentPage,-2
1718904985.0,2.458163,0.008299722406662042,-0.01220233099256444,0.0205020533994784,ConsentPage,-2
1718904985.25,2.48251,0.03424937909211996,-0.011329096032050259,0.04557847512442461,ConsentPage,-2
1718904985.5,2.505576,0.058833713141767566,-0.010449026806404086,0.06928273994843015,ConsentPage,-2
1718904985.75,2.483792,0.035615767553563375,-0.009582619058787097,0.04519838661261571,ConsentPage,-2
1718904986.0,2.486355,0.03834747865081663,-0.00874981728019472,0.04709729593128653,ConsentPage,-2
1718904986.25,2.469696,0.020591889431485846,-0.007969621630967996,0.028561511062742313,ConsentPage,-2
1718904986.5,2.467133,0.01786017833423259,-0.007259741280657812,0.025119919615195246,ConsentPage,-2
1718904986.75,2.487636,0.03971280128662694,-0.006636304360944531,0.046349105647895295,ConsentPage,-2
1718904987.0,2.458163,0.008299722406662042,-0.006113630443237453,0.014413352850244233,ConsentPage,-2
1718904987.25,2.435098,-0.016283545817352467,-0.005704067158199731,-0.010579478658785953,ConsentPage,-2
1718904987.5,2.429973,-0.021745902186226348,-0.005417888610364358,-0.016328013575472873,ConsentPage,-2
1718904987.75,2.42741,-0.024477613283479603,-0.0052632498949191,-0.01921436338814941,ConsentPage,-2
1718904988.0,2.41844,-0.034038069211050154,-0.0052461895128479395,-0.028791879697769977,ConsentPage,-2
1718904988.25,2.422284,-0.029941035477986582,-0.005370669921829228,-0.02457036555570519,ConsentPage,-2
1718904988.5,2.432535,-0.01901525691460572,-0.0056386458544856995,-0.013376611059649405,ConsentPage,-2
1718904988.75,2.433817,-0.01764886845316278,-0.00605015028263512,-0.01159871817004025,ConsentPage,-2
1718904989.0,2.435098,-0.016283545817352467,-0.006603388840855656,-0.009680156975994395,ConsentPage,-2
1718904989.25,2.437661,-0.013551834720099212,-0.007294834954183851,-0.006256999765399871,ConsentPage,-2
1718904989.5,2.446631,-0.003991378792528663,-0.008119319660178417,0.0041279408681762185,ConsentPage,-2
1718904989.75,2.43638,-0.014917157355909053,-0.009070112021130691,-0.005847045334243194,ConsentPage,-2
1718904990.0,2.431254,-0.020380579550416035,-0.010138987970721547,-0.010241591579153098,ConsentPage,-2
1718904990.25,2.424847,-0.027209324380732855,-0.011316287348014405,-0.01589303703217352,ConsentPage,-2
1718904990.5,2.428691,-0.023112290647669287,-0.012590960682507132,-0.010521329964616551,ConsentPage,-2
1718904990.75,2.433817,-0.01764886845316278,-0.013950608957842454,-0.0036982594947770515,ConsentPage,-2
1718904991.0,2.433817,-0.01764886845316278,-0.01538152103950173,-0.0022673474131232278,ConsentPage,-2
1718904991.25,2.438942,-0.012186512084288899,-0.01686871462599837,0.004682202542238646,ConsentPage,-2
1718904991.5,2.440224,-0.010820123622845484,-0.018395987387638462,0.007575863765310283,ConsentPage,-2
1718904991.75,2.445349,-0.005357767253971603,-0.019945985317127372,0.014588218063658037,ConsentPage,-2
1718904992.0,2.445349,-0.005357767253971603,-0.021500295186814965,0.016142527933327523,ConsentPage,-2
1718904992.25,2.438942,-0.012186512084288899,-0.02303956738168886,0.010853055297863129,ConsentPage,-2
1718904992.5,2.441505,-0.009454800987035644,-0.024543674290070344,0.015088873303474236,ConsentPage,-2
1718904992.75,2.43638,-0.014917157355909053,-0.02599190795812656,0.0110747506026311,ConsentPage,-2
1718904993.0,2.431254,-0.020380579550416035,-0.027363218951607017,0.006982639401576705,ConsentPage,-2
1718904993.25,2.422284,-0.029941035477986582,-0.028636496436080263,-0.0013045390415499514,ConsentPage,-2
1718904993.5,2.419721,-0.03267274657523984,-0.029790887504424594,-0.002881859070489181,ConsentPage,-2
1718904993.75,2.415877,-0.036769780308303406,-0.030806151855227244,-0.005963628452780695,ConsentPage,-2
1718904994.0,2.422284,-0.029941035477986582,-0.03166304614252662,0.001722010664805347,ConsentPage,-2
1718904994.25,2.423566,-0.028574647016543168,-0.03234373072789619,0.0037690837115893954,ConsentPage,-2
1718904994.5,2.421003,-0.031306358113796895,-0.032832190189052805,0.001525832075465364,ConsentPage,-2
1718904994.75,2.422284,-0.029941035477986582,-0.03311465777169647,0.0031736222938952173,ConsentPage,-2
1718904995.0,2.424847,-0.027209324380732855,-0.03318003300490838,0.005970708624340295,ConsentPage,-2
1718904995.25,2.422284,-0.029941035477986582,-0.03302028093549813,0.0030792454576600323,ConsentPage,-2
1718904995.5,2.426128,-0.025844001744923014,-0.0326308008865783,0.006786799141792394,ConsentPage,-2
1718904995.75,2.428691,-0.023112290647669287,-0.03201075233481088,0.008898461687272773,ConsentPage,-2
1718904996.0,2.428691,-0.023112290647669287,-0.031163325462156156,0.008051034814617981,ConsentPage,-2
1718904996.25,2.429973,-0.021745902186226348,-0.0300959442124529,0.008350042026363705,PreMarketWait,1
1718904996.5,2.424847,-0.027209324380732855,-0.028820390320539475,0.0016110659399559907,PreMarketWait,1
1718904996.75,2.41844,-0.034038069211050154,-0.027352837840739382,-0.006685231370143157,PreMarketWait,1
1718904997.0,2.413314,-0.03950149140555666,-0.025713789246415195,-0.013787702158949897,PreMarketWait,1
1718904997.25,2.405626,-0.047695558871684265,-0.02392790626126878,-0.02376765261019474,PreMarketWait,1
1718904997.5,2.408189,-0.04496384777443054,-0.02202373125132312,-0.022940116522852844,PreMarketWait,1
1718904997.75,2.408189,-0.04496384777443054,-0.020033298246903076,-0.02493054952723498,PreMarketWait,1
1718904998.0,2.408189,-0.04496384777443054,-0.017991636413146227,-0.02697221136095048,PreMarketWait,1
1718904998.25,2.404344,-0.04906194733312721,-0.015936172923559404,-0.03312577440918978,PreMarketWait,1
1718904998.5,2.392812,-0.06135304853231791,-0.013906046541360123,-0.047447001990533304,PreMarketWait,1
1718904998.75,2.392812,-0.06135304853231791,-0.011941347566390207,-0.049411700965454865,PreMarketWait,1
1718904999.0,2.413314,-0.03950149140555666,-0.010082303915694915,-0.029419187489338736,PreMarketWait,1
1718904999.25,2.43638,-0.014917157355909053,-0.00836843668922177,-0.006548720666112139,PreMarketWait,1
1718904999.5,2.490199,0.042444512383880195,-0.006837711304674871,0.04928222368918463,PreMarketWait,1
1718904999.75,2.515827,0.06975949170514796,-0.005525711828600625,0.07528520353443516,PreMarketWait,1
1718905000.0,2.505576,0.058833713141767566,-0.004464866194304474,0.06329857933681823,PreMarketWait,1
1718905000.25,2.504294,0.05746732468032415,-0.0036837484294251466,0.061151073110557466,PreMarketWait,1
1718905000.5,2.479948,0.031518733820499335,-0.0032064808773411115,0.03472521469871227,PreMarketWait,1
1718905000.75,2.459445,0.009666110868105454,-0.0030522549724081175,0.012718365841449773,PreMarketWait,1
1718905001.0,2.450475,0.00010565494053490515,-0.0032349838659931547,0.0033406388075282525,PreMarketWait,1
1718905001.25,2.445349,-0.005357767253971603,-0.0037630945966072764,-0.0015946726563017058,PreMarketWait,1
1718905001.5,2.441505,-0.009454800987035644,-0.004639461998117951,-0.004815338987795244,PreMarketWait,1
1718905001.75,2.441505,-0.009454800987035644,-0.005861481473342172,-0.003593319512514598,PreMarketWait,1
1718905002.0,2.441505,-0.009454800987035644,-0.007421273324497244,-0.0020335276613070805,PreMarketWait,1
1718905002.25,2.435098,-0.016283545817352467,-0.00930600761853176,-0.00697753819754128,PreMarketWait,1
1718905002.5,2.429973,-0.021745902186226348,-0.011498335596605194,-0.010247566588298122,PreMarketWait,1
1718905002.75,2.431254,-0.020380579550416035,-0.013976911398451268,-0.006403668150602598,PreMarketWait,1
1718905003.0,2.429973,-0.021745902186226348,-0.01671698633131472,-0.005028915853514608,PreMarketWait,1
1718905003.25,2.426128,-0.025844001744923014,-0.0196910570248288,-0.006152944718666262,PreMarketWait,1
1718905003.5,2.422284,-0.029941035477986582,-0.022869548522343318,-0.007071486954187807,PreMarketWait,1
1718905003.75,2.419721,-0.03267274657523984,-0.02622151360377627,-0.006451232969983324,PreMarketWait,1
1718905004.0,2.410751,-0.04223320250281039,-0.029715330351913382,-0.012517872149393861,PreMarketWait,1
1718905004.25,2.414596,-0.03813510294411372,-0.03331938110176524,-0.00481572184082335,PreMarketWait,1
1718905004.5,2.406907,-0.046330236235873956,-0.037002697389227644,-0.009327538845099142,PreMarketWait,1
1718905004.75,2.406907,-0.046330236235873956,-0.04073555727480085,-0.005594678959502795,PreMarketWait,1
1718905005.0,2.408189,-0.04496384777443054,-0.04449002338910124,-0.0004738243837336606,PreMarketWait,1
1718905005.25,2.397937,-0.05589069216344403,-0.04824041215562483,-0.007650280006195033,PreMarketWait,1
1718905005.5,2.401782,-0.051792592604747834,-0.05196368682223089,0.00017109421913991812,PreMarketWait,1
1718905005.75,2.396656,-0.057256014799254344,-0.05563976911404927,-0.0016162456835104172,PreMarketWait,1
1718905006.0,2.395375,-0.05862133743506466,-0.05925176645585885,0.0006304290225325948,PreMarketWait,1
1718905006.25,2.392812,-0.06135304853231791,-0.06278611376120649,0.0014330652306774757,PreMarketWait,1
1718905006.5,2.385123,-0.06954818182407815,-0.06623263071856982,-0.003315551103661565,PreMarketWait,1
1718905006.75,2.383842,-0.07091350445988846,-0.06958449730162099,-0.0013290071563549105,PreMarketWait,1
1718905007.0,2.376153,-0.0791086377516487,-0.07283815187981416,-0.0062704858698478675,PreMarketWait,1
1718905007.25,2.378716,-0.07637692665439544,-0.07599311780040019,-0.00038380885192590116,PreMarketWait,1
1718905007.5,2.378716,-0.07637692665439544,-0.07905176564528385,0.0026748389930489436,PreMarketWait,1
1718905007.75,2.373591,-0.08183928302326933,-0.08201901952166339,0.00017973650065392088,PreMarketWait,1
1718905008.0,2.372309,-0.08320567148471227,-0.08490201670511441,0.001696345222768715,PreMarketWait,1
1718905008.25,2.368465,-0.08730270521777583,-0.08770973070017513,0.00040702548487892704,PreMarketWait,1
1718905008.5,2.368465,-0.08730270521777583,-0.0904525683070746,0.0031498630918964272,PreMarketWait,1
1718905008.75,2.360776,-0.09549783850953607,-0.093141951584366,-0.002355886922450994,PreMarketWait,1
1718905009.0,2.360776,-0.09549783850953607,-0.0957898956830491,0.0002920571763551892,PreMarketWait,1
1718905009.25,2.356932,-0.09959487224259964,-0.09840859340798895,-0.0011862788316455621,PreMarketWait,1
1718905009.5,2.356932,-0.09959487224259964,-0.10101001704592456,0.0014151448064110847,PreMarketWait,1
1718905009.75,2.354369,-0.1023265833398529,-0.10360554749176086,0.0012789641551113852,PreMarketWait,1
1718905010.0,2.351807,-0.10505722861147351,-0.10620564000791811,0.0011484113997596362,PreMarketWait,1
1718905010.25,2.354369,-0.1023265833398529,-0.10881953506517131,0.006492951728737439,PreMarketWait,1
1718905010.5,2.349244,-0.10778893970872677,-0.11145502163945313,0.0036660819342399205,PreMarketWait,1
1718905010.75,2.346681,-0.1105206508059805,-0.11411825908487915,0.0035976082824954324,PreMarketWait,1
1718905011.0,2.342837,-0.11461768453904407,-0.11681366228421866,0.0021959777488416124,PreMarketWait,1
1718905011.25,2.342837,-0.11461768453904407,-0.11954385321849731,0.004926168683175978,PreMarketWait,1
1718905011.5,2.33643,-0.12144642936936088,-0.12230968042867936,0.0008632510630810736,PreMarketWait,1
1718905011.75,2.33643,-0.12144642936936088,-0.12511030609861507,0.0036638767330397118,PreMarketWait,1
1718905012.0,2.333867,-0.12417814046661414,-0.12794335870295598,0.0037652182401327564,PreMarketWait,1
1718905012.25,2.332586,-0.12554346310242445,-0.13080514736753193,0.005261684268886165,PreMarketWait,1
1718905012.5,2.331304,-0.12690985156386786,-0.1336909323120591,0.006781080751940496,PreMarketWait,1
1718905012.75,2.32746,-0.13100688529693144,-0.13659524401565687,0.005588358722428994,PreMarketWait,1
1718905013.0,2.328741,-0.12964156266112112,-0.13951224209756,0.009870679440082037,PreMarketWait,1
1718905013.25,2.331304,-0.12690985156386786,-0.14243610337831297,0.015526251818014895,PreMarketWait,1
1718905013.5,2.328741,-0.12964156266112112,-0.14536142722945614,0.015719864571820633,PreMarketWait,1
1718905013.75,2.322334,-0.13647030749143796,-0.14828364519306733,0.011813337705022523,PreMarketWait,1
1718905014.0,2.290299,-0.170614031643023,-0.15119942103320494,-0.01941461060652258,PreMarketWait,1
1718905014.25,2.292862,-0.16788232054576974,-0.15410702696251072,-0.013775293580063018,PreMarketWait,1
1718905014.5,2.297987,-0.16241996417689586,-0.15700668186670413,-0.005413282307093117,PreMarketWait,1
1718905014.75,2.290299,-0.170614031643023,-0.15990083800216429,-0.010713193637851086,PreMarketWait,1
1718905015.0,2.286455,-0.17471106537608658,-0.16279440389054994,-0.011916661482609066,PreMarketWait,1
1718905015.25,2.272359,-0.1897349434981641,-0.16569489294398648,-0.024040050551314775,PreMarketWait,1
1718905015.5,2.269797,-0.19246558876978426,-0.16861248964742934,-0.023853099119537053,PreMarketWait,1
1718905015.75,2.274922,-0.18700323240091038,-0.17156002780204582,-0.015443204596068016,PreMarketWait,1
1718905016.0,2.274922,-0.18700323240091038,-0.17455287827762173,-0.012450354120486175,PreMarketWait,1
1718905016.25,2.280048,-0.18153981020640386,-0.17760874679235064,-0.003931063411214828,PreMarketWait,1
1718905016.5,2.278766,-0.1829061986678468,-0.18074738527342885,-0.0021588133915119,PreMarketWait,1
1718905016.75,2.280048,-0.18153981020640386,-0.1839902231878103,0.002450412984412801,PreMarketWait,1
1718905017.0,2.276204,-0.18563684393946744,-0.1873599277271255,0.0017230837907975618,PreMarketWait,1
1718905017.25,2.276204,-0.18563684393946744,-0.19087990378014696,0.005243059843984478,PreMarketWait,1
1718905017.5,2.274922,-0.18700323240091038,-0.1945737461682433,0.007570513770834497,PreMarketWait,1
1718905017.75,2.272359,-0.1897349434981641,-0.19846465762866572,0.008729714134229054,PreMarketWait,1
1718905018.0,2.269797,-0.19246558876978426,-0.20257484651074617,0.010109257744941836,PreMarketWait,1
1718905018.25,2.262108,-0.20066072206154448,-0.20692491812743596,0.006264196070146855,PreMarketWait,1
1718905018.5,2.25442,-0.2088547895276716,-0.21153327322453155,0.0026784837014093964,PreMarketWait,1
1718905018.75,2.248013,-0.21568353435798893,-0.21641552615310305,0.0007319917999709987,PreMarketWait,1
1718905019.0,2.241606,-0.22251227918830574,-0.22158395412562115,-0.0009283250575130367,PreMarketWait,1
1718905019.25,2.265952,-0.19656368832848092,-0.22704698746903937,0.030483299146045,PreMarketWait,1
1718905019.5,2.250575,-0.21295288908636828,-0.23280874911403204,0.019855860033458298,PreMarketWait,1
1718905019.75,2.258264,-0.20475775579460806,-0.23886864972725597,0.034110893938735905,PreMarketWait,1
1718905020.0,2.219822,-0.24573022477650994,-0.24522104296439096,-0.0005091818057590194,PreMarketWait,1
1718905020.25,2.205726,-0.26075410289858747,-0.2518549433955435,-0.008899159496440233,PreMarketWait,1
1718905020.5,2.196756,-0.2703145588261575,-0.25875380787639113,-0.01156075094295256,PreMarketWait,1
1718905020.75,2.190349,-0.2771433036564748,-0.26589537967171434,-0.011247923977774492,PreMarketWait,1
1718905021.0,2.185224,-0.2826056600253487,-0.27325159361557827,-0.009354066402652713,PreMarketWait,1
1718905021.25,2.177535,-0.29080079331710845,-0.2807885400774366,-0.01001225323246422,PreMarketWait,1
1718905021.5,2.171128,-0.29762953814742577,-0.2884664854833733,-0.009163052656796641,PreMarketWait,1
1718905021.75,2.167284,-0.30172657188048935,-0.29623994755174365,-0.005486624321482029,PreMarketWait,1
1718905022.0,2.157033,-0.31265235044386974,-0.30405782415479277,-0.00859452628184286,PreMarketWait,1
1718905022.25,2.144218,-0.32631090593013695,-0.31186357572100304,-0.014447330201962963,PreMarketWait,1
1718905022.5,2.133967,-0.33723668449351735,-0.3195954622596234,-0.017641222226815925,PreMarketWait,1
1718905022.75,2.126279,-0.34543075195964495,-0.3271868373352536,-0.018243914617431974,PreMarketWait,1
1718905023.0,2.126279,-0.34543075195964495,-0.3345665025591681,-0.010864249393658385,PreMarketWait,1
1718905023.25,2.122435,-0.34952778569270854,-0.34165912729441555,-0.007868658391634135,PreMarketWait,1
1718905023.5,2.121153,-0.3508941741541515,-0.348385739174298,-0.002508434973369918,PreMarketWait,1
1718905023.75,2.117309,-0.354991207887215,-0.3546642915775574,-0.0003269163033618322,PreMarketWait,1
1718905024.0,2.117309,-0.354991207887215,-0.3604103142624736,0.005419106381356615,PreMarketWait,1
1718905024.25,2.117309,-0.354991207887215,-0.3655376528327884,0.010546444951466411,PreMarketWait,1
1718905024.5,2.11859,-0.3536258852514047,-0.3699593015216344,0.016333416275912845,PreMarketWait,1
1718905024.75,2.11859,-0.3536258852514047,-0.37358833190481266,0.01996244665887893,PreMarketWait,1
1718905025.0,2.117309,-0.354991207887215,-0.3763389176020285,0.021347709720072244,PreMarketWait,1
1718905025.25,2.114746,-0.35772291898446873,-0.3781274518471273,0.020404532867706455,PreMarketWait,1
1718905025.5,2.11859,-0.3536258852514047,-0.37887375110233656,0.02524786585577098,PreMarketWait,1
1718905025.75,2.107058,-0.3659169864505959,-0.37850233379258635,0.012585347346623373,PreMarketWait,1
1718905026.0,2.110902,-0.3618199527175323,-0.3769437589098299,0.01512380619672719,PreMarketWait,1
1718905026.25,2.107058,-0.3659169864505959,-0.374136004867165,0.008219018420799263,PreMarketWait,1
1718905026.5,2.110902,-0.3618199527175323,-0.3700258647549087,0.008205912041411887,PreMarketWait,1
1718905026.75,2.119872,-0.35225949678996177,-0.3645703302406669,0.012310833454551758,PreMarketWait,1
1718905027.0,2.122435,-0.34952778569270854,-0.3577379329156844,0.008210147226640322,PreMarketWait,1
1718905027.25,2.133967,-0.33723668449351735,-0.34951000904794527,0.012273324557917688,PreMarketWait,1
1718905027.5,2.148063,-0.3222128063714403,-0.3398818515664574,0.01766904519833971,PreMarketWait,1
1718905027.75,2.158314,-0.3112870278080599,-0.32886371176904905,0.017576683964151702,PreMarketWait,1
1718905028.0,2.16344,-0.30582360561355293,-0.31648161281648673,0.01065800720594287,PreMarketWait,1
1718905028.25,2.174972,-0.2935325044143622,-0.30277793765616196,0.009245433244661275,PreMarketWait,1
1718905028.5,2.176254,-0.2921661159529188,-0.28781175572886,-0.004354360221339563,PreMarketWait,1
1718905028.75,2.183942,-0.28397204848679164,-0.27165885577975935,-0.012313192704450701,PreMarketWait,1
1718905029.0,2.195475,-0.27167988146196786,-0.2544114564394676,-0.01726842502005256,PreMarketWait,1
1718905029.25,2.195475,-0.27167988146196786,-0.23617757205193332,-0.035502309407717876,PreMarketWait,1
1718905029.5,2.204445,-0.2621194255343973,-0.21708001854025719,-0.04503940699195284,PreMarketWait,1
1718905029.75,2.210852,-0.2552906807040805,-0.1972550528853876,-0.05803562781663443,PreMarketWait,1
1718905030.0,2.233917,-0.230707412480066,-0.17685064992989116,-0.053856762548245875,PreMarketWait,1
1718905030.25,2.255701,-0.20748946689186132,-0.15602443149991377,-0.051465035390150043,PreMarketWait,1
1718905030.5,2.26339,-0.19929433360010154,-0.1349412749570635,-0.0643530586413753,PreMarketWait,1
1718905030.75,2.260827,-0.2020260446973548,-0.11377064085473171,-0.0882554038411,PreMarketWait,1
1718905031.0,2.264671,-0.19792901096429125,-0.09268367191885567,-0.10524533904405846,PreMarketWait,1
1718905031.25,2.277485,-0.18427152130365712,-0.07185012758518483,-0.11242139371724841,PreMarketWait,1
1718905031.5,2.321053,-0.13783563012724825,-0.051435229223061055,-0.08640040090312405,PreMarketWait,1
1718905031.75,2.399219,-0.05452430370200109,-0.031596500287709474,-0.022927803413396092,PreMarketWait,1
1718905032.0,2.479948,0.031518733820499335,-0.012480692197373688,0.043999426018595314,PreMarketWait,1
1718905032.25,2.551706,0.10800024958979658,0.005779110093618921,0.10222113949672267,PreMarketWait,1
1718905032.5,2.611933,0.17219172998553622,0.02306610980928975,0.14912562017661174,PreMarketWait,1
1718905032.75,2.642686,0.20496906567567788,0.03928205993127991,0.16568700574458245,PreMarketWait,1
1718905033.0,2.654219,0.21726123270050168,0.05434908757266293,0.16291214512784252,PreMarketWait,1
1718905033.25,2.652938,0.21589591006469136,0.06821101883764788,0.14768489122686723,PreMarketWait,1
1718905033.5,2.641405,0.20360374303986756,0.0808341602339154,0.12276958280559615,PreMarketWait,1
1718905033.75,2.623465,0.18448283118472694,0.09220751355727262,0.09227531762691725,PreMarketWait,1
1718905034.0,2.605525,0.1653619193295863,0.10234242317281904,0.06301949615604546,PreMarketWait,1
1718905034.25,2.587586,0.1462420733000783,0.11127167641153152,0.0349703968876339,PreMarketWait,1
1718905034.5,2.561958,0.11892709397881054,0.11904809811770706,-0.00012100414001010862,PreMarketWait,1
1718905034.75,2.547862,0.10390321585673301,0.12574269813577169,-0.021839482280366,PreMarketWait,1
1718905035.0,2.532485,0.08751401509884564,0.13144244486619439,-0.043928429768905715,PreMarketWait,1
1718905035.25,2.524797,0.0793199476327185,0.13624774836358927,-0.05692780073267557,PreMarketWait,1
1718905035.5,2.514545,0.06839310324370501,0.14026974247627977,-0.07187663923464706,PreMarketWait,1
1718905035.75,2.506857,0.06019903577757788,0.14362745717016023,-0.08342842139494228,PreMarketWait,1
1718905036.0,2.506857,0.06019903577757788,0.1464449696016469,-0.08624593382673607,PreMarketWait,1
1718905036.25,2.494043,0.04654154611694376,0.14884861605744162,-0.10230706994348976,PreMarketWait,1
1718905036.5,2.492762,0.045176223481133454,0.15096433707236354,-0.1057881135945618,PreMarketWait,1
1718905036.75,2.483792,0.035615767553563375,0.15291521550823395,-0.11729944795835325,PreMarketWait,1
1718905037.0,2.48251,0.03424937909211996,0.15481925287053722,-0.12056987378245716,PreMarketWait,1
1718905037.25,2.487636,0.03971280128662694,0.15678741349117756,-0.1170746122089484,PreMarketWait,1
1718905037.5,2.517108,0.07112481434095827,0.15892195033341913,-0.0877971359972108,PreMarketWait,1
1718905037.75,2.574772,0.1325845836394442,0.16131501106636995,-0.02873042743201537,PreMarketWait,1
1718905038.0,2.640124,0.2022384204040577,0.16404750973594823,0.038190910662699654,PreMarketWait,1
1718905038.25,2.713164,0.2800863246347979,0.16718823882252215,0.11289808580657193,PreMarketWait,1
1718905038.5,2.751606,0.32105879361670026,0.17079318957617737,0.15026560403455752,PreMarketWait,1
1718905038.75,2.770827,0.3415450281076512,0.17490504582698396,0.16663998227447802,PreMarketWait,1
1718905039.0,2.772109,0.34291141656909413,0.17955281812804627,0.16335859843467643,PreMarketWait,1
1718905039.25,2.758013,0.32788753844701707,0.18475159076183234,0.1431359476786746,PreMarketWait,1
1718905039.5,2.725978,0.293743814295432,0.19050236302102208,0.10324145126780539,PreMarketWait,1
1718905039.75,2.693943,0.25960009014384694,0.1967919771151308,0.06280811302206121,PreMarketWait,1
1718905040.0,2.676003,0.24047917828870632,0.20359313672940205,0.036886041552641746,PreMarketWait,1
1718905040.25,2.659345,0.22272465489500864,0.21086453134842834,0.011860123539950668,PreMarketWait,1
1718905040.5,2.634998,0.19677499820955074,0.21855109077506862,-0.021776092572077535,PreMarketWait,1
1718905040.75,2.620902,0.18175112008747368,0.22658440088937934,-0.04483328080836245,PreMarketWait,1
1718905041.0,2.606807,0.16672830779102923,0.23488331495037856,-0.06815500716567552,PreMarketWait,1
1718905041.25,2.595274,0.15443614076620543,0.24335479427898418,-0.08891865351895192,PreMarketWait,1
1718905041.5,2.587586,0.1462420733000783,0.25189500787769875,-0.10565293458362376,PreMarketWait,1
1718905041.75,2.576053,0.1339499062752545,0.2603907125997057,-0.12644080633027324,PreMarketWait,1
1718905042.0,2.567083,0.12438945034768395,0.2687209242708581,-0.14433147392880857,PreMarketWait,1
1718905042.25,2.559395,0.11619538288155681,0.2767588763023388,-0.1605634934262274,PreMarketWait,1
1718905042.5,2.563239,0.12029241661462038,0.28437424661683414,-0.1640818300074726,PreMarketWait,1
1718905042.75,2.60937,0.16946001888828296,0.2914356171366054,-0.12197559825340018,PreMarketWait,1
1718905043.0,2.683692,0.24867431158046657,0.2978131138010259,-0.049138802225463976,PreMarketWait,1
1718905043.25,2.761857,0.33198457218008065,0.30338116036749685,0.02860341180784237,PreMarketWait,1
1718905043.5,2.832335,0.4071018311392007,0.30802126740300023,0.09908056373161028,PreMarketWait,1
1718905043.75,2.881028,0.4590000786844834,0.31162477006365397,0.14737530861637682,PreMarketWait,1
1718905044.0,2.906657,0.4863161238313843,0.31409542533536045,0.1722206984916936,PreMarketWait,1
1718905044.25,2.895931,0.47488407809235195,0.31535178173532313,0.15953229635280458,PreMarketWait,1
1718905044.5,2.870303,0.4475690987710837,0.3153292418595931,0.13223985690735468,PreMarketWait,1
1718905044.75,2.835705,0.4106936635222454,0.3139817498947769,0.09671191362340217,PreMarketWait,1
1718905045.0,2.799825,0.37245183981196367,0.31128305119791777,0.06116878861002925,PreMarketWait,1
1718905045.25,2.774197,0.3451368604906959,0.307227487999296,0.037909372487411636,PreMarketWait,1
1718905045.5,2.740881,0.3096278137033005,0.301830312910611,0.007797500788707334,PreMarketWait,1
1718905045.75,2.72166,0.28914157921234956,0.29512751909000745,-0.005985939881656632,PreMarketWait,1
1718905046.0,2.70372,0.270020667357209,0.2871752017297262,-0.017154534376554884,PreMarketWait,1
1718905046.25,2.680655,0.24543739913319398,0.2780484793621536,-0.032611080233057185,PreMarketWait,1
1718905046.5,2.666559,0.23041352101111692,0.26784001494730114,-0.03742649394036018,PreMarketWait,1
1718905046.75,2.655026,0.21812135398629312,0.25665818564605125,-0.03853683166402792,PreMarketWait,1
1718905047.0,2.646057,0.20856196388435566,0.24462495660879854,-0.03606299272881835,PreMarketWait,1
1718905047.25,2.637087,0.1990015079567856,0.23187351816150498,-0.03287201020920873,PreMarketWait,1
1718905047.5,2.63068,0.1921727631264683,0.2185457476896229,-0.02637298456776202,PreMarketWait,1
1718905047.75,2.62171,0.18261230719889823,0.20478955760272938,-0.022177250408556684,PreMarketWait,1
1718905048.0,2.614021,0.17441717390713798,0.1907561893304372,-0.016339015428138565,PreMarketWait,1
1718905048.25,2.599926,0.15939436161069356,0.1765975106683052,-0.017203149062556378,PreMarketWait,1
1718905048.5,2.590956,0.14983390568312302,0.16246337024941457,-0.012629464571329338,PreMarketWait,1
1718905048.75,2.581986,0.14027344975555295,0.14849905871412114,-0.00822560896368299,PreMarketWait,1
1718905049.0,2.580705,0.13890812711974262,0.13484292149928856,0.004065205615281786,PreMarketWait,1
1718905049.25,2.569172,0.12661596009491882,0.12162416324473879,0.00499179684497289,PreMarketWait,1
1718905049.5,2.567891,0.1252506374591085,0.10896087875884294,0.016289758695048874,PreMarketWait,1
1718905049.75,2.557639,0.11432379307009502,0.096958340396354,0.017365452668542135,PreMarketWait,1
1718905050.0,2.54867,0.10476440296815756,0.08570756662893558,0.019056836334069426,PreMarketWait,1
1718905050.25,2.540981,0.09656926967639733,0.07528419152490583,0.02128507814641417,PreMarketWait,1
1718905050.5,2.505102,0.05832851179174871,0.0657476497362642,-0.007419137949489216,PreMarketWait,1
1718905050.75,2.461534,0.011892620615339848,0.05714068630961679,-0.04524806569912002,PreMarketWait,1
1718905051.0,2.450001,-0.000399546409483956,0.049489195063668716,-0.049888741477839935,PreMarketWait,1
1718905051.25,2.461534,0.011892620615339848,0.042802383303075765,-0.03090976269224439,PreMarketWait,1
1718905051.5,2.45769,0.007795586882276279,0.037073254242342195,-0.029277667364375058,PreMarketWait,1
1718905051.75,2.451283,0.0009668420519594577,0.03227939179774986,-0.03131254974988221,PreMarketWait,1
1718905052.0,2.43078,-0.020885780900434896,0.028384025599972943,-0.049269806504266864,PreMarketWait,1
1718905052.25,2.438468,-0.012691713434307758,0.02533734749269763,-0.03802906093061876,PreMarketWait,1
1718905052.5,2.488443,0.040572922572418395,0.02307804474401451,0.01749487782504655,PreMarketWait,1
1718905052.75,2.499976,0.0528650895972422,0.021535010035220323,0.03133007955892861,PreMarketWait,1
1718905053.0,2.498695,0.05149976696143189,0.020629184318038764,0.030870582640569494,PreMarketWait,1
1718905053.25,2.492288,0.04467102213111459,0.020275486106740015,0.02439553602182346,PreMarketWait,1
1718905053.5,2.491006,0.04330463366967165,0.02038477984457515,0.022919853822818033,PreMarketWait,1
1718905053.75,2.488443,0.040572922572418395,0.02086583665062517,0.019707085919784803,PreMarketWait,1
1718905054.0,2.491006,0.04330463366967165,0.021627242875872737,0.02167739079205519,PreMarketWait,1
1718905054.25,2.492288,0.04467102213111459,0.022579215264328597,0.02209180686529902,PreMarketWait,1
1718905054.5,2.49485,0.047401667402735215,0.023635285897133453,0.02376638150436109,PreMarketWait,1
1718905054.75,2.492288,0.04467102213111459,0.024713825274615995,0.019957196855491466,PreMarketWait,1
1718905055.0,2.493569,0.046036344766924905,0.025739377654367315,0.02029696711176917,PreMarketWait,1
1718905055.25,2.493569,0.046036344766924905,0.02664378890826551,0.019392555858073042,PreMarketWait,1
1718905055.5,2.488443,0.040572922572418395,0.02736711348477692,0.013205809087238965,PreMarketWait,1
1718905055.75,2.485881,0.03784227730079777,0.02785829336409881,0.009983983936460777,PreMarketWait,1
1718905056.0,2.479474,0.031013532470480946,0.028075607979943504,0.0029379244904430973,PreMarketWait,1
1718905056.25,2.474348,0.025550110275973963,0.027986899775020467,-0.002436789499018048,PreMarketWait,1
1718905056.5,2.474348,0.025550110275973963,0.027569585203172507,-0.00201947492706844,PreMarketWait,1
1718905056.75,2.471785,0.02281839917872071,0.026810465468329495,-0.003992066289397906,PreMarketWait,1
1718905057.0,2.466659,0.01735497698421373,0.025705355017467995,-0.008350378032982823,PreMarketWait,1
1718905057.25,2.464097,0.014624331712593575,0.02425854874066961,-0.009634217027763198,PreMarketWait,1
1718905057.5,2.465378,0.015989654348403416,0.022482150970432036,-0.0064924966216921565,PreMarketWait,1
1718905057.75,2.467941,0.018721365445657143,0.020395290736556826,-0.0016739252905556348,PreMarketWait,1
1718905058.0,2.458971,0.009160909518086593,0.018023248365108453,-0.008862338846684355,PreMarketWait,1
1718905058.25,2.450001,-0.000399546409483956,0.015396518466974374,-0.01579606487613942,PreMarketWait,1
1718905058.5,2.443594,-0.007228291239800778,0.012549833706485023,-0.01977812494599541,PreMarketWait,1
1718905058.75,2.44872,-0.0017648690452942697,0.009521172539003633,-0.011286041584043737,PreMarketWait,1
1718905059.0,2.450001,-0.000399546409483956,0.006350772432444713,-0.006750318841716205,PreMarketWait,1
1718905059.25,2.444875,-0.005862968603990464,0.0030801680339523126,-0.008943136637775347,PreMarketWait,1
1718905059.5,2.450001,-0.000399546409483956,-0.0002487285780297884,-0.00015081783133305895,PreMarketWait,1
1718905059.75,2.446157,-0.004496580142547524,-0.0035944908849078125,-0.0009020892575643084,PreMarketWait,1
1718905060.0,2.446157,-0.004496580142547524,-0.006916971999855726,0.002420391857340231,PreMarketWait,1
1718905060.25,2.438468,-0.012691713434307758,-0.010178020123561341,-0.0025136933107539113,PreMarketWait,1
1718905060.5,2.435906,-0.015422358705927914,-0.013342108052966711,-0.002080250653003075,PreMarketWait,1
1718905060.75,2.433343,-0.01815406980318164,-0.016376871647120875,-0.0017771981561307756,PreMarketWait,1
1718905061.0,2.433343,-0.01815406980318164,-0.019253554242816356,0.0010994844395436974,PreMarketWait,1
1718905061.25,2.429499,-0.02225110353624521,-0.021947355946396786,-0.00030374758995263757,PreMarketWait,1
1718905061.5,2.426936,-0.02498281463349846,-0.024437688498426167,-0.0005451261351813947,PreMarketWait,1
1718905061.75,2.428217,-0.023617491997688148,-0.026708338005045892,0.0030908460072523536,PreMarketWait,1
1718905062.0,2.425654,-0.026349203094941404,-0.02874753924575965,0.002398336150725257,PreMarketWait,1
1718905062.25,2.42181,-0.030446236828005444,-0.030547966498417782,0.00010172967034032844,PreMarketWait,1
1718905062.5,2.417966,-0.03454327056106901,-0.03210664687003249,-0.0024366236910792413,PreMarketWait,1
1718905062.75,2.415403,-0.03727498165832226,-0.0334248029934963,-0.0038501786648315207,PreMarketWait,1
1718905063.0,2.414122,-0.03864030429413258,-0.03450763265460847,-0.004132671639485117,PreMarketWait,1
1718905063.25,2.408996,-0.04410372648863909,-0.03536403345732109,-0.008739693031227595,PreMarketWait,1
1718905063.5,2.426128,-0.025844001744923014,-0.036006281014487246,0.010162279269712344,PreMarketWait,1
1718905063.75,2.426128,-0.025844001744923014,-0.03644966935060906,0.01060566760589748,PreMarketWait,1
1718905064.0,2.422284,-0.029941035477986582,-0.036712122197729694,0.006771086720022655,PreMarketWait,1
1718905064.25,2.426128,-0.025844001744923014,-0.03681378363590154,0.010969781891330025,PreMarketWait,1
1718905064.5,2.423566,-0.028574647016543168,-0.03677659607733198,0.008201949061215096,PreMarketWait,1
1718905064.75,2.419721,-0.03267274657523984,-0.03662387295164826,0.003951126376911229,PreMarketWait,1
1718905065.0,2.421003,-0.031306358113796895,-0.03637987267966153,0.005073514566444573,PreMarketWait,1
1718905065.25,2.414596,-0.03813510294411372,-0.03606937969956791,-0.0020657232438893464,PreMarketWait,1
1718905065.5,2.421003,-0.031306358113796895,-0.03571729750776317,0.0044109393946973495,PreMarketWait,1
1718905065.75,2.414596,-0.03813510294411372,-0.035348257961462404,-0.002786844981848795,PreMarketWait,1
1718905066.0,2.412033,-0.040866814041366974,-0.034986250511681666,-0.005880563528815769,PreMarketWait,1
1718905066.25,2.412033,-0.040866814041366974,-0.034654274625396116,-0.006212539415039798,PreMarketWait,1
1718905066.5,2.405626,-0.047695558871684265,-0.03437401843085326,-0.013321540439844742,PreMarketWait,1
1718905066.75,2.401782,-0.051792592604747834,-0.034165566578593945,-0.01762702602511932,PreMarketWait,1
1718905067.0,2.403063,-0.050427269968937524,-0.034047140429740774,-0.016380129538121055,PreMarketWait,1
1718905067.25,2.405626,-0.047695558871684265,-0.03403487391286729,-0.013660684957707354,PreMarketWait,1
1718905067.5,2.406907,-0.046330236235873956,-0.034142628651483355,-0.012187607583254031,PreMarketWait,1
1718905067.75,2.431254,-0.020380579550416035,-0.034381852147914976,0.014001272598655922,PreMarketWait,1
1718905068.0,2.438942,-0.012186512084288899,-0.03476148279087295,0.022574970707755552,PreMarketWait,1
1718905068.25,2.433817,-0.01764886845316278,-0.03528790511270665,0.017639036660724763,PreMarketWait,1
1718905068.5,2.431254,-0.020380579550416035,-0.035964957973108155,0.015584378423878113,PreMarketWait,1
1718905068.75,2.428691,-0.023112290647669287,-0.0367939971685769,0.013681706522095391,PreMarketWait,1
1718905069.0,2.424847,-0.027209324380732855,-0.037774012416970836,0.010564688037425305,PreMarketWait,1
1718905069.25,2.421003,-0.031306358113796895,-0.038901796859499946,0.007595438746888776,PreMarketWait,1
1718905069.5,2.41844,-0.034038069211050154,-0.04017216530111687,0.0061340960912508865,PreMarketWait,1
1718905069.75,2.417158,-0.03540445767249309,-0.04157821551469161,0.00617375784338234,PreMarketWait,1
1718905070.0,2.413314,-0.03950149140555666,-0.04311162518726312,0.0036101337828922326,PreMarketWait,1
1718905070.25,2.406907,-0.046330236235873956,-0.044762975589078914,-0.0015672606456040867,PreMarketWait,1
1718905070.5,2.406907,-0.046330236235873956,-0.04652209187875353,0.00019185564407975407,PreMarketWait,1
1718905070.75,2.404344,-0.04906194733312721,-0.048378389183222896,-0.0006835581486901532,PreMarketWait,1
1718905071.0,2.399219,-0.05452430370200109,-0.05032121325437965,-0.0042030904463878915,PreMarketWait,1
1718905071.25,2.401782,-0.051792592604747834,-0.052340164632923916,0.0005475720294350348,PreMarketWait,1
1718905071.5,2.373591,-0.08183928302326933,-0.05442539585512039,-0.027413887166858088,PreMarketWait,1
1718905071.75,2.367183,-0.08866909367921924,-0.05656787231589294,-0.03210122136199666,PreMarketWait,1
1718905072.0,2.367183,-0.08866909367921924,-0.05875958892930038,-0.029909504748543106,PreMarketWait,1
1718905072.25,2.385123,-0.06954818182407815,-0.0609937366489919,-0.00855444517365661,PreMarketWait,1
1718905072.5,2.388968,-0.06545008226538147,-0.06326481511849533,-0.0021852671453943644,PreMarketWait,1
1718905072.75,2.394093,-0.05998772589650807,-0.06556869004949994,0.005580964154554509,PreMarketWait,1
1718905073.0,2.388968,-0.06545008226538147,-0.06790259618125088,0.0024525139175119812,PreMarketWait,1
1718905073.25,2.390249,-0.06408475962957164,-0.07026508867924557,0.006180329051405583,PreMarketWait,1
1718905073.5,2.387686,-0.0668164707268249,-0.07265594746688901,0.005839476741893661,PreMarketWait,1
1718905073.75,2.392812,-0.06135304853231791,-0.07507604019640209,0.013722991666019589,PreMarketWait,1
1718905074.0,2.385123,-0.06954818182407815,-0.07752715035409262,0.007978968532062468,PreMarketWait,1
1718905074.25,2.383842,-0.07091350445988846,-0.08001177739215573,0.009098272934433025,PreMarketWait,1
1718905074.5,2.373591,-0.08183928302326933,-0.08253291583781895,0.000693632816836565,PreMarketWait,1
1718905074.75,2.374872,-0.080473960387459,-0.08509382011967366,0.004619859734624242,PreMarketWait,1
1718905075.0,2.369746,-0.08593738258196552,-0.08769776144735178,0.0017603788679179042,PreMarketWait,1
1718905075.25,2.367183,-0.08866909367921924,-0.09034778255836826,0.001678688881799938,PreMarketWait,1
1718905075.5,2.371028,-0.08457099412052257,-0.09304645556646159,0.008475461448704147,PreMarketWait,1
1718905075.75,2.367183,-0.08866909367921924,-0.09579564755538567,0.0071265538790384044,PreMarketWait,1
1718905076.0,2.362058,-0.09413145004809266,-0.09859629799668247,0.004464847951559058,PreMarketWait,1
1718905076.25,2.353088,-0.1036919059756632,-0.10144821156352705,-0.0022436944090811588,PreMarketWait,1
1718905076.5,2.33643,-0.12144642936936088,-0.10434986950424652,-0.017096559861986785,PreMarketWait,1
1718905076.75,2.335148,-0.1228128178308043,-0.10729826247113254,-0.015514555356486187,PreMarketWait,1
1718905077.0,2.333867,-0.12417814046661414,-0.11028874760581815,-0.013889392857568099,PreMarketWait,1
1718905077.25,2.333867,-0.12417814046661414,-0.1133149327651087,-0.010863207698251498,PreMarketWait,1
1718905077.5,2.360776,-0.09549783850953607,-0.1163685909893775,0.020870752483105104,PreMarketWait,1
1718905077.75,2.332586,-0.12554346310242445,-0.11943960858697215,-0.006103854512194852,PreMarketWait,1
1718905078.0,2.331304,-0.12690985156386786,-0.12251597043374812,-0.00439388112688404,PreMarketWait,1
1718905078.25,2.32746,-0.13100688529693144,-0.12558378618516544,-0.005423099108566606,PreMarketWait,1
1718905078.5,2.322334,-0.13647030749143796,-0.12862736102456687,-0.007842946463721046,PreMarketWait,1
1718905078.75,2.323616,-0.135103919029995,-0.131629314309845,-0.003474604717060332,PreMarketWait,1
1718905079.0,2.323616,-0.135103919029995,-0.13457074902060195,-0.0005331700063724359,PreMarketWait,1
1718905079.25,2.322334,-0.13647030749143796,-0.13743147422386598,0.000961166735373672,PreMarketWait,1
1718905079.5,2.323616,-0.135103919029995,-0.14019028182945112,0.0050863628023239075,PreMarketWait,1
1718905079.75,2.321053,-0.13783563012724825,-0.14282527765588623,0.004989647531428129,PreMarketWait,1
1718905080.0,2.31849,-0.1405673412245015,-0.14531426524601596,0.004746924024230673,PreMarketWait,1
1718905080.25,2.315927,-0.14329905232175524,-0.14763517894867303,0.004336126629567307,PreMarketWait,1
1718905080.5,2.31849,-0.1405673412245015,-0.14976656053049553,0.009199219308587272,PreMarketWait,1
1718905080.75,2.319772,-0.13920095276305858,-0.15168807102824522,0.012487118267737114,PreMarketWait,1
1718905081.0,2.330023,-0.1282751741996777,-0.15338102673749415,0.025105852540339993,PreMarketWait,1
1718905081.25,2.392812,-0.06135304853231791,-0.15482894521124965,0.09347589668144607,PreMarketWait,1
1718905081.5,2.428691,-0.023112290647669287,-0.15601808398997152,0.13290579334482605,PreMarketWait,1
1718905081.75,2.39153,-0.06271943699376133,-0.1569379516423426,0.09421851465113298,PreMarketWait,1
1718905082.0,2.331304,-0.12690985156386786,-0.15758176783130493,0.030671916270033378,PreMarketWait,1
1718905082.25,2.251857,-0.21158650062492487,-0.15794684699149764,-0.05363965363077269,PreMarketWait,1
1718905082.5,2.205726,-0.26075410289858747,-0.15803487945730738,-0.1027192234385575,PreMarketWait,1
1718905082.75,2.159595,-0.3099217051722496,-0.15785208521422134,-0.15206961995523158,PreMarketWait,1
1718905083.0,2.148063,-0.3222128063714403,-0.15740921938728494,-0.1648035869812818,PreMarketWait,1
1718905083.25,2.158314,-0.3112870278080599,-0.15672141527232336,-0.15456561253278525,PreMarketWait,1
1718905083.5,2.183942,-0.28397204848679164,-0.15580785981413273,-0.12816418866963014,PreMarketWait,1
1718905083.75,2.23648,-0.22797570138281273,-0.15469130714037366,-0.07328439423933364,PreMarketWait,1
1718905084.0,2.355651,-0.10096019487840995,-0.1533974469446829,0.05243725206945421,PreMarketWait,1
1718905084.25,2.383842,-0.07091350445988846,-0.15195415491638575,0.08104065045975387,PreMarketWait,1
1718905084.5,2.396656,-0.057256014799254344,-0.15039066085760333,0.09313464606168093,PreMarketWait,1
1718905084.75,2.383842,-0.07091350445988846,-0.14873667572810845,0.07782317127162748,PreMarketWait,1
1718905085.0,2.362058,-0.09413145004809266,-0.14702152118358322,0.052890071138973545,PreMarketWait,1
1718905085.25,2.360776,-0.09549783850953607,-0.14527330427834714,0.049775465772369056,PreMarketWait,1
1718905085.5,2.371028,-0.08457099412052257,-0.14351817631760963,0.0589471822007189,PreMarketWait,1
1718905085.75,2.358214,-0.0982284837811567,-0.14177970898323383,0.04355122520578086,PreMarketWait,1
1718905086.0,2.355651,-0.10096019487840995,-0.14007841346453234,0.03911821858989494,PreMarketWait,1
1718905086.25,2.346681,-0.1105206508059805,-0.13843141999297548,0.027910769190832026,PreMarketWait,1
1718905086.5,2.342837,-0.11461768453904407,-0.1368523264330085,0.022234641897860168,PreMarketWait,1
1718905086.75,2.33643,-0.12144642936936088,-0.13535121588996726,0.013904786524553465,PreMarketWait,1
1718905087.0,2.333867,-0.12417814046661414,-0.13393483507326848,0.009756694610643879,PreMarketWait,1
1718905087.25,2.331304,-0.12690985156386786,-0.13260691774672823,0.005697066186882142,PreMarketWait,1
1718905087.5,2.323616,-0.135103919029995,-0.13136863128616752,-0.003735287739784904,PreMarketWait,1
1718905087.75,2.317209,-0.14193266386031184,-0.13021911935758596,-0.0117135444986748,PreMarketWait,1
1718905088.0,2.315927,-0.14329905232175524,-0.12915611017491704,-0.014142942142791316,PreMarketWait,1
1718905088.25,2.308239,-0.15149311978788238,-0.12817655778400622,-0.02331656199984633,PreMarketWait,1
1718905088.5,2.305676,-0.15422483088513564,-0.1272772833798397,-0.02694754750129568,PreMarketWait,1
1718905088.75,2.303113,-0.1569565419823889,-0.12645558476798702,-0.030500957210442974,PreMarketWait,1
1718905089.0,2.299269,-0.16105357571545292,-0.12570978463959906,-0.03534379107194699,PreMarketWait,1
1718905089.25,2.299269,-0.16105357571545292,-0.12503969219629307,-0.036013883515314093,PreMarketWait,1
1718905089.5,2.290299,-0.170614031643023,-0.12444695763930701,-0.04616707399993845,PreMarketWait,1
1718905089.75,2.289018,-0.17197935427883332,-0.12393530488281788,-0.04804404939231094,PreMarketWait,1
1718905090.0,2.296706,-0.16378528681270618,-0.12351063427946,-0.0402746525296171,PreMarketWait,1
1718905090.25,2.30952,-0.15012779715207206,-0.12318099383372784,-0.026946803314790248,PreMarketWait,1
1718905090.5,2.328741,-0.12964156266112112,-0.12295642396903017,-0.006685138688609059,PreMarketWait,1
1718905090.75,2.342837,-0.11461768453904407,-0.12284868703018142,0.008231002494552948,PreMarketWait,1
1718905091.0,2.356932,-0.09959487224259964,-0.12287089798101429,0.023276025741772382,PreMarketWait,1
1718905091.25,2.359495,-0.09686316114534638,-0.12303707689011555,0.026173915748079524,PreMarketWait,1
1718905091.5,2.363339,-0.09276612741228281,-0.12336164658072277,0.03059551917171488,PreMarketWait,1
1718905091.75,2.360776,-0.09549783850953607,-0.12385890017332533,0.028361061667041748,PreMarketWait,1
1718905092.0,2.356932,-0.09959487224259964,-0.12454246321535786,0.024947590976002035,PreMarketWait,1
1718905092.25,2.358214,-0.0982284837811567,-0.12542477381605202,0.027196290038144805,PreMarketWait,1
1718905092.5,2.355651,-0.10096019487840995,-0.1265166018967093,0.025556407021569423,PreMarketWait,1
1718905092.75,2.341555,-0.115984073000487,-0.12782662557094607,0.011842552573764868,PreMarketWait,1
1718905093.0,2.340274,-0.11734939563629732,-0.12936107903763755,0.01201168340469673,PreMarketWait,1
1718905093.25,2.337711,-0.12008110673355057,-0.13112348244545421,0.011042375715325146,PreMarketWait,1
1718905093.5,2.328741,-0.12964156266112112,-0.13311446019631176,0.0034728975386905912,PreMarketWait,1
1718905093.75,2.323616,-0.135103919029995,-0.1353316502891478,0.00022773126274322486,PreMarketWait,1
1718905094.0,2.319772,-0.13920095276305858,-0.13776970372068953,-0.0014312490386777944,PreMarketWait,1
1718905094.25,2.310802,-0.14876140869062912,-0.14042036977303599,-0.008341038913792717,PreMarketWait,1
1718905094.5,2.310802,-0.14876140869062912,-0.14327266030895705,-0.005488748377756356,PreMarketWait,1
1718905094.75,2.308239,-0.15149311978788238,-0.14631308400940796,-0.0051800357744396335,PreMarketWait,1
1718905095.0,2.314646,-0.14466437495756507,-0.14952593983481935,0.004861564881409422,PreMarketWait,1
1718905095.25,2.303113,-0.1569565419823889,-0.15289365785523873,-0.004062884122875902,PreMarketWait,1
1718905095.5,2.295425,-0.1651506094485165,-0.15639717494062347,-0.008753434503503413,PreMarketWait,1
1718905095.75,2.292862,-0.16788232054576974,-0.16001633259475,-0.007865987946520958,PreMarketWait,1
1718905096.0,2.290299,-0.170614031643023,-0.16373028442272974,-0.006883747215693915,PreMarketWait,1
1718905096.25,2.286455,-0.17471106537608658,-0.16751790131343272,-0.0071931640579643,PreMarketWait,1
1718905096.5,2.280048,-0.18153981020640386,-0.17135816335655954,-0.01018164684507587,PreMarketWait,1
1718905096.75,2.281329,-0.18017448757059354,-0.17523052874788145,-0.004943958817876222,PreMarketWait,1
1718905097.0,2.268515,-0.19383197723122766,-0.17911527140167735,-0.014716705824658033,PreMarketWait,1
1718905097.25,2.271078,-0.19110026613397393,-0.1829937806165558,-0.008106485512479432,PreMarketWait,1
1718905097.5,2.271078,-0.19110026613397393,-0.1868488178557186,-0.004251448273278896,PreMarketWait,1
1718905097.75,2.272359,-0.1897349434981641,-0.19066472742727109,0.0009297839341139685,PreMarketWait,1
1718905098.0,2.277485,-0.18427152130365712,-0.19442759950346014,0.01015607820483514,PreMarketWait,1
1718905098.25,2.272359,-0.1897349434981641,-0.19812538542287395,0.008390441929763277,PreMarketWait,1
1718905098.5,2.262108,-0.20066072206154448,-0.20174796651737956,0.0010872444609078295,PreMarketWait,1
1718905098.75,2.256983,-0.20612307843041838,-0.20528717876792338,-0.0008358996574034626,PreMarketWait,1
1718905099.0,2.253138,-0.21022117798911505,-0.2087367964277995,-0.001484381556204427,PreMarketWait,1
1718905099.25,2.250575,-0.21295288908636828,-0.21209247839112064,-0.0008604106901151697,PreMarketWait,1
1718905099.5,2.248013,-0.21568353435798893,-0.21535168156560028,-0.0003318527872323805,PreMarketWait,1
1718905099.75,2.24545,-0.21841524545524219,-0.2185135458583604,9.830040830103182e-05,PreMarketWait,1
1718905100.0,2.246731,-0.21704992281943186,-0.22157875561099993,0.0045288327967802034,PreMarketWait,1
1718905100.25,2.241606,-0.22251227918830574,-0.22454938242461242,0.002037103241550568,PreMarketWait,1
1718905100.5,2.242887,-0.22114695655249542,-0.2274287142939684,0.006281757746750518,PreMarketWait,1
1718905100.75,2.239043,-0.225243990285559,-0.2302210758250786,0.004977085544832301,PreMarketWait,1
1718905101.0,2.232636,-0.23207273511587628,-0.23293164405373668,0.0008589089432094084,PreMarketWait,1
1718905101.25,2.231354,-0.23343912357731922,-0.23556626403705155,0.002127140465118852,PreMarketWait,1
1718905101.5,2.224947,-0.24026786840763653,-0.23813126798664952,-0.0021366004155613932,PreMarketWait,1
1718905101.75,2.223666,-0.24163319104344635,-0.24063330128557772,-0.000999889752401598,PreMarketWait,1
1718905102.0,2.219822,-0.24573022477650994,-0.24307915831151097,-0.0026510664594870644,PreMarketWait,1
1718905102.25,2.214696,-0.2511936469710169,-0.24547563059730443,-0.005718016368151183,PreMarketWait,1
1718905102.5,2.214696,-0.2511936469710169,-0.24782936950420348,-0.003364277461197529,PreMarketWait,1
1718905102.75,2.210852,-0.2552906807040805,-0.25014676525834073,-0.005143915440063922,PreMarketWait,1
1718905103.0,2.213415,-0.2525589696068272,-0.25243384389114215,-0.00012512570994465842,PreMarketWait,1
1718905103.25,2.217259,-0.24846193587376367,-0.25469618330288757,0.0062342474349322856,PreMarketWait,1
1718905103.5,2.217259,-0.24846193587376367,-0.2569388493044735,0.008476913436587855,PreMarketWait,1
1718905103.75,2.217259,-0.24846193587376367,-0.25916635205668664,0.010704416188870334,PreMarketWait,1
1718905104.0,2.20957,-0.2566570691655239,-0.261382622804379,0.00472555364486993,PreMarketWait,1
1718905104.25,2.203163,-0.2634858139958407,-0.2635910102044642,0.00010519621470255099,PreMarketWait,1
1718905104.5,2.2006,-0.266217525093094,-0.2657942949080377,-0.000423230178917172,PreMarketWait,1
1718905104.75,2.201882,-0.26485113663165105,-0.2679947204326697,0.0031435838072126233,PreMarketWait,1
1718905105.0,2.196756,-0.2703145588261575,-0.2701940378073859,-0.0001205210125293356,PreMarketWait,1
1718905105.25,2.191631,-0.27577691519503145,-0.27239356103415585,-0.0033833541545926498,PreMarketWait,1
1718905105.5,2.187786,-0.2798750147537281,-0.2745942301131148,-0.005280784634297919,PreMarketWait,1
1718905105.75,2.191631,-0.27577691519503145,-0.27679667823789783,0.001019763049205774,PreMarketWait,1
1718905106.0,2.191631,-0.27577691519503145,-0.2790012997859106,0.003224384597234546,PreMarketWait,1
1718905106.25,2.182661,-0.285337371122602,-0.2812083159003668,-0.0041290552158710315,PreMarketWait,1
1718905106.5,2.176254,-0.2921661159529188,-0.2834178347736754,-0.008748281172876456,PreMarketWait,1
1718905106.75,2.173691,-0.29489782705017253,-0.2856299041806767,-0.009267922863129855,PreMarketWait,1
1718905107.0,2.176254,-0.2921661159529188,-0.28784455436125206,-0.004321561585302685,PreMarketWait,1
1718905107.25,2.17241,-0.2962631496859824,-0.2900618299954467,-0.006201319684171565,PreMarketWait,1
1718905107.5,2.174972,-0.2935325044143622,-0.29228181071654574,-0.0012506936914471398,PreMarketWait,1
1718905107.75,2.174972,-0.2935325044143622,-0.2945046203188321,0.0009721159108525904,PreMarketWait,1
1718905108.0,2.173691,-0.29489782705017253,-0.29673042548038087,0.00183259843661506,PreMarketWait,1
1718905108.25,2.169847,-0.2989948607832361,-0.29895942538588965,-3.543539090283517e-05,PreMarketWait,1
1718905108.5,2.171128,-0.29762953814742577,-0.3011918340630765,0.0035622959221455063,PreMarketWait,1
1718905108.75,2.169847,-0.2989948607832361,-0.3034278575186875,0.004432996742012315,PreMarketWait,1
1718905109.0,2.167284,-0.30172657188048935,-0.30566766787238336,0.003941095998536699,PreMarketWait,1
1718905109.25,2.169847,-0.2989948607832361,-0.3079113766464811,0.008916515869984869,PreMarketWait,1
1718905109.5,2.162158,-0.3071899940749963,-0.31015900919421724,0.002969015126072402,PreMarketWait,1
1718905109.75,2.159595,-0.3099217051722496,-0.31241048196596716,0.002488776800693037,PreMarketWait,1
1718905110.0,2.157033,-0.31265235044386974,-0.31466558395826755,0.002013233521507461,PreMarketWait,1
1718905110.25,2.150625,-0.31948216109982014,-0.31692396330763706,-0.002558197784931519,PreMarketWait,1
1718905110.5,2.150625,-0.31948216109982014,-0.3191851196234316,-0.0002970414689905396,PreMarketWait,1
1718905110.75,2.1455,-0.3249445174686935,-0.3214484023375089,-0.003496115123639147,PreMarketWait,1
1718905111.0,2.144218,-0.32631090593013695,-0.323713015107114,-0.0025978908153325314,PreMarketWait,1
1718905111.25,2.139093,-0.33177326229901083,-0.32597802615088484,-0.00579523614029711,PreMarketWait,1
1718905111.5,2.142937,-0.32767622856594725,-0.3282423843229931,0.0005661557650033112,PreMarketWait,1
1718905111.75,2.13653,-0.33450497339626406,-0.3305049407232867,-0.0040000326649033595,PreMarketWait,1
1718905112.0,2.13653,-0.33450497339626406,-0.3327644756800967,-0.0017404977079907976,PreMarketWait,1
1718905112.25,2.135249,-0.3358702960320744,-0.33501973100100096,-0.0008505650228098184,PreMarketWait,1
1718905112.5,2.132686,-0.33860200712932764,-0.3372694474387609,-0.0013325596822318564,PreMarketWait,1
1718905112.75,2.131404,-0.3399683955907711,-0.33951240734070265,-0.00045598824167777377,PreMarketWait,1
1718905113.0,2.130123,-0.34133371822658093,-0.3417474824193158,0.0004137642011665045,PreMarketWait,1
1718905113.25,2.131404,-0.3399683955907711,-0.34397368648291743,0.004005290900605403,PreMarketWait,1
1718905113.5,2.131404,-0.3399683955907711,-0.34619023278543093,0.006221837203134636,PreMarketWait,1
1718905113.75,2.12756,-0.34406542932383466,-0.3483965953872512,0.0043311660718977785,PreMarketWait,1
1718905114.0,2.126279,-0.34543075195964495,-0.35059257356737605,0.005161821616211703,PreMarketWait,1
1718905114.25,2.119872,-0.35225949678996177,-0.3527783579052821,0.0005188611237959624,PreMarketWait,1
1718905114.5,2.119872,-0.35225949678996177,-0.354954596187108,0.002695099405615617,PreMarketWait,1
1718905114.75,2.11859,-0.3536258852514047,-0.3571224568211024,0.003496571578163026,PreMarketWait,1
1718905115.0,2.114746,-0.35772291898446873,-0.3592836870102518,0.0015607680342502573,PreMarketWait,1
1718905115.25,2.112183,-0.360454630081722,-0.36144066255968593,0.0009860324864422961,PreMarketWait,1
1718905115.5,2.108339,-0.3645516638147856,-0.36359642592130426,-0.0009552378849793917,PreMarketWait,1
1718905115.75,2.109621,-0.36318527535334216,-0.3657547089220353,0.0025694335772333127,PreMarketWait,1
1718905116.0,2.103214,-0.3700140201836595,-0.36791993660544814,-0.0020940835696174973,PreMarketWait,1
1718905116.25,2.103214,-0.3700140201836595,-0.3700972087547411,8.318857974503891e-05,PreMarketWait,1
1718905116.5,2.096807,-0.3768427650139763,-0.3722922559688084,-0.0045505090364192785,PreMarketWait,1
1718905116.75,2.096807,-0.3768427650139763,-0.3745113676374344,-0.002331397367693431,PreMarketWait,1
1718905117.0,2.091681,-0.38230618720848325,-0.3767612898067857,-0.005544897392736558,PreMarketWait,1
1718905117.25,2.087837,-0.38640322094154683,-0.3790490917355497,-0.0073541291969134006,PreMarketWait,1
1718905117.5,2.087837,-0.38640322094154683,-0.38138200089976265,-0.0050212200325707775,PreMarketWait,1
1718905117.75,2.085274,-0.38913493203880006,-0.3837672072849082,-0.005367724744545029,PreMarketWait,1
1718905118.0,2.083992,-0.3905013205002435,-0.3862116389713997,-0.004289681519363809,PreMarketWait,1
1718905118.25,2.082711,-0.39186664313605335,-0.3887217122295637,-0.0031449308968809152,PreMarketWait,1
1718905118.5,2.080148,-0.3945983542333071,-0.39130306054322955,-0.0032952936803488687,PreMarketWait,1
1718905118.75,2.078867,-0.3959636768691174,-0.3939602481273583,-0.0020034287319227453,PreMarketWait,1
1718905119.0,2.078867,-0.3959636768691174,-0.39669647454912044,0.0007327976899321408,PreMarketWait,1
1718905119.25,2.076304,-0.3986953879663706,-0.3995132779639081,0.0008178900075420956,PreMarketWait,1
1718905119.5,2.071178,-0.4041588101608771,-0.4024102452057131,-0.0017485649451030381,PreMarketWait,1
1718905119.75,2.069897,-0.4055241327966875,-0.40538473750124676,-0.00013939528534339903,PreMarketWait,1
1718905120.0,2.06349,-0.41235287762700473,-0.4084316408940074,-0.003921236722883878,PreMarketWait,1
1718905120.25,2.060927,-0.415084588724258,-0.41154315055992957,-0.003541438154218195,PreMarketWait,1
1718905120.5,2.060927,-0.415084588724258,-0.41470859806425847,-0.0003759906499103228,PreMarketWait,1
1718905120.75,2.062208,-0.41371926608844767,-0.41791433024107444,0.004195064162679136,PreMarketWait,1
1718905121.0,2.060927,-0.415084588724258,-0.4211436477586636,0.006059059044407946,PreMarketWait,1
1718905121.25,2.058364,-0.41781629982151125,-0.4243768105500291,0.006560510738459978,PreMarketWait,1
1718905121.5,2.05452,-0.42191333355457483,-0.427591116128833,0.005677782584133142,PreMarketWait,1
1718905121.75,2.051957,-0.42464504465182856,-0.4307610553827391,0.006116010740715461,PreMarketWait,1
1718905122.0,2.044269,-0.43283911211795567,-0.4338585487635687,0.0010194366553485084,PreMarketWait,1
1718905122.25,2.042987,-0.4342055005793986,-0.4368532639180076,0.002647763348278916,PreMarketWait,1
1718905122.5,2.042987,-0.4342055005793986,-0.4397130137728444,0.0055075132030569865,PreMarketWait,1
1718905122.75,2.040424,-0.43693721167665234,-0.4424042319532166,0.0054670202861260495,PreMarketWait,1
1718905123.0,2.039143,-0.4383025343124622,-0.44489252021372705,0.006589985910788447,PreMarketWait,1
1718905123.25,2.041706,-0.43557082321520896,-0.44714326033815777,0.011572437132447246,PreMarketWait,1
1718905123.5,2.03658,-0.4410342454097159,-0.4491222807519183,0.008088035351690673,PreMarketWait,1
1718905123.75,2.037862,-0.4396678569482725,-0.4507965659375044,0.01112870899872691,PreMarketWait,1
1718905124.0,2.034017,-0.44376595650696915,-0.452134994703827,0.008369038206377957,PreMarketWait,1
1718905124.25,2.02761,-0.450594701337286,-0.4531090915045249,0.0025143901768033645,PreMarketWait,1
1718905124.5,2.031455,-0.4464966017785898,-0.45369377340737843,0.007197171638418035,PreMarketWait,1
1718905124.75,2.025048,-0.4533253466089066,-0.45386807406956936,0.0005427274703789326,PreMarketWait,1
1718905125.0,2.030173,-0.44786299024003273,-0.4536158252505688,0.005752835020361838,PreMarketWait,1
1718905125.25,2.025048,-0.4533253466089066,-0.452926276064103,-0.0003990705348452078,PreMarketWait,1
1718905125.5,2.028892,-0.4492283128758431,-0.45179463038806505,0.002566317522335947,PreMarketWait,1
1718905125.75,2.025048,-0.4533253466089066,-0.45022248365970413,-0.0031028629389104993,PreMarketWait,1
1718905126.0,2.018641,-0.4601540914392234,-0.448218141716461,-0.01193594971227195,PreMarketWait,1
1718905126.25,2.017359,-0.46152047990066686,-0.44579680642400005,-0.015723673465960625,PreMarketWait,1
1718905126.5,2.013515,-0.46561751363373044,-0.4429806155712457,-0.022636898051549725,PreMarketWait,1
1718905126.75,2.017359,-0.46152047990066686,-0.439798527892179,-0.021721951997316285,PreMarketWait,1
1718905127.0,2.016078,-0.46288580253647715,-0.4362860480440444,-0.02659975448102222,PreMarketWait,1
1718905127.25,2.025048,-0.4533253466089066,-0.4324847908348831,-0.02084055576237775,PreMarketWait,1
1718905127.5,2.032736,-0.4451312791427795,-0.42844188880856665,-0.01668939032234125,PreMarketWait,1
1718905127.75,2.035299,-0.44239956804552577,-0.4242092522856288,-0.018190315747814108,PreMarketWait,1
1718905128.0,2.032736,-0.4451312791427795,-0.41984269592511114,-0.025288583205393587,PreMarketWait,1
1718905128.25,2.037862,-0.4396678569482725,-0.41540095061317767,-0.024266906322651726,PreMarketWait,1
1718905128.5,2.051957,-0.42464504465182856,-0.41094458380044885,-0.013700460838795867,PreMarketWait,1
1718905128.75,2.068615,-0.40689052125813086,-0.40653485510969695,-0.0003556661357399793,PreMarketWait,1
1718905129.0,2.068615,-0.40689052125813086,-0.4022325369284267,-0.004657984316932751,PreMarketWait,1
1718905129.25,2.040424,-0.43693721167665234,-0.39809673160221465,-0.03884048006162173,PreMarketWait,1
1718905129.5,2.130123,-0.34133371822658093,-0.3941837175898452,0.052849999376092804,PreMarketWait,1
1718905129.75,2.149344,-0.32084748373563,-0.3905458563992327,0.06969837267641436,PreMarketWait,1
1718905130.0,2.151907,-0.3181157726383767,-0.3872305902053316,0.069114817579723,PreMarketWait,1
1718905130.25,2.132686,-0.33860200712932764,-0.38427955673767833,0.0456775496210516,PreMarketWait,1
1718905130.5,2.124997,-0.3467971404210879,-0.38172784341955374,0.034930703011079,PreMarketWait,1
1718905130.75,2.121153,-0.3508941741541515,-0.3796033971145805,0.02870922297293673,PreMarketWait,1
1718905131.0,2.122435,-0.34952778569270854,-0.3779265996061298,0.028398813925808515,PreMarketWait,1
1718905131.25,2.112183,-0.360454630081722,-0.37671001257406495,0.016255382504596683,PreMarketWait,1
1718905131.5,2.082711,-0.39186664313605335,-0.37595828978498547,-0.01590835333895904,PreMarketWait,1
1718905131.75,2.080148,-0.3945983542333071,-0.37566824884369915,-0.018930105377654306,PreMarketWait,1
1718905132.0,2.076304,-0.3986953879663706,-0.37582909044683577,-0.022866297507746165,PreMarketWait,1
1718905132.25,2.071178,-0.4041588101608771,-0.3764227498220325,-0.027736060327230524,PreMarketWait,1
1718905132.5,2.058364,-0.41781629982151125,-0.37742436300677634,-0.040391936803305016,PreMarketWait,1
1718905132.75,2.057083,-0.41918162245732155,-0.37880282978411534,-0.04037879266197039,PreMarketWait,1
1718905133.0,2.058364,-0.41781629982151125,-0.3805214553117533,-0.03729484449872622,PreMarketWait,1
1718905133.25,2.083992,-0.3905013205002435,-0.3825386535425369,-0.007962666946889213,PreMarketWait,1
1718905133.5,2.087837,-0.38640322094154683,-0.38480869716748617,-0.0015945237634669637,PreMarketWait,1
1718905133.75,2.092962,-0.38094086457267295,-0.3872825007158648,0.006341636153553959,PreMarketWait,1
1718905134.0,2.095525,-0.37820915347541967,-0.3899084253285565,0.011699271863261695,PreMarketWait,1
1718905134.25,2.094244,-0.3795744761112295,-0.3926330953471951,0.013058619245849706,PreMarketWait,1
1718905134.5,2.095525,-0.37820915347541967,-0.3954022180889415,0.017193064623164066,PreMarketWait,1
1718905134.75,2.092962,-0.38094086457267295,-0.398161398957322,0.017220534394050524,PreMarketWait,1
1718905135.0,2.085274,-0.38913493203880006,-0.4008569444020107,0.011722012372375138,PreMarketWait,1
1718905135.25,2.078867,-0.3959636768691174,-0.40343664526710665,0.007472968406923763,PreMarketWait,1
1718905135.5,2.07246,-0.4027924216994342,-0.40585053287321393,0.003058111182494892,PreMarketWait,1
1718905135.75,2.069897,-0.4055241327966875,-0.40805159989232637,0.0025274671041496588,PreMarketWait,1
1718905136.0,2.064771,-0.41098755499119444,-0.409996477820371,-0.0009910771624976923,PreMarketWait,1
1718905136.25,2.064771,-0.41098755499119444,-0.4116460627340685,0.0006585077510386167,PreMarketWait,1
1718905136.5,2.060927,-0.415084588724258,-0.4129660811115857,-0.002118507604640635,PreMarketWait,1
1718905136.75,2.06349,-0.41235287762700473,-0.4139275878470341,0.0015747102279600501,PreMarketWait,1
1718905137.0,2.037862,-0.4396678569482725,-0.4145073892214489,-0.025160467718958867,PreMarketWait,1
1718905137.25,2.04555,-0.4314737894821454,-0.41468838451481593,-0.016785404959493582,PreMarketWait,1
1718905137.5,2.04555,-0.4314737894821454,-0.41445982114506735,-0.0170139683292332,PreMarketWait,1
1718905137.75,2.048113,-0.42874207838489214,-0.41381745966436295,-0.014924618712638747,PreMarketWait,1
1718905138.0,2.046832,-0.43010740102070194,-0.4127636465555032,-0.017343754457228244,PreMarketWait,1
1718905138.25,2.075022,-0.40006177642781354,-0.411307294436738,0.011245518017006555,PreMarketWait,1
1718905138.5,2.101932,-0.3713804086451024,-0.4094637708610569,0.03808336222417601,PreMarketWait,1
1718905138.75,2.085274,-0.38913493203880006,-0.4072546982486905,0.018119766218275275,PreMarketWait,1
1718905139.0,2.076304,-0.3986953879663706,-0.40470766852002554,0.006012280562222659,PreMarketWait,1
1718905139.25,2.078867,-0.3959636768691174,-0.4018558766754612,0.005892199815108835,PreMarketWait,1
1718905139.5,2.077585,-0.3973300653305603,-0.3987376779622297,0.0014076126406399984,PreMarketWait,1
1718905139.75,2.078867,-0.3959636768691174,-0.3953960735019058,-0.0005676033580337067,PreMarketWait,1
1718905140.0,2.081429,-0.39323303159749673,-0.3918781294629105,-0.001354902125206293,PreMarketWait,1
1718905140.25,2.089118,-0.38503789830573654,-0.38823433515533723,0.003196436859170898,PreMarketWait,1
1718905140.5,2.090399,-0.3836725756699262,-0.38451790586407375,0.0008453302038902329,PreMarketWait,1
1718905140.75,2.083992,-0.3905013205002435,-0.38078403685128637,-0.009717283639064756,PreMarketWait,1
1718905141.0,2.081429,-0.39323303159749673,-0.37708911576339743,-0.016143915824083338,PreMarketWait,1
1718905141.25,2.083992,-0.3905013205002435,-0.3734899016726247,-0.017011418817507715,PreMarketWait,1
1718905141.5,2.086555,-0.38776960940298977,-0.37004268015690994,-0.017726929235903438,PreMarketWait,1
1718905141.75,2.092962,-0.38094086457267295,-0.36680240513618745,-0.01413845942627418,PreMarketWait,1
1718905142.0,2.098088,-0.37547744237816594,-0.363821839561434,-0.011655602806515742,PreMarketWait,1
1718905142.25,2.100651,-0.3727457312809127,-0.36115070838328894,-0.011595022887431425,PreMarketWait,1
1718905142.5,2.110902,-0.3618199527175323,-0.35883487837396605,-0.0029850743334246914,PreMarketWait,1
1718905142.75,2.114746,-0.35772291898446873,-0.35691558020000275,-0.0008073387743993011,PreMarketWait,1
1718905143.0,2.132686,-0.33860200712932764,-0.35542868851543535,0.016826681396078576,PreMarketWait,1
1718905143.25,2.137811,-0.33313965076045376,-0.3544040756593945,0.02126442490879854,PreMarketWait,1
1718905143.5,2.141656,-0.3290415512017576,-0.35386505372797067,0.024823502535944217,PreMarketWait,1
1718905143.75,2.139093,-0.33177326229901083,-0.35382791832617083,0.022054656036753925,PreMarketWait,1
1718905144.0,2.132686,-0.33860200712932764,-0.35430160523320414,0.015699598113325334,PreMarketWait,1
1718905144.25,2.128842,-0.3426990408623912,-0.3552874686395592,0.012588427786466022,PreMarketWait,1
1718905144.5,2.124997,-0.3467971404210879,-0.35677918669449654,0.00998204628255184,PreMarketWait,1
1718905144.75,2.117309,-0.354991207887215,-0.3587627970186282,0.0037715891403987574,PreMarketWait,1
1718905145.0,2.109621,-0.36318527535334216,-0.3612168617647012,-0.0019684135798145146,PreMarketWait,1
1718905145.25,2.103214,-0.3700140201836595,-0.3641127589025819,-0.005901261272410526,PreMarketWait,1
1718905145.5,2.105776,-0.36728337491203883,-0.36741509377902287,0.00013171887549274976,PreMarketWait,1
1718905145.75,2.094244,-0.3795744761112295,-0.37108222273738667,-0.008492253365490442,PreMarketWait,1
1718905146.0,2.095525,-0.37820915347541967,-0.37506687871634453,-0.0031422747508759764,PreMarketWait,1
1718905146.25,2.086555,-0.38776960940298977,-0.37931688728508756,-0.008452722109852028,PreMarketWait,1
1718905146.5,2.083992,-0.3905013205002435,-0.3837759604967988,-0.00672535999553785,PreMarketWait,1
1718905146.75,2.081429,-0.39323303159749673,-0.38838455521764553,-0.0048484763720801505,PreMarketWait,1
1718905147.0,2.080148,-0.3945983542333071,-0.3930807821707966,-0.0015175720548653016,PreMarketWait,1
1718905147.25,2.073741,-0.4014270990636239,-0.3978013517723444,-0.003625747283748029,PreMarketWait,1
1718905147.5,2.068615,-0.40689052125813086,-0.40248254287411583,-0.004407978376581941,PreMarketWait,1
1718905147.75,2.064771,-0.41098755499119444,-0.40706118071573244,-0.003926374268109267,PreMarketWait,1
1718905148.0,2.06349,-0.41235287762700473,-0.4114756106805404,-0.0008772669391714557,PreMarketWait,1
1718905148.25,2.060927,-0.415084588724258,-0.4156666548097859,0.0005820660927836514,PreMarketWait,1
1718905148.5,2.059646,-0.4164499113600683,-0.41957853842354015,0.0031286270707151526,PreMarketWait,1
1718905148.75,2.058364,-0.41781629982151125,-0.42315977459606774,0.005343474781812957,PreMarketWait,1
1718905149.0,2.05452,-0.42191333355457483,-0.426363994615801,0.00445066106852132,PreMarketWait,1
1718905149.25,2.05452,-0.42191333355457483,-0.4291507129170114,0.007237379369795344,PreMarketWait,1
1718905149.5,2.051957,-0.42464504465182856,-0.43148601530924197,0.006840970664859837,PreMarketWait,1
1718905149.75,2.051957,-0.42464504465182856,-0.43334315967565623,0.008698115031384925,PreMarketWait,1
1718905150.0,2.046832,-0.43010740102070194,-0.4347030787008922,0.004595677687879946,PreMarketWait,1
1718905150.25,2.046832,-0.43010740102070194,-0.43555477467216086,0.005447373659300689,PreMarketWait,1
1718905150.5,2.04555,-0.4314737894821454,-0.4358955970315624,0.0044218075574282666,PreMarketWait,1
1718905150.75,2.041706,-0.43557082321520896,-0.43573139420414503,0.00016057099713180298,PreMarketWait,1
1718905151.0,2.044269,-0.43283911211795567,-0.4350765323450565,0.002237420235493443,PreMarketWait,1
1718905151.25,2.037862,-0.4396678569482725,-0.43395377509383376,-0.005714081845839901,PreMarketWait,1
1718905151.5,2.037862,-0.4396678569482725,-0.43239402023775353,-0.0072738367017076856,PreMarketWait,1
1718905151.75,2.03658,-0.4410342454097159,-0.4304358913987509,-0.010598354001937987,PreMarketWait,1
1718905152.0,2.032736,-0.4451312791427795,-0.4281251854811632,-0.017006093652372968,PreMarketWait,1
1718905152.25,2.030173,-0.44786299024003273,-0.4255141796384953,-0.02234881059207959,PreMarketWait,1
1718905152.5,2.030173,-0.44786299024003273,-0.42266080489544544,-0.025202185334918567,PreMarketWait,1
1718905152.75,2.025048,-0.4533253466089066,-0.41962769722122706,-0.03369764937780466,PreMarketWait,1
1718905153.0,2.026329,-0.4519600239730963,-0.4164811406774738,-0.035478883285547,PreMarketWait,1
1718905153.25,2.031455,-0.4464966017785898,-0.41328992110154233,-0.03320668066677729,PreMarketWait,1
1718905153.5,2.042987,-0.4342055005793986,-0.41012411243193336,-0.024081388137006665,PreMarketWait,1
1718905153.75,2.066053,-0.409621166529751,-0.4070538209933053,-0.002567345525806168,PreMarketWait,1
1718905154.0,2.087837,-0.38640322094154683,-0.404147915561823,0.017744694631087833,PreMarketWait,1
1718905154.25,2.104495,-0.3686486975478491,-0.4014727725539037,0.032824075017027735,PreMarketWait,1
1718905154.5,2.119872,-0.35225949678996177,-0.39909106599095845,0.04683156921211876,PreMarketWait,1
1718905154.75,2.124997,-0.3467971404210879,-0.3970606308481359,0.0502634904383041,PreMarketWait,1
1718905155.0,2.122435,-0.34952778569270854,-0.39543342598426445,0.04590564030292902,PreMarketWait,1
1718905155.25,2.117309,-0.354991207887215,-0.39425461920473925,0.03926341132899568,PreMarketWait,1
1718905155.5,2.104495,-0.3686486975478491,-0.39356181238964655,0.024913114853347337,PreMarketWait,1
1718905155.75,2.094244,-0.3795744761112295,-0.39338441937721136,0.013809943277589866,PreMarketWait,1
1718905156.0,2.087837,-0.38640322094154683,-0.39374320381796046,0.007339982888058715,PreMarketWait,1
1718905156.25,2.075022,-0.40006177642781354,-0.3946499788845076,-0.005411797531645644,PreMarketWait,1
1718905156.5,2.073741,-0.4014270990636239,-0.3961074658563246,-0.0053196331956460625,PreMarketWait,1
1718905156.75,2.067334,-0.4082558438939412,-0.39810930443773873,-0.010146539444578587,PreMarketWait,1
1718905157.0,2.060927,-0.415084588724258,-0.40064020436181413,-0.014444384350870648,PreMarketWait,1
1718905157.25,2.058364,-0.41781629982151125,-0.40367622545225484,-0.014140074357754372,PreMarketWait,1
1718905157.5,2.049394,-0.4273767557490818,-0.4071851718622608,-0.020191583875409952,PreMarketWait,1
1718905157.75,2.044269,-0.43283911211795567,-0.4111270856340667,-0.021712026472587583,PreMarketWait,1
1718905158.0,2.041706,-0.43557082321520896,-0.415454824937195,-0.02011599826683968,PreMarketWait,1
1718905158.25,2.03658,-0.4410342454097159,-0.42011471322731386,-0.020919532171370693,PreMarketWait,1
1718905158.5,2.035299,-0.44239956804552577,-0.4250472469744323,-0.01735232106021911,PreMarketWait,1
1718905158.75,2.037862,-0.4396678569482725,-0.43018785137119825,-0.009480005566368476,PreMarketWait,1
1718905159.0,2.035299,-0.44239956804552577,-0.4354676753689445,-0.006931892666053183,PreMarketWait,1
1718905159.25,2.03658,-0.4410342454097159,-0.44081441932020177,-0.00021982607917026345,PreMarketWait,1
1718905159.5,2.032736,-0.4451312791427795,-0.44615319026519773,0.0010219111325737232,PreMarketWait,1
1718905159.75,2.030173,-0.44786299024003273,-0.45140738134788094,0.0035443911178132427,PreMarketWait,1
1718905160.0,2.028892,-0.4492283128758431,-0.4564995728832438,0.007271260017175164,PreMarketWait,1
1718905160.25,2.022485,-0.4560570577061599,-0.4613524531613625,0.005295395464788143,PreMarketWait,1
1718905160.5,2.018641,-0.4601540914392234,-0.46588975714061187,0.005735665710788107,PreMarketWait,1
1718905160.75,2.018641,-0.4601540914392234,-0.4700372207591623,0.00988312932915659,PreMarketWait,1
1718905161.0,2.014796,-0.4642521909979201,-0.4737235477091703,0.009471356720290213,PreMarketWait,1
1718905161.25,2.010952,-0.46834922473098367,-0.47688138421724346,0.008532159495126104,PreMarketWait,1
1718905161.5,2.007108,-0.47244625846404725,-0.4794482957146159,0.007002037259264685,PreMarketWait,1
1718905161.75,2.009671,-0.469714547366794,-0.4813677373273523,0.01165318996908771,PreMarketWait,1
1718905162.0,2.008389,-0.47108093582823696,-0.482590007945118,0.011509072125248024,PreMarketWait,1
1718905162.25,2.014796,-0.4642521909979201,-0.48307317531641913,0.01882098432670807,PreMarketWait,1
1718905162.5,2.017359,-0.46152047990066686,-0.4827839572529765,0.02126347736036615,PreMarketWait,1
1718905162.75,2.019922,-0.4587887688034131,-0.481698541698223,0.02290977290272054,PreMarketWait,1
1718905163.0,2.026329,-0.4519600239730963,-0.47980332623284994,0.027843302267527112,PreMarketWait,1
1718905163.25,2.019922,-0.4587887688034131,-0.4770955556861407,0.01830678689037589,PreMarketWait,1
1718905163.5,2.022485,-0.4560570577061599,-0.4735838350563019,0.01752677735768141,PreMarketWait,1
1718905163.75,2.014796,-0.4642521909979201,-0.4692884941025831,0.00503630311211466,PreMarketWait,1
1718905164.0,2.012233,-0.4669839020951734,-0.4642417799574079,-0.0027421221303755364,PreMarketWait,1
1718905164.25,2.009671,-0.469714547366794,-0.4584878551139266,-0.011226692245508887,PreMarketWait,1
1718905164.5,2.004545,-0.475177969561301,-0.4520825803410216,-0.023095389212918916,PreMarketWait,1
1718905164.75,2.001982,-0.4779096806585542,-0.4450930655807719,-0.03281661507038525,PreMarketWait,1
1718905165.0,2.016078,-0.46288580253647715,-0.4375969767413369,-0.025288825787672328,PreMarketWait,1
1718905165.25,2.014796,-0.4642521909979201,-0.42968159248108817,-0.0345705985092602,PreMarketWait,1
1718905165.5,2.009671,-0.469714547366794,-0.4214426124770937,-0.04827193488199396,PreMarketWait,1
1718905165.75,1.958414,-0.5243455718349629,-0.4129827270989236,-0.11136284472817087,PreMarketWait,1
1718905166.0,1.97251,-0.5093216937128858,-0.4044099676176544,-0.10491172608717814,PreMarketWait,1
1718905166.25,1.996857,-0.48337203702742787,-0.3958358657438508,-0.08753617127532044,PreMarketWait,1
1718905166.5,2.026329,-0.4519600239730963,-0.3873734609670733,-0.06458656299754877,PreMarketWait,1
1718905166.75,2.07246,-0.4027924216994342,-0.37913520327267386,-0.02365721841805781,PreMarketWait,1
1718905167.0,2.124997,-0.3467971404210879,-0.3712308066145826,0.024433666202432383,PreMarketWait,1
1718905167.25,2.169847,-0.2989948607832361,-0.3637651142564901,0.06477025348243057,PreMarketWait,1
1718905167.5,2.2006,-0.266217525093094,-0.35683604007853237,0.09061851499485502,PreMarketWait,1
1718905167.75,2.219822,-0.24573022477650994,-0.350532649718361,0.10480242495150607,PreMarketWait,1
1718905168.0,2.226229,-0.23890147994619312,-0.3449334418122675,0.10603196187596245,PreMarketWait,1
1718905168.25,2.219822,-0.24573022477650994,-0.3401048827941804,0.09437465802778136,PreMarketWait,1
1718905168.5,2.196756,-0.2703145588261575,-0.3361002391729927,0.06578568035715245,PreMarketWait,1
1718905168.75,2.182661,-0.285337371122602,-0.3329587396461269,0.04762136853402575,PreMarketWait,1
1718905169.0,2.169847,-0.2989948607832361,-0.3307050866497861,0.03171022587720618,PreMarketWait,1
1718905169.25,2.146781,-0.3235791948328837,-0.3293493238410677,0.0057701290189624554,PreMarketWait,1
1718905169.5,2.1455,-0.3249445174686935,-0.3288870533234313,0.003942535865601872,PreMarketWait,1
1718905169.75,2.137811,-0.33313965076045376,-0.32929998479314454,-0.0038396659563985393,PreMarketWait,1
1718905170.0,2.126279,-0.34543075195964495,-0.33055678866090615,-0.01487396328782091,PreMarketWait,1
1718905170.25,2.11859,-0.3536258852514047,-0.33261421688744824,-0.021011668353069696,PreMarketWait,1
1718905170.5,2.113465,-0.3590882416202786,-0.3354184489222759,-0.023669792687183243,PreMarketWait,1
1718905170.75,2.103214,-0.3700140201836595,-0.33890661579732817,-0.031107404375612602,PreMarketWait,1
1718905171.0,2.101932,-0.3713804086451024,-0.3430084530609549,-0.028371955573559163,PreMarketWait,1
1718905171.25,2.092962,-0.38094086457267295,-0.3476480327289105,-0.03329283183332945,PreMarketWait,1
1718905171.5,2.092962,-0.38094086457267295,-0.35274552560526734,-0.028195338957147632,PreMarketWait,1
1718905171.75,2.090399,-0.3836725756699262,-0.3582189479681512,-0.025453627691706088,PreMarketWait,1
1718905172.0,2.080148,-0.3945983542333071,-0.36398585047190263,-0.03061250375153271,PreMarketWait,1
1718905172.25,2.083992,-0.3905013205002435,-0.36996491192002495,-0.02053640857054638,PreMarketWait,1
1718905172.5,2.089118,-0.38503789830573654,-0.37607740603914025,-0.00896049225712086,PreMarketWait,1
1718905172.75,2.087837,-0.38640322094154683,-0.3822485152669831,-0.004154705665277432,PreMarketWait,1
1718905173.0,2.082711,-0.39186664313605335,-0.38840847160847347,-0.003458171518470249,PreMarketWait,1
1718905173.25,2.069897,-0.4055241327966875,-0.3944935105954516,-0.01103062219228547,PreMarketWait,1
1718905173.5,2.071178,-0.4041588101608771,-0.40044663013507326,-0.003712180016991397,PreMarketWait,1
1718905173.75,2.071178,-0.4041588101608771,-0.40621815142585643,0.0020593412736782477,PreMarketWait,1
1718905174.0,2.06349,-0.41235287762700473,-0.41176608407461757,-0.0005867935437752799,PreMarketWait,1
1718905174.25,2.059646,-0.4164499113600683,-0.41705630200049015,0.000606390648974612,PreMarketWait,1
1718905174.5,2.057083,-0.41918162245732155,-0.42206254061654513,0.002880918167746445,PreMarketWait,1
1718905174.75,2.051957,-0.42464504465182856,-0.42676622910291245,0.0021211844596065368,PreMarketWait,1
1718905175.0,2.048113,-0.42874207838489214,-0.4311561743123603,0.0024140959360199263,PreMarketWait,1
1718905175.25,2.049394,-0.4273767557490818,-0.4352281149791451,0.00785135923867171,PreMarketWait,1
1718905175.5,2.04555,-0.4314737894821454,-0.43898416644418004,0.007510376970724361,PreMarketWait,1
1718905175.75,2.040424,-0.43693721167665234,-0.4424321770823822,0.005494965414521477,PreMarketWait,1
1718905176.0,2.034017,-0.44376595650696915,-0.4455850180492224,0.001819061551162151,PreMarketWait,1
1718905176.25,2.031455,-0.4464966017785898,-0.44845982789167804,0.001963226122124292,PreMarketWait,1
1718905176.5,2.031455,-0.4464966017785898,-0.4510772330415505,0.0045806312721290016,PreMarketWait,1
1718905176.75,2.028892,-0.4492283128758431,-0.4534605642762848,0.004232251409742847,PreMarketWait,1
1718905177.0,2.02761,-0.450594701337286,-0.45563508793876956,0.005040386610914979,PreMarketWait,1
1718905177.25,2.025048,-0.4533253466089066,-0.4576272690904845,0.004301922491135209,PreMarketWait,1
1718905177.5,2.025048,-0.4533253466089066,-0.45946408186553134,0.0061387352663033225,PreMarketWait,1
1718905177.75,2.026329,-0.4519600239730963,-0.46117238013185,0.009212356168549792,PreMarketWait,1
1718905178.0,2.02761,-0.450594701337286,-0.46277833919005884,0.012183637862683285,PreMarketWait,1
1718905178.25,2.023766,-0.45469173507034955,-0.464306976695514,0.009615241635186653,PreMarketWait,1
1718905178.5,2.021203,-0.4574234461676033,-0.4657817583293868,0.00835831217191554,PreMarketWait,1
1718905178.75,2.019922,-0.4587887688034131,-0.4672242910355711,0.008435522242398776,PreMarketWait,1
1718905179.0,2.016078,-0.46288580253647715,-0.46865410396028107,0.005768301434153487,PreMarketWait,1
1718905179.25,2.007108,-0.47244625846404725,-0.47008851466640006,-0.002357743787186727,PreMarketWait,1
1718905179.5,2.004545,-0.475177969561301,-0.47154257583080694,-0.003635393719917209,PreMarketWait,1
1718905179.75,2.005826,-0.4738126469254907,-0.4730290955464907,-0.0007835513682971462,PreMarketWait,1
1718905180.0,2.004545,-0.475177969561301,-0.4745587226009782,-0.0006192469494805137,PreMarketWait,1
1718905180.25,1.999419,-0.4806413917558075,-0.47614008672320657,-0.004501305021602661,PreMarketWait,1
1718905180.5,1.998138,-0.4820067143916178,-0.47777998279323014,-0.004226731587214812,PreMarketWait,1
1718905180.75,1.996857,-0.48337203702742787,-0.4794835873863688,-0.0038884496296928642,PreMarketWait,1
1718905181.0,1.995575,-0.484738425488871,-0.481254695759219,-0.0034837297180746497,PreMarketWait,1
1718905181.25,1.994294,-0.4861037481246814,-0.483095967456921,-0.003007780655955852,PreMarketWait,1
1718905181.5,1.993012,-0.48747013658612454,-0.48500916910109093,-0.0024609674729879818,PreMarketWait,1
1718905181.75,1.991731,-0.48883545922193483,-0.4869954035734714,-0.0018400556361653862,PreMarketWait,1
1718905182.0,1.99045,-0.49020078185774496,-0.48905531570817823,-0.0011454661370086452,PreMarketWait,1
1718905182.25,1.993012,-0.48747013658612454,-0.49118926571416,0.0037191291408571383,PreMarketWait,1
1718905182.5,1.98148,-0.4997612377853155,-0.4933974628422485,-0.006363774929982609,PreMarketWait,1
1718905182.75,1.982761,-0.49839591514950515,-0.49568005326685466,-0.0027158618693090397,PreMarketWait,1
1718905183.0,1.976354,-0.5052246599798222,-0.4980371577558642,-0.007187502210369481,PreMarketWait,1
1718905183.25,1.97251,-0.5093216937128858,-0.5004688564414802,-0.008852837257584366,PreMarketWait,1
1718905183.5,1.968666,-0.5134187274459494,-0.5029751198636596,-0.010443607568253915,PreMarketWait,1
1718905183.75,1.97251,-0.5093216937128858,-0.5055556874089666,-0.003766006289691411,PreMarketWait,1
1718905184.0,1.967384,-0.5147851159073925,-0.5082098962679554,-0.006575219625045685,PreMarketWait,1
1718905184.25,1.966103,-0.5161504385432029,-0.5109364660257758,-0.005213972502906823,PreMarketWait,1
1718905184.5,1.966103,-0.5161504385432029,-0.5137332459168983,-0.0024171926116964134,PreMarketWait,1
1718905184.75,1.960977,-0.5216138607377095,-0.5165969335484072,-0.00501692717465304,PreMarketWait,1
1718905185.0,1.957133,-0.5257108944707731,-0.5195227754658218,-0.006188118990312806,PreMarketWait,1
1718905185.25,1.959696,-0.5229791833735197,-0.5225042612475802,-0.0004749221113675799,PreMarketWait,1
1718905185.5,1.955852,-0.5270762171065835,-0.525532823822594,-0.0015433932695424854,PreMarketWait,1
1718905185.75,1.958414,-0.5243455718349629,-0.5285975593676726,0.004251987546971822,PreMarketWait,1
1718905186.0,1.95457,-0.5284426055680267,-0.5316849804205578,0.003242374866548101,PreMarketWait,1
1718905186.25,1.952007,-0.5311743166652799,-0.5347788157100298,0.003604499058464018,PreMarketWait,1
1718905186.5,1.948163,-0.5352713503983435,-0.5378598696404732,0.0025885192554867967,PreMarketWait,1
1718905186.75,1.9456,-0.538003061495597,-0.5409059533742977,0.002902891891652758,PreMarketWait,1
1718905187.0,1.9456,-0.538003061495597,-0.543891898046518,0.0058888365634285605,PreMarketWait,1
1718905187.25,1.943037,-0.5407347725928504,-0.5467896588461972,0.006054886265381108,PreMarketWait,1
1718905187.5,1.943037,-0.5407347725928504,-0.5495685165389592,0.008833743957653527,PreMarketWait,1
1718905187.75,1.944319,-0.5393683841314073,-0.5521953805167634,0.012826996396407393,PreMarketWait,1
1718905188.0,1.940475,-0.5434654178644709,-0.554635194685682,0.011169776831777688,PreMarketWait,1
1718905188.25,1.940475,-0.5434654178644709,-0.5568514444909194,0.013386026636550866,PreMarketWait,1
1718905188.5,1.93663,-0.5475635174231673,-0.5588067601973905,0.011243242783892448,PreMarketWait,1
1718905188.75,1.930223,-0.5543922622534844,-0.5604636082769682,0.006071346032761151,PreMarketWait,1
1718905189.0,1.930223,-0.5543922622534844,-0.5617850594970042,0.007392797252456489,PreMarketWait,1
1718905189.25,1.934068,-0.5502941626947879,-0.5627356191630458,0.012441456476913939,PreMarketWait,1
1718905189.5,1.928942,-0.5557575848892946,-0.5632821020446193,0.007524517163767592,PreMarketWait,1
1718905189.75,1.927661,-0.5571229075251047,-0.5633945319019008,0.006271624385099487,PreMarketWait,1
1718905190.0,1.923816,-0.5612210070838014,-0.5630470433204292,0.0018260362448694796,PreMarketWait,1
1718905190.25,1.918691,-0.5666833634526752,-0.5622187618330123,-0.0044646016114026936,PreMarketWait,1
1718905190.5,1.934279,-0.550069273486235,-0.560894637139677,0.01082536366180121,PreMarketWait,1
1718905190.75,1.931717,-0.5527999187578557,-0.5590662036939479,0.0062662849446277966,PreMarketWait,1
1718905191.0,1.935561,-0.5487028850247919,-0.5567322430567299,0.00802935804072124,PreMarketWait,1
1718905191.25,1.930435,-0.5541663072192988,-0.5538993232644785,-0.00026698394572689517,PreMarketWait,1
1718905191.5,1.929154,-0.555531629855109,-0.550582192051361,-0.004949437794292602,PreMarketWait,1
1718905191.75,1.929154,-0.555531629855109,-0.5468040031475748,-0.00872762669767619,PreMarketWait,1
1718905192.0,1.924028,-0.5609950520496156,-0.5425963580916169,-0.018398693947708634,PreMarketWait,1
1718905192.25,1.917621,-0.5678237968799328,-0.5379991500722994,-0.029824646796892302,PreMarketWait,1
1718905192.5,1.920184,-0.5650920857826794,-0.5330602012527793,-0.0320318845187,PreMarketWait,1
1718905192.75,1.920184,-0.5650920857826794,-0.5278346907718882,-0.03725739499913411,PreMarketWait,1
1718905193.0,1.917621,-0.5678237968799328,-0.5223843770569556,-0.04543941981087471,PreMarketWait,1
1718905193.25,1.91634,-0.569189119515743,-0.516776625041359,-0.0524124944618567,PreMarketWait,1
1718905193.5,1.917621,-0.5678237968799328,-0.5110832561178938,-0.05674054074911458,PreMarketWait,1
1718905193.75,1.926591,-0.5582633409523624,-0.5053792458727,-0.05288409506637569,PreMarketWait,1
1718905194.0,1.949656,-0.5336800727283477,-0.4997413014732109,-0.03393877124152772,PreMarketWait,1
1718905194.25,1.985536,-0.4954382490180662,-0.49424635661543825,-0.001191892388740616,PreMarketWait,1
1718905194.5,2.020134,-0.45856281376922764,-0.48897002672642137,0.030407212971312658,PreMarketWait,1
1718905194.75,2.048325,-0.42851612335070616,-0.4839850702323827,0.055468946895979546,PreMarketWait,1
1718905195.0,2.06242,-0.4134933110542622,-0.47935990278408763,0.06586659174426586,PreMarketWait,1
1718905195.25,2.068827,-0.4066645662239449,-0.4751572101712006,0.0684926439617892,PreMarketWait,1
1718905195.5,2.06242,-0.4134933110542622,-0.47143270225571166,0.05793939121603543,PreMarketWait,1
1718905195.75,2.056013,-0.42032205588457905,-0.4682340448259532,0.047911988955976106,PreMarketWait,1
1718905196.0,2.048325,-0.42851612335070616,-0.465599999211932,0.03708387587581101,PreMarketWait,1
1718905196.25,2.048325,-0.42851612335070616,-0.4635597913142584,0.035043667978090526,PreMarketWait,1
1718905196.5,2.038074,-0.43944190191408705,-0.4621327229210295,0.022690821021406064,PreMarketWait,1
1718905196.75,2.029104,-0.4490023578416576,-0.4613280293302844,0.01232567150299016,PreMarketWait,1
1718905197.0,2.017571,-0.46129452486648137,-0.4611449788081546,-0.00014954604408669303,PreMarketWait,1
1718905197.25,2.004757,-0.474952014527115,-0.461573201666347,-0.01337881284667122,PreMarketWait,1
1718905197.5,2.002194,-0.4776837256243687,-0.462593230027159,-0.015090495583272787,PreMarketWait,1
1718905197.75,1.994506,-0.4858777930904959,-0.464177223861573,-0.021700569215158717,PreMarketWait,1
1718905198.0,1.99835,-0.4817807593574321,-0.4662898547430746,-0.015490904600775315,PreMarketWait,1
1718905198.25,1.99835,-0.4817807593574321,-0.4688893159704116,-0.012891443373626549,PreMarketWait,1
1718905198.5,1.997069,-0.4831460819932424,-0.4719284262115894,-0.011217655768451011,PreMarketWait,1
1718905198.75,1.98938,-0.49134121528500263,-0.4753557934910384,-0.015985421780956136,PreMarketWait,1
1718905199.0,1.986817,-0.49407292638225586,-0.4791170070400131,-0.01495591932942842,PreMarketWait,1
1718905199.25,1.982973,-0.49816996011531944,-0.48315582611284585,-0.015014133989851075,PreMarketWait,1
1718905199.5,1.977847,-0.5036333823098265,-0.48741533720163766,-0.016218045095755182,PreMarketWait,1
1718905199.75,1.974003,-0.50773041604289,-0.4918390540267709,-0.015891362003870722,PreMarketWait,1
1718905200.0,1.972722,-0.5090957386787001,-0.4963719381062248,-0.01272380056040778,PreMarketWait,1
1718905200.25,1.968878,-0.5131927724117639,-0.5009613214746467,-0.012231450925226418,PreMarketWait,1
1718905200.5,1.970159,-0.5118274497759535,-0.5055577170921173,-0.0062697326721186004,PreMarketWait,1
1718905200.75,1.967596,-0.5145591608732071,-0.510115506512509,-0.0044436543491509495,PreMarketWait,1
1718905201.0,1.966315,-0.5159244835090171,-0.5145934983398642,-0.0013309851577742223,PreMarketWait,1
1718905201.25,1.963752,-0.5186561946062707,-0.5189553547710234,0.0002991601759636444,PreMarketWait,1
1718905201.5,1.957345,-0.5254849394365877,-0.5231698870084037,-0.0023150524171419527,PreMarketWait,1
1718905201.75,1.957345,-0.5254849394365877,-0.527211223458457,0.0017262840327393236,PreMarketWait,1
1718905202.0,1.958626,-0.5241196168007773,-0.5310588573635584,0.006939240573474797,PreMarketWait,1
1718905202.25,1.948375,-0.535045395364158,-0.5346975828225249,-0.00034781253112041617,PreMarketWait,1
1718905202.5,1.947094,-0.5364107179999681,-0.5381173300273946,0.0017066120377536072,PreMarketWait,1
1718905202.75,1.947094,-0.5364107179999681,-0.5413129119837661,0.0049021939939358685,PreMarketWait,1
1718905203.0,1.941968,-0.5418741401944751,-0.544283696001821,0.0024095558172928695,PreMarketWait,1
1718905203.25,1.939405,-0.5446058512917283,-0.5470332138652703,0.0024273625832987415,PreMarketWait,1
1718905203.5,1.939405,-0.5446058512917283,-0.5495687248291905,0.0049628735470331545,PreMarketWait,1
1718905203.75,1.938124,-0.5459711739275386,-0.5519007454899345,0.005929571571789008,PreMarketWait,1
1718905204.0,1.934279,-0.550069273486235,-0.5540425601380091,0.003973286661000747,PreMarketWait,1
1718905204.25,1.934279,-0.550069273486235,-0.5560097244782479,0.005940451001087895,PreMarketWait,1
1718905204.5,1.931717,-0.5527999187578557,-0.5578195746152458,0.005019655866331851,PreMarketWait,1
1718905204.75,1.927872,-0.5568980183165522,-0.5594907519953398,0.0025927336876183406,PreMarketWait,1
1718905205.0,1.924028,-0.5609950520496156,-0.5610427536130437,4.770157217358524e-05,PreMarketWait,1
1718905205.25,1.924028,-0.5609950520496156,-0.5624955152748927,0.0015004632339664162,PreMarketWait,1
1718905205.5,1.927872,-0.5568980183165522,-0.5638690341098177,0.006971015801928846,PreMarketWait,1
1718905205.75,1.922747,-0.562360374685426,-0.565183034858892,0.0028226601821340156,PreMarketWait,1
1718905206.0,1.926591,-0.5582633409523624,-0.5664566827977986,0.008193341854139734,PreMarketWait,1
1718905206.25,1.922747,-0.562360374685426,-0.5677083444685018,0.00534796979184394,PreMarketWait,1
1718905206.5,1.922747,-0.562360374685426,-0.5689553957517484,0.006595021075182197,PreMarketWait,1
1718905206.75,1.920184,-0.5650920857826794,-0.5702140752368882,0.0051219894631838354,PreMarketWait,1
1718905207.0,1.917621,-0.5678237968799328,-0.5714993793866042,0.0036755825157813267,PreMarketWait,1
1718905207.25,1.912495,-0.5732872190744395,-0.5728249947038749,-0.0004622243613050573,PreMarketWait,1
1718905207.5,1.912495,-0.5732872190744395,-0.5742032610406053,0.0009160419755840871,PreMarketWait,1
1718905207.75,1.908651,-0.577384252807503,-0.5756451593917311,-0.0017390934061911369,PreMarketWait,1
1718905208.0,1.902244,-0.5842129976378201,-0.5771603170358384,-0.007052680592238812,PreMarketWait,1
1718905208.25,1.902244,-0.5842129976378201,-0.5787570227405774,-0.005455974887342196,PreMarketWait,1
1718905208.5,1.8984,-0.5883100313708837,-0.5804422449596379,-0.00786778640119623,PreMarketWait,1
1718905208.75,1.897119,-0.589675354006694,-0.5822216465016974,-0.0074537074948102695,PreMarketWait,1
1718905209.0,1.897119,-0.589675354006694,-0.5840995900264331,-0.0055757639699532,PreMarketWait,1
1718905209.25,1.890712,-0.596504098837011,-0.5860791298773355,-0.0104249689492639,PreMarketWait,1
1718905209.5,1.88943,-0.5978704872984543,-0.588161987141559,-0.009708500146397998,PreMarketWait,1
1718905209.75,1.888149,-0.5992358099342643,-0.5903485063709182,-0.008887303552780817,PreMarketWait,1
1718905210.0,1.888149,-0.5992358099342643,-0.5926375940372496,-0.0065982158863976455,PreMarketWait,1
1718905210.25,1.888149,-0.5992358099342643,-0.5950266404562494,-0.004209169467359794,PreMarketWait,1
1718905210.5,1.888149,-0.5992358099342643,-0.597511428518599,-0.0017243814049831673,PreMarketWait,1
1718905210.75,1.886867,-0.6006021983957075,-0.6000860340373706,-0.0005161643476354867,PreMarketWait,1
1718905211.0,1.884305,-0.6033328436673281,-0.6027427237849385,-0.0005901198716732961,PreMarketWait,1
1718905211.25,1.886867,-0.6006021983957075,-0.6054718582930777,0.0048696599081017155,PreMarketWait,1
1718905211.5,1.881742,-0.6060645547645813,-0.6082618071859673,0.002197252432138725,PreMarketWait,1
1718905211.75,1.876616,-0.6115279769590881,-0.6110988851841214,-0.00042909176418102655,PreMarketWait,1
1718905212.0,1.879179,-0.6087962658618349,-0.6139673169502491,0.005171051099250555,PreMarketWait,1
1718905212.25,1.874053,-0.6142596880563416,-0.6168492386511242,0.002589550605692685,PreMarketWait,1
1718905212.5,1.870209,-0.6183567217894052,-0.619724743497145,0.0013680217187506082,PreMarketWait,1
1718905212.75,1.868928,-0.6197220444252155,-0.6225719776127754,0.0028499331987005463,PreMarketWait,1
1718905213.0,1.868928,-0.6197220444252155,-0.6253672914083169,0.0056452469944021436,PreMarketWait,1
1718905213.25,1.868928,-0.6197220444252155,-0.6280854501900888,0.008363405776363986,PreMarketWait,1
1718905213.5,1.866365,-0.6224537555224687,-0.6306999060876983,0.008246150576938997,PreMarketWait,1
1718905213.75,1.865083,-0.623820143983912,-0.6331831315233949,0.00936298755143727,PreMarketWait,1
1718905214.0,1.862521,-0.6265507892555323,-0.6355070124378928,0.008956223194581956,PreMarketWait,1
1718905214.25,1.856114,-0.6333795340858493,-0.6376432973707068,0.004263763297362744,PreMarketWait,1
1718905214.5,1.854832,-0.6347459225472926,-0.639564096335094,0.004818173800601673,PreMarketWait,1
1718905214.75,1.857395,-0.6320142114500393,-0.6412424213005737,0.00922820986363628,PreMarketWait,1
1718905215.0,1.850988,-0.6388429562803561,-0.6426527580734176,0.0038098018064670097,PreMarketWait,1
1718905215.25,1.852269,-0.637477633644546,-0.6437716575165682,0.006294023885729147,PreMarketWait,1
1718905215.5,1.848425,-0.6415746673776096,-0.6445783324380417,0.003003665074433034,PreMarketWait,1
1718905215.75,1.849707,-0.6402082789161664,-0.6450552451594197,0.004846966257535477,PreMarketWait,1
1718905216.0,1.849707,-0.6402082789161664,-0.6451886698091417,0.004980390907521431,PreMarketWait,1
1718905216.25,1.845862,-0.644306378474863,-0.6449692128210885,0.0006628343610136784,PreMarketWait,1
1718905216.5,1.844581,-0.6456717011106732,-0.644392275004848,-0.0012794260908211604,PreMarketWait,1
1718905216.75,1.842018,-0.6484034122079266,-0.6434584389322959,-0.004944973260440279,PreMarketWait,1
1718905217.0,1.842018,-0.6484034122079266,-0.642173766291161,-0.006229645901421024,PreMarketWait,1
1718905217.25,1.840737,-0.6497687348437368,-0.64054999131427,-0.00921874351400277,PreMarketWait,1
1718905217.5,1.840737,-0.6497687348437368,-0.6386045984100457,-0.011164136418146123,PreMarketWait,1
1718905217.75,1.8433,-0.6470370237464835,-0.636360774680461,-0.010676249050437445,PreMarketWait,1
1718905218.0,1.844581,-0.6456717011106732,-0.6338472310788154,-0.01182447001627439,PreMarketWait,1
1718905218.25,1.842018,-0.6484034122079266,-0.6310978894714685,-0.017305522720917448,PreMarketWait,1
1718905218.5,1.838174,-0.6525004459409902,-0.6281514367464387,-0.024349009179092967,PreMarketWait,1
1718905218.75,1.836892,-0.6538668344024334,-0.6250507512623119,-0.02881608312478109,PreMarketWait,1
1718905219.0,1.839455,-0.6511351233051799,-0.621842211239771,-0.029292912050217026,PreMarketWait,1
1718905219.25,1.840737,-0.6497687348437368,-0.6185748990264688,-0.03119383580224838,PreMarketWait,1
1718905219.5,1.848425,-0.6415746673776096,-0.6152997193411401,-0.02627494802163818,PreMarketWait,1
1718905219.75,1.865083,-0.623820143983912,-0.6120684534147756,-0.011751690554501364,PreMarketWait,1
1718905220.0,1.88046,-0.6074309432260245,-0.6089327741556325,0.0015018309440470463,PreMarketWait,1
1718905220.25,1.904807,-0.5814812865405669,-0.6059432498205359,0.02446196329421989,PreMarketWait,1
1718905220.5,1.913777,-0.5719208306129963,-0.603148364946338,0.03122753434741845,PreMarketWait,1
1718905220.75,1.926591,-0.5582633409523624,-0.6005935873086475,0.04233024637020697,PreMarketWait,1
1718905221.0,1.927872,-0.5568980183165522,-0.5983205083503934,0.041422490047630496,PreMarketWait,1
1718905221.25,1.92531,-0.5596286635881725,-0.5963660818994018,0.0367374183249101,PreMarketWait,1
1718905221.5,1.918903,-0.5664574084184896,-0.5947619822309721,0.02830457382607866,PreMarketWait,1
1718905221.75,1.913777,-0.5719208306129963,-0.5935340978853452,0.02161326728588273,PreMarketWait,1
1718905222.0,1.906088,-0.5801159639047565,-0.5927021724372893,0.012586208546025577,PreMarketWait,1
1718905222.25,1.902244,-0.5842129976378201,-0.5922795979675878,0.008066600343239565,PreMarketWait,1
1718905222.5,1.8984,-0.5883100313708837,-0.5922733616128438,0.003963330255429231,PreMarketWait,1
1718905222.75,1.890712,-0.596504098837011,-0.592684140530626,-0.0038199582929028322,PreMarketWait,1
1718905223.0,1.893274,-0.5937734535653907,-0.5935065361109352,-0.0002669174409470343,PreMarketWait,1
1718905223.25,1.885586,-0.6019675210315178,-0.5947294344308891,-0.007238086587084273,PreMarketWait,1
1718905223.5,1.881742,-0.6060645547645813,-0.5963364768715618,-0.00972807787943308,PreMarketWait,1
1718905223.75,1.879179,-0.6087962658618349,-0.5983066225326283,-0.010489643315576617,PreMarketWait,1
1718905224.0,1.875335,-0.6128932995948985,-0.6006147825933877,-0.012278516987839716,PreMarketWait,1
1718905224.25,1.87149,-0.6169913991535948,-0.6032325060488808,-0.013758893091006487,PreMarketWait,1
1718905224.5,1.874053,-0.6142596880563416,-0.6061286962418865,-0.008130991800716383,PreMarketWait,1
1718905224.75,1.867646,-0.6210884328866586,-0.6092703382379095,-0.011818094634983574,PreMarketWait,1
1718905225.0,1.867646,-0.6210884328866586,-0.6126232182567721,-0.008465214616097418,PreMarketWait,1
1718905225.25,1.865083,-0.623820143983912,-0.6161526179781883,-0.007667525991912283,PreMarketWait,1
1718905225.5,1.866365,-0.6224537555224687,-0.6198239684757978,-0.0026297870328369256,PreMarketWait,1
1718905225.75,1.863802,-0.6251854666197222,-0.6236034507055642,-0.00158201590029965,PreMarketWait,1
1718905226.0,1.862521,-0.6265507892555323,-0.6274585317905481,0.0009077425489021143,PreMarketWait,1
1718905226.25,1.850988,-0.6388429562803561,-0.6313584287288124,-0.00748452753762374,PreMarketWait,1
1718905226.5,1.847144,-0.64293999001342,-0.6352744935460191,-0.007665496453438261,PreMarketWait,1
1718905226.75,1.847144,-0.64293999001342,-0.6391805162775914,-0.0037594737218107563,PreMarketWait,1
1718905227.0,1.8433,-0.6470370237464835,-0.6430529444654882,-0.00398407926690633,PreMarketWait,1
1718905227.25,1.840737,-0.6497687348437368,-0.6468710200591689,-0.002897714770387624,PreMarketWait,1
1718905227.5,1.840737,-0.6497687348437368,-0.6506168366795084,0.0008481018500665273,PreMarketWait,1
1718905227.75,1.83433,-0.6565974796740538,-0.6542753220936438,-0.002322157565974693,PreMarketWait,1
1718905228.0,1.83433,-0.6565974796740538,-0.657834152416055,0.0012366727566051872,PreMarketWait,1
1718905228.25,1.830485,-0.6606955792327505,-0.6612836059634187,0.0005880267454703133,PreMarketWait,1
1718905228.5,1.830485,-0.6606955792327505,-0.6646163658253632,0.003920786607642798,PreMarketWait,1
1718905228.75,1.824078,-0.6675243240630673,-0.6678272810574689,0.000302957009689301,PreMarketWait,1
1718905229.0,1.822797,-0.6688896466988776,-0.6709130969524114,0.0020234502691074824,PreMarketWait,1
1718905229.25,1.818953,-0.6729866804319412,-0.6738721651035176,0.000885484687461682,PreMarketWait,1
1718905229.5,1.821516,-0.6702549693346879,-0.6767041439522266,0.006449174633756762,PreMarketWait,1
1718905229.75,1.813827,-0.6784501026264479,-0.6794097002213564,0.000959597611473963,PreMarketWait,1
1718905230.0,1.811264,-0.6811818137237013,-0.6819902210964081,0.0008084073896275773,PreMarketWait,1
1718905230.25,1.812546,-0.6798154252622582,-0.6844475462465021,0.004632121001520673,PreMarketWait,1
1718905230.5,1.809983,-0.6825471363595117,-0.6867837277970354,0.004236591455148998,PreMarketWait,1
1718905230.75,1.806139,-0.6866441700925753,-0.6890008252020193,0.002356655127402043,PreMarketWait,1
1718905231.0,1.80742,-0.6852788474567649,-0.6911007406403419,0.0058218932018441185,PreMarketWait,1
1718905231.25,1.804857,-0.6880105585540185,-0.6930850991032452,0.005074540567772083,PreMarketWait,1
1718905231.5,1.806139,-0.6866441700925753,-0.6949551757797064,0.008311005705917618,PreMarketWait,1
1718905231.75,1.802294,-0.6907422696512717,-0.6967118717164265,0.005969602084139191,PreMarketWait,1
1718905232.0,1.79845,-0.6948393033843353,-0.6983557370695092,0.003516433704307885,PreMarketWait,1
1718905232.25,1.797169,-0.6962046260201455,-0.6998870396217717,0.003682413620857122,PreMarketWait,1
1718905232.5,1.794606,-0.6989363371173991,-0.7013058746647617,0.002369537566635242,PreMarketWait,1
1718905232.75,1.790762,-0.7030333708504627,-0.7026123108915359,-0.0004210599396682027,PreMarketWait,1
1718905233.0,1.790762,-0.7030333708504627,-0.7038065656646041,0.0007731948333306298,PreMarketWait,1
1718905233.25,1.78948,-0.7043997593119058,-0.7048892019539341,0.000489442661094755,PreMarketWait,1
1718905233.5,1.785636,-0.7084967930449694,-0.7058613384126204,-0.002635454613455258,PreMarketWait,1
1718905233.75,1.78948,-0.7043997593119058,-0.7067248634923471,0.0023251041991171426,PreMarketWait,1
1718905234.0,1.785636,-0.7084967930449694,-0.7074826442079266,-0.0010141488186230316,PreMarketWait,1
1718905234.25,1.78948,-0.7043997593119058,-0.7081387201443665,0.0037389608505948137,PreMarketWait,1
1718905234.5,1.784355,-0.7098621156807797,-0.7086984735620047,-0.0011636421009471026,PreMarketWait,1
1718905234.75,1.780511,-0.7139591494138433,-0.7091687669957847,-0.0047903824005489214,PreMarketWait,1
1718905235.0,1.781792,-0.712593826778033,-0.7095580405660661,-0.0030357861947797413,PreMarketWait,1
1718905235.25,1.775385,-0.71942257160835,-0.7098763623235327,-0.00954620926794875,PreMarketWait,1
1718905235.5,1.774103,-0.7207889600697932,-0.710135426338265,-0.010653533714965772,PreMarketWait,1
1718905235.75,1.767696,-0.7276177049001102,-0.7103484948994215,-0.01726920998441329,PreMarketWait,1
1718905236.0,1.768978,-0.726251316438667,-0.7105302830855298,-0.01572103333712433,PreMarketWait,1
1718905236.25,1.770259,-0.7248859938028568,-0.710696786041577,-0.014189207745501434,PreMarketWait,1
1718905236.5,1.772822,-0.7221542827056036,-0.7108650514776516,-0.011289231212377996,PreMarketWait,1
1718905236.75,1.774103,-0.7207889600697932,-0.7110529020795007,-0.009736057974890371,PreMarketWait,1
1718905237.0,1.785636,-0.7084967930449694,-0.7112786145707277,0.0027818215410235075,PreMarketWait,1
1718905237.25,1.792043,-0.7016680482146523,-0.7115605639611955,0.009892515761708432,PreMarketWait,1
1718905237.5,1.788199,-0.7057650819477159,-0.7119168429395274,0.006151761006914976,PreMarketWait,1
1718905237.75,1.793325,-0.7003016597532091,-0.7123648673300792,0.01206320759194997,PreMarketWait,1
1718905238.0,1.793325,-0.7003016597532091,-0.7129209789886625,0.012619319250546837,PreMarketWait,1
1718905238.25,1.793325,-0.7003016597532091,-0.7136000574565058,0.013298397718439419,PreMarketWait,1
1718905238.5,1.78948,-0.7043997593119058,-0.7144151511712409,0.010015391874560685,PreMarketWait,1
1718905238.75,1.785636,-0.7084967930449694,-0.7153771381213829,0.006880345091753559,PreMarketWait,1
1718905239.0,1.781792,-0.712593826778033,-0.7164944246207923,0.0039005978582432373,PreMarketWait,1
1718905239.25,1.780511,-0.7139591494138433,-0.717772689474626,0.0038135400764376017,PreMarketWait,1
1718905239.5,1.779229,-0.7153255378752864,-0.7192146793083551,0.003889141448918304,PreMarketWait,1
1718905239.75,1.774103,-0.7207889600697932,-0.7208200593237754,3.109927004494445e-05,PreMarketWait,1
1718905240.0,1.770259,-0.7248859938028568,-0.7225853222996578,-0.002300671486909811,PreMarketWait,1
1718905240.25,1.763852,-0.7317147386331738,-0.7245037573208679,-0.007210981295782511,PreMarketWait,1
1718905240.5,1.767696,-0.7276177049001102,-0.7265654785334862,-0.0010522263498650535,PreMarketWait,1
1718905240.75,1.762571,-0.733080061268984,-0.7287575132035075,-0.0043225480484868515,PreMarketWait,1
1718905241.0,1.760008,-0.7358117723662374,-0.731063947503921,-0.0047478248451070125,PreMarketWait,1
1718905241.25,1.757445,-0.7385434834634909,-0.7334661277531817,-0.005077355692897396,PreMarketWait,1
1718905241.5,1.758727,-0.7371770950020478,-0.7359429142491434,-0.0012341807353137644,PreMarketWait,1
1718905241.75,1.757445,-0.7385434834634909,-0.7384709843524561,-7.249909329389188e-05,PreMarketWait,1
1718905242.0,1.754882,-0.7412751945607441,-0.7410251810363014,-0.00025001350658379346,PreMarketWait,1
1718905242.25,1.756164,-0.739908806099301,-0.7435789027005834,0.003670096619223835,PreMarketWait,1
1718905242.5,1.752319,-0.7440069056579977,-0.7461045296195109,0.0020976239795002074,PreMarketWait,1
1718905242.75,1.748475,-0.7481039393910612,-0.7485738819335146,0.0004699425604497388,PreMarketWait,1
1718905243.0,1.748475,-0.7481039393910612,-0.7509587036036545,0.0028547642305661895,PreMarketWait,1
1718905243.25,1.745912,-0.7508356504883147,-0.7532311662242813,0.0023955157538884347,PreMarketWait,1
1718905243.5,1.744631,-0.7522009731241248,-0.755364386050519,0.003163412944243831,PreMarketWait,1
1718905243.75,1.739505,-0.7576643953186315,-0.7573329470578168,-0.00033144824305085296,PreMarketWait,1
1718905244.0,1.736943,-0.7603950405902521,-0.7591134223297092,-0.0012816182428706173,PreMarketWait,1
1718905244.25,1.738224,-0.7590297179544419,-0.7606848855860566,0.0016551676491982133,PreMarketWait,1
1718905244.5,1.736943,-0.7603950405902521,-0.7620294042354465,0.0016343636627003182,PreMarketWait,1
1718905244.75,1.733098,-0.7644931401489485,-0.7631325049762677,-0.001360635155232775,PreMarketWait,1
1718905245.0,1.738224,-0.7590297179544419,-0.7639836026903406,0.004953884753315941,PreMarketWait,1
1718905245.25,1.739505,-0.7576643953186315,-0.7645763831769304,0.006911987875718661,PreMarketWait,1
1718905245.5,1.742068,-0.7549326842213783,-0.7649091301704142,0.009976445966496562,PreMarketWait,1
1718905245.75,1.740787,-0.7562980068571883,-0.7649849870841449,0.008686980244499749,PreMarketWait,1
1718905246.0,1.736943,-0.7603950405902521,-0.7648121440494237,0.004417103476840021,PreMarketWait,1
1718905246.25,1.73438,-0.7631267516875054,-0.7644039411111957,0.001277189441526925,PreMarketWait,1
1718905246.5,1.73438,-0.7631267516875054,-0.7637788789563561,0.0006521272868970137,PreMarketWait,1
1718905246.75,1.73438,-0.7631267516875054,-0.7629605293496055,-0.00016622231960392118,PreMarketWait,1
1718905247.0,1.729254,-0.7685901738820121,-0.7619773385942316,-0.006612835269196475,PreMarketWait,1
1718905247.25,1.727973,-0.7699554965178225,-0.7608623188643777,-0.00909317763453732,PreMarketWait,1
1718905247.5,1.72541,-0.7726872076150757,-0.7596526241943584,-0.013034583401455968,PreMarketWait,1
1718905247.75,1.726691,-0.7713218849792656,-0.7583890102601297,-0.012932874699496104,PreMarketWait,1
1718905248.0,1.722847,-0.7754189187123292,-0.7571151798237662,-0.018303738868527732,PreMarketWait,1
1718905248.25,1.729254,-0.7685901738820121,-0.7558770187811843,-0.012713155080388717,PreMarketWait,1
1718905248.5,1.733098,-0.7644931401489485,-0.7547217310752222,-0.00977140905288389,PreMarketWait,1
1718905248.75,1.73438,-0.7631267516875054,-0.7536968842049693,-0.009429867461300805,PreMarketWait,1
1718905249.0,1.73438,-0.7631267516875054,-0.7528493805566795,-0.01027737110921839,PreMarketWait,1
1718905249.25,1.73438,-0.7631267516875054,-0.752224373176373,-0.010902378489184041,PreMarketWait,1
1718905249.5,1.738224,-0.7590297179544419,-0.7518641477803764,-0.007165570151817804,PreMarketWait,1
1718905249.75,1.731817,-0.7658584627847589,-0.7518069956496508,-0.014051467112610938,PreMarketWait,1
1718905250.0,1.735661,-0.7617614290516953,-0.7520861044777957,-0.009675324551208588,PreMarketWait,1
1718905250.25,1.731817,-0.7658584627847589,-0.752728496146258,-0.013129966615675176,PreMarketWait,1
1718905250.5,1.733098,-0.7644931401489485,-0.7537540416888022,-0.010739098437247685,PreMarketWait,1
1718905250.75,1.733098,-0.7644931401489485,-0.7551745842833002,-0.009318555842739381,PreMarketWait,1
1718905251.0,1.736943,-0.7603950405902521,-0.756993200871133,-0.0034018396962611015,PreMarketWait,1
1718905251.25,1.738224,-0.7590297179544419,-0.7592036318494532,0.00017391391775984288,PreMarketWait,1
1718905251.5,1.751038,-0.7453722282938077,-0.7617899061091783,0.016417677837954937,PreMarketWait,1
1718905251.75,1.754882,-0.7412751945607441,-0.7647261854151763,0.02345099087680238,PreMarketWait,1
1718905252.0,1.763852,-0.7317147386331738,-0.7679768476858979,0.0362621090748348,PreMarketWait,1
1718905252.25,1.766415,-0.7289830275359204,-0.771496823115505,0.04251379560139489,PreMarketWait,1
1718905252.5,1.765134,-0.7303483501717306,-0.7752321903466067,0.04488384019634835,PreMarketWait,1
1718905252.75,1.760008,-0.7358117723662374,-0.7791210321819289,0.04330925983679152,PreMarketWait,1
1718905253.0,1.748475,-0.7481039393910612,-0.783094541840407,0.034990602470042806,PreMarketWait,1
1718905253.25,1.745912,-0.7508356504883147,-0.7870783618149108,0.03624271134686149,PreMarketWait,1
1718905253.5,1.744631,-0.7522009731241248,-0.790994128325893,0.03879315522157581,PreMarketWait,1
1718905253.75,1.736943,-0.7603950405902521,-0.7947611855629304,0.0343661449920037,PreMarketWait,1
1718905254.0,1.72541,-0.7726872076150757,-0.7982984257393966,0.02561121814314292,PreMarketWait,1
1718905254.25,1.71644,-0.7822476635426463,-0.8015262038162052,0.01927854029186194,PreMarketWait,1
1718905254.5,1.699782,-0.800002186936344,-0.8043682699231015,0.004366083004533032,PreMarketWait,1
1718905254.75,1.694656,-0.8054656091308506,-0.8067536583415356,0.0012880492279323146,PreMarketWait,1
1718905255.0,1.677998,-0.8232201325245482,-0.8086184696952144,-0.014601662812605807,PreMarketWait,1
1718905255.25,1.680561,-0.8204884214272948,-0.8099074829493121,-0.01058093846175566,PreMarketWait,1
1718905255.5,1.670309,-0.8314152658163083,-0.8105755361001014,-0.020839729700452503,PreMarketWait,1
1718905255.75,1.654932,-0.8478044665741957,-0.8105886191162912,-0.0372158474425864,PreMarketWait,1
1718905256.0,1.620335,-0.8846788359974012,-0.8099246297658663,-0.07475420621661041,PreMarketWait,1
1718905256.25,1.608802,-0.896971003022225,-0.8085737523460277,-0.08839725066161902,PreMarketWait,1
1718905256.5,1.590862,-0.9160919148773659,-0.8065384308615262,-0.1095534840015563,PreMarketWait,1
1718905256.75,1.636993,-0.8669243126037037,-0.8038329215853796,-0.06309139100428252,PreMarketWait,1
1718905257.0,1.658777,-0.8437063670154993,-0.8004824247519585,-0.043223942249687494,PreMarketWait,1
1718905257.25,1.636993,-0.8669243126037037,-0.7965218107846995,-0.07040250180528844,PreMarketWait,1
1718905257.5,1.670309,-0.8314152658163083,-0.7919939722494104,-0.03942129355327371,PreMarketWait,1
1718905257.75,1.70747,-0.7918081194702166,-0.7869478479287056,-0.004860271527941079,PreMarketWait,1
1718905258.0,1.693375,-0.8068309317666608,-0.781436179371266,-0.02539475238185185,PreMarketWait,1
1718905258.25,1.688249,-0.8122943539611676,-0.775513072415441,-0.03678128153219291,PreMarketWait,1
1718905258.5,1.726691,-0.7713218849792656,-0.7692314460584129,-0.00209043890732044,PreMarketWait,1
1718905258.75,1.753601,-0.7426405171965544,-0.7626404582782045,0.019999941095179274,PreMarketWait,1
1718905259.0,1.784355,-0.7098621156807797,-0.7557830027406404,0.04592088707337671,PreMarketWait,1
1718905259.25,1.80742,-0.6852788474567649,-0.7486933715330373,0.06341452408975952,PreMarketWait,1
1718905259.5,1.799732,-0.6934729149228921,-0.7413951770424226,0.04792226213296925,PreMarketWait,1
1718905259.75,1.711314,-0.787711085737153,-0.7338996208476454,-0.05381146487613708,PreMarketWait,1
1718905260.0,1.740787,-0.7562980068571883,-0.7262041891841183,-0.030093817659786234,PreMarketWait,1
1718905260.25,1.813827,-0.6784501026264479,-0.7182918434405356,0.03984174082726859,PreMarketWait,1
1718905260.5,1.866365,-0.6224537555224687,-0.7101307605347711,0.0876770050253674,PreMarketWait,1
1718905260.75,1.904807,-0.5814812865405669,-0.7016746620701744,0.12019337554254722,PreMarketWait,1
1718905261.0,1.938124,-0.5459711739275386,-0.6928637529860359,0.14689257907130565,PreMarketWait,1
1718905261.25,1.934279,-0.550069273486235,-0.6836262701338444,0.13355699666028406,PreMarketWait,1
1718905261.5,1.929154,-0.555531629855109,-0.6738806192079086,0.1183489893653416,PreMarketWait,1
1718905261.75,1.935561,-0.5487028850247919,-0.6635380554200375,0.11483517040765884,PreMarketWait,1
1718905262.0,1.931717,-0.5527999187578557,-0.6525058401913347,0.09970592144577067,PreMarketWait,1
1718905262.25,1.918903,-0.5664574084184896,-0.640690784058419,0.0742333756521097,PreMarketWait,1
1718905262.5,1.899681,-0.5869447087350737,-0.6280030661156873,0.04105835739269534,PreMarketWait,1
1718905262.75,1.876616,-0.6115279769590881,-0.6143602037487134,0.002832226801622033,PreMarketWait,1
1718905263.0,1.856114,-0.6333795340858493,-0.5996910341539595,-0.0336884999199639,PreMarketWait,1
1718905263.25,1.838174,-0.6525004459409902,-0.583939562018863,-0.06856088391025805,PreMarketWait,1
1718905263.5,1.822797,-0.6688896466988776,-0.5670685263638674,-0.10182112032318393,PreMarketWait,1
1718905263.75,1.820234,-0.6716213577961311,-0.5490625442588077,-0.12255881352552643,PreMarketWait,1
1718905264.0,1.835611,-0.6552321570382434,-0.5299306999454007,-0.12530145708106305,PreMarketWait,1
1718905264.25,1.868928,-0.6197220444252155,-0.5097084645336173,-0.11001357987982553,PreMarketWait,1
1718905264.5,1.876616,-0.6115279769590881,-0.48845885330645855,-0.1230691236408557,PreMarketWait,1
1718905264.75,1.867646,-0.6210884328866586,-0.4662727539391554,-0.1548156789357226,PreMarketWait,1
1718905265.0,1.852269,-0.637477633644546,-0.4432683886237546,-0.19420924500900127,PreMarketWait,1
1718905265.25,1.854832,-0.6347459225472926,-0.41958990509490285,-0.2151560174405897,PreMarketWait,1
1718905265.5,1.884305,-0.6033328436673281,-0.3954051246961773,-0.20792771895934126,PreMarketWait,1
1718905265.75,1.954782,-0.5282166505338409,-0.3709025086003705,-0.1573141419216515,PreMarketWait,1
1718905266.0,2.013727,-0.46539155859954495,-0.34628743461862316,-0.11910412396909346,PreMarketWait,1
1718905266.25,2.175184,-0.29330654938017675,-0.3217779050527874,0.028471355684448862,PreMarketWait,1
1718905266.5,2.295637,-0.16492465441433055,-0.2975998290504937,0.13267517464801212,PreMarketWait,1
1718905266.75,2.382772,-0.07205393788714592,-0.2739820393293914,0.20192810145410603,PreMarketWait,1
1718905267.0,2.437873,-0.013325879685913257,-0.2511512117342733,0.23782533206023138,PreMarketWait,1
1718905267.25,2.441505,-0.009454800987035644,-0.22932685627478439,0.21987205529962695,PreMarketWait,1
1718905267.5,2.450475,0.00010565494053490515,-0.2087165402151901,0.2088221951676016,PreMarketWait,1
1718905267.75,2.444068,-0.006723089889781916,-0.18951148835248352,0.18278839847456255,PreMarketWait,1
1718905268.0,2.412033,-0.040866814041366974,-0.17188268430831752,0.13101587027877568,PreMarketWait,1
1718905268.25,2.383842,-0.07091350445988846,-0.1559775712884845,0.08506406684035922,PreMarketWait,1
1718905268.5,2.351807,-0.10505722861147351,-0.14191742322986386,0.03686019463006007,PreMarketWait,1
1718905268.75,2.324897,-0.1337385963941847,-0.1297954293465057,-0.003943167036138423,PreMarketWait,1
1718905269.0,2.306957,-0.15285950824932532,-0.11967550833964273,-0.03318399989830956,PreMarketWait,1
1718905269.25,2.30952,-0.15012779715207206,-0.11159184414224499,-0.038535952998660986,PreMarketWait,1
1718905269.5,2.296706,-0.16378528681270618,-0.10554911382996761,-0.058236172971817865,PreMarketWait,1
1718905269.75,2.31849,-0.1405673412245015,-0.10152336066857047,-0.03904398054529151,PreMarketWait,1
1718905270.0,2.32746,-0.13100688529693144,-0.09946345127656935,-0.03154343401003556,PreMarketWait,1
1718905270.25,2.328741,-0.12964156266112112,-0.09929304540940055,-0.03034851724173389,PreMarketWait,1
1718905270.5,2.32746,-0.13100688529693144,-0.1009129996152454,-0.030093885672060422,PreMarketWait,1
1718905270.75,2.346681,-0.1105206508059805,-0.10420412160699895,-0.00631652918973187,PreMarketWait,1
1718905271.0,2.337711,-0.12008110673355057,-0.10903019027607239,-0.011050916448612905,PreMarketWait,1
1718905271.25,2.319772,-0.13920095276305858,-0.1152411565171458,-0.023959796237434064,PreMarketWait,1
1718905271.5,2.305676,-0.15422483088513564,-0.12267644216657002,-0.03154838871046933,PreMarketWait,1
1718905271.75,2.297987,-0.16241996417689586,-0.1311682581602496,-0.03125170600892209,PreMarketWait,1
1718905272.0,2.287736,-0.17334574274027625,-0.1405448683037032,-0.03280087442920476,PreMarketWait,1
1718905272.25,2.282611,-0.17880809910915013,-0.15063373163505073,-0.028174367467065087,PreMarketWait,1
1718905272.5,2.273641,-0.18836855503672068,-0.16126446404154285,-0.02710409098845032,PreMarketWait,1
1718905272.75,2.265952,-0.19656368832848092,-0.17227156831590487,-0.024292120006123477,PreMarketWait,1
1718905273.0,2.260827,-0.2020260446973548,-0.18349689093929666,-0.018529153751844364,PreMarketWait,1
1718905273.25,2.248013,-0.21568353435798893,-0.1947917732770541,-0.020891761074920558,PreMarketWait,1
1718905273.5,2.242887,-0.22114695655249542,-0.2060188743065194,-0.015128082240119689,PreMarketWait,1
1718905273.75,2.239043,-0.225243990285559,-0.217053651218375,-0.008190339061442852,PreMarketWait,1
1718905274.0,2.232636,-0.23207273511587628,-0.22778549302352577,-0.0042872420866817695,PreMarketWait,1
1718905274.25,2.228791,-0.23617083467457248,-0.23811851046288532,0.00194767579395056,PreMarketWait,1
1718905274.5,2.221103,-0.24436490214070009,-0.24797199289390343,0.0036070907588484757,PreMarketWait,1
1718905274.75,2.212133,-0.25392535806827016,-0.25728054928839683,0.0033551912258131186,PreMarketWait,1
1718905275.0,2.205726,-0.26075410289858747,-0.2659939559362679,0.005239853043436424,PreMarketWait,1
1718905275.25,2.204445,-0.2621194255343973,-0.2740767378660946,0.011957312337544504,PreMarketWait,1
1718905275.5,2.199319,-0.2675828477289043,-0.28150751435931654,0.013924666636365123,PreMarketWait,1
1718905275.75,2.194193,-0.27304626992341124,-0.2882781412706937,0.01523187135334822,PreMarketWait,1
1718905276.0,2.185224,-0.2826056600253487,-0.29439268421830156,0.011787024199133106,PreMarketWait,1
1718905276.25,2.177535,-0.29080079331710845,-0.29986625713982124,0.009065463829004361,PreMarketWait,1
1718905276.5,2.174972,-0.2935325044143622,-0.3047237603201605,0.01119125591219422,PreMarketWait,1
1718905276.75,2.168565,-0.30036124924467905,-0.3089985508877253,0.00863730164953621,PreMarketWait,1
1718905277.0,2.166003,-0.30309189451629964,-0.3127310770681157,0.009639182558387825,PreMarketWait,1
1718905277.25,2.16344,-0.30582360561355293,-0.31596750528565787,0.010143899678744982,PreMarketWait,1
1718905277.5,2.155751,-0.3140187389053131,-0.31875836661769996,0.004739627719081388,PreMarketWait,1
1718905277.75,2.153188,-0.3167504500025664,-0.3211572462293106,0.0044067962334801355,PreMarketWait,1
1718905278.0,2.157033,-0.31265235044386974,-0.3232195363364491,0.010567185899345702,PreMarketWait,1
1718905278.25,2.150625,-0.31948216109982014,-0.3250012700471186,0.005519108954087245,PreMarketWait,1
1718905278.5,2.149344,-0.32084748373563,-0.3265580501879772,0.005710566459154532,PreMarketWait,1
1718905278.75,2.148063,-0.3222128063714403,-0.3279440840067178,0.005731277642104234,PreMarketWait,1
1718905279.0,2.1455,-0.3249445174686935,-0.3292113315125334,0.004266814050691228,PreMarketWait,1
1718905279.25,2.13653,-0.33450497339626406,-0.3304087722407053,-0.004096201148673826,PreMarketWait,1
1718905279.5,2.139093,-0.33177326229901083,-0.3315817924620549,-0.00019146983002545304,PreMarketWait,1
1718905279.75,2.133967,-0.33723668449351735,-0.3327716923551615,-0.004464992131365547,PreMarketWait,1
1718905280.0,2.135249,-0.3358702960320744,-0.3340153104569769,-0.001854985568032064,PreMarketWait,1
1718905280.25,2.131404,-0.3399683955907711,-0.33534476082595405,-0.0046236347576609025,PreMarketWait,1
1718905280.5,2.131404,-0.3399683955907711,-0.33678727679256587,-0.0031811187909435764,PreMarketWait,1
1718905280.75,2.133967,-0.33723668449351735,-0.3383651539216669,0.001128469435530348,PreMarketWait,1
1718905281.0,2.131404,-0.3399683955907711,-0.3400957838469606,0.0001273882637020142,PreMarketWait,1
1718905281.25,2.12756,-0.34406542932383466,-0.34199176993374025,-0.0020736593824393027,PreMarketWait,1
1718905281.5,2.122435,-0.34952778569270854,-0.3440611152575539,-0.005466670427348426,PreMarketWait,1
1718905281.75,2.117309,-0.354991207887215,-0.3463074731343071,-0.0086837347449451,PreMarketWait,1
1718905282.0,2.11859,-0.3536258852514047,-0.34873045038672457,-0.004895434856558502,PreMarketWait,1
1718905282.25,2.122435,-0.34952778569270854,-0.3513259536659705,0.0017981679815409525,PreMarketWait,1
1718905282.5,2.119872,-0.35225949678996177,-0.3540865694387486,0.0018270726572176856,PreMarketWait,1
1718905282.75,2.113465,-0.3590882416202786,-0.35700196866202144,-0.0020862729496836374,PreMarketWait,1
1718905283.0,2.113465,-0.3590882416202786,-0.36005932766019855,0.0009710860486235092,PreMarketWait,1
1718905283.25,2.107058,-0.3659169864505959,-0.36324375726321834,-0.002673229178559229,PreMarketWait,1
1718905283.5,2.108339,-0.3645516638147856,-0.3665387328426051,0.001987069036735657,PreMarketWait,1
1718905283.75,2.103214,-0.3700140201836595,-0.369926518490676,-8.75016839872152e-05,PreMarketWait,1
1718905284.0,2.098088,-0.37547744237816594,-0.37338857922314633,-0.0020888631459614086,PreMarketWait,1
1718905284.25,2.091681,-0.38230618720848325,-0.3769059757446664,-0.005400211454715045,PreMarketWait,1
1718905284.5,2.094244,-0.3795744761112295,-0.3804597369969898,0.0008852608948880817,PreMarketWait,1
1718905284.75,2.087837,-0.38640322094154683,-0.38403120640575,-0.0023720145266594634,PreMarketWait,1
1718905285.0,2.085274,-0.38913493203880006,-0.3876023584453337,-0.0015325735843343563,PreMarketWait,1
1718905285.25,2.080148,-0.3945983542333071,-0.3911560828377588,-0.00344227138643488,PreMarketWait,1
1718905285.5,2.085274,-0.38913493203880006,-0.3946764343730733,0.005541502343356559,PreMarketWait,1
1718905285.75,2.077585,-0.3973300653305603,-0.3981488469680032,0.0008187816464870726,PreMarketWait,1
1718905286.0,2.076304,-0.3986953879663706,-0.4015603111515606,0.0028649231941887754,PreMarketWait,1
1718905286.25,2.071178,-0.4041588101608771,-0.40489951467164653,0.0007407045197188314,PreMarketWait,1
1718905286.5,2.068615,-0.40689052125813086,-0.408156946354525,0.0012664251052921472,PreMarketWait,1
1718905286.75,2.066053,-0.409621166529751,-0.4113249637280679,0.0017037972071629248,PreMarketWait,1
1718905287.0,2.059646,-0.4164499113600683,-0.4143978252547056,-0.002052086096568031,PreMarketWait,1
1718905287.25,2.062208,-0.41371926608844767,-0.417371688327057,0.0036524222473543113,PreMarketWait,1
1718905287.5,2.053239,-0.4232786561903851,-0.4202445744720395,-0.0030340817096478232,PreMarketWait,1
1718905287.75,2.053239,-0.4232786561903851,-0.42301630349837166,-0.0002623526833593192,PreMarketWait,1
1718905288.0,2.049394,-0.4273767557490818,-0.4256883986150233,-0.0016883571254432167,PreMarketWait,1
1718905288.25,2.048113,-0.42874207838489214,-0.42826396484824386,-0.00047811352806563946,PreMarketWait,1
1718905288.5,2.04555,-0.4314737894821454,-0.43074754339241617,-0.0007262460811718417,PreMarketWait,1
1718905288.75,2.044269,-0.43283911211795567,-0.4331449448411234,0.00030583273170805333,PreMarketWait,1
1718905289.0,2.039143,-0.4383025343124622,-0.43546306455234723,-0.002839469751582547,PreMarketWait,1
1718905289.25,2.03658,-0.4410342454097159,-0.43770968369738017,-0.00332456170380086,PreMarketWait,1
1718905289.5,2.03658,-0.4410342454097159,-0.4398932598187578,-0.0011409855824090086,PreMarketWait,1
1718905289.75,2.031455,-0.4464966017785898,-0.4420227109694816,-0.0044738908005319536,PreMarketWait,1
1718905290.0,2.030173,-0.44786299024003273,-0.4441071977120738,-0.003755792519341504,PreMarketWait,1
1718905290.25,2.032736,-0.4451312791427795,-0.44615590740471667,0.0010246282706105473,PreMarketWait,1
1718905290.5,2.031455,-0.4464966017785898,-0.4481778452712693,0.001681243501424403,PreMarketWait,1
1718905290.75,2.032736,-0.4451312791427795,-0.4501816367182353,0.005050357584288697,PreMarketWait,1
1718905291.0,2.02761,-0.450594701337286,-0.4521753452026245,0.0015806438742763604,PreMarketWait,1
1718905291.25,2.026329,-0.4519600239730963,-0.4541663096560861,0.00220628569205002,PreMarketWait,1
1718905291.5,2.025048,-0.4533253466089066,-0.4561610050317842,0.0028356584320767177,PreMarketWait,1
1718905291.75,2.023766,-0.45469173507034955,-0.4581649289735686,0.0034731939125725616,PreMarketWait,1
1718905292.0,2.021203,-0.4574234461676033,-0.46018251693301226,0.0027590707749307166,PreMarketWait,1
1718905292.25,2.022485,-0.4560570577061599,-0.4622170873030497,0.006160029606591251,PreMarketWait,1
1718905292.5,2.014796,-0.4642521909979201,-0.46427081732257613,1.8626334545932075e-05,PreMarketWait,1
1718905292.75,2.013515,-0.46561751363373044,-0.46634474966134265,0.0007272360376962819,PreMarketWait,1
1718905293.0,2.013515,-0.46561751363373044,-0.4684388287478894,0.00282131512443916,PreMarketWait,1
1718905293.25,2.008389,-0.47108093582823696,-0.4705519650846322,-0.0005289707331308641,PreMarketWait,1
1718905293.5,2.012233,-0.4669839020951734,-0.4726821250301797,0.005698222945666265,PreMarketWait,1
1718905293.75,2.009671,-0.469714547366794,-0.4748264428408809,0.005111895484920104,PreMarketWait,1
1718905294.0,2.001982,-0.4779096806585542,-0.4769813511690349,-0.0009283294785306629,PreMarketWait,1
1718905294.25,1.999419,-0.4806413917558075,-0.4791427257320531,-0.0014986660126328861,PreMarketWait,1
1718905294.5,1.996857,-0.48337203702742787,-0.48130603951669526,-0.0020659974995044703,PreMarketWait,1
1718905294.75,1.991731,-0.48883545922193483,-0.48346652168874454,-0.005368937521884297,PreMarketWait,1
1718905295.0,1.991731,-0.48883545922193483,-0.48561931635965677,-0.003216142850923589,PreMarketWait,1
1718905295.25,1.984043,-0.497029526688062,-0.4877596365240434,-0.009269890152642977,PreMarketWait,1
1718905295.5,1.989168,-0.4915671703191881,-0.4898829088160023,-0.0016842614918123255,PreMarketWait,1
1718905295.75,1.989168,-0.4915671703191881,-0.49198490521452404,0.00041773490668895776,PreMarketWait,1
1718905296.0,1.98148,-0.4997612377853155,-0.49406185842368366,-0.005699379350312046,PreMarketWait,1
1718905296.25,1.98148,-0.4997612377853155,-0.49611055832151835,-0.0036506794525182893,PreMarketWait,1
1718905296.5,1.986605,-0.4942988814164416,-0.4981284275726732,0.003829546167467136,PreMarketWait,1
1718905296.75,1.98148,-0.4997612377853155,-0.5001135751999486,0.0003523374258281118,PreMarketWait,1
1718905297.0,1.98148,-0.4997612377853155,-0.50206482758128,0.0023035898071268033,PreMarketWait,1
1718905297.25,1.976354,-0.5052246599798222,-0.5039817369606974,-0.0012429230079828808,PreMarketWait,1
1718905297.5,1.973791,-0.5079563710770755,-0.5058645681225603,-0.002091802943377438,PreMarketWait,1
1718905297.75,1.975073,-0.5065899826156323,-0.5077142643758638,0.0011242817713834324,PreMarketWait,1
1718905298.0,1.968666,-0.5134187274459494,-0.5095323944337469,-0.0038863330010171677,PreMarketWait,1
1718905298.25,1.967384,-0.5147851159073925,-0.5113210821560618,-0.003464033740093355,PreMarketWait,1
1718905298.5,1.97251,-0.5093216937128858,-0.5130829214484522,0.003761227746873423,PreMarketWait,1
1718905298.75,1.968666,-0.5134187274459494,-0.5148208788724801,0.0014021514379230497,PreMarketWait,1
1718905299.0,1.96354,-0.5188821496404561,-0.5165381867065648,-0.0023439629224000476,PreMarketWait,1
1718905299.25,1.968666,-0.5134187274459494,-0.5182382292954113,0.0048195018610622305,PreMarketWait,1
1718905299.5,1.966103,-0.5161504385432029,-0.5199244255292979,0.0037739869978106006,PreMarketWait,1
1718905299.75,1.964821,-0.5175168270046461,-0.5216001102046045,0.004083283211790583,PreMarketWait,1
1718905300.0,1.96354,-0.5188821496404561,-0.5232684168411159,0.004386267212604458,PreMarketWait,1
1718905300.25,1.959696,-0.5229791833735197,-0.5249321642850618,0.001952980923588924,PreMarketWait,1
1718905300.5,1.962259,-0.5202474722762664,-0.5265937491325753,0.0063462768684412205,PreMarketWait,1
1718905300.75,1.953289,-0.5298079282038367,-0.5282550456964742,-0.0015528824951660716,PreMarketWait,1
1718905301.0,1.949445,-0.5339049619369003,-0.5299173149440328,-0.003987646980632111,PreMarketWait,1
1718905301.25,1.9456,-0.538003061495597,-0.5315811235881329,-0.006421937895217064,PreMarketWait,1
1718905301.5,1.9456,-0.538003061495597,-0.5332462743463772,-0.0047567871369881744,PreMarketWait,1
1718905301.75,1.948163,-0.5352713503983435,-0.5349117483071804,-0.00035960207897190377,PreMarketWait,1
1718905302.0,1.946882,-0.5366366730341537,-0.5365756603548035,-6.101266722086454e-05,PreMarketWait,1
1718905302.25,1.940475,-0.5434654178644709,-0.5382352286851212,-0.005230189167298853,PreMarketWait,1
1718905302.5,1.943037,-0.5407347725928504,-0.5398867595593226,-0.0008480130215654563,PreMarketWait,1
1718905302.75,1.943037,-0.5407347725928504,-0.5415256485631597,0.0007908759821801852,PreMarketWait,1
1718905303.0,1.93663,-0.5475635174231673,-0.543146399739921,-0.004417117671461864,PreMarketWait,1
1718905303.25,1.937912,-0.5461971289617241,-0.5447426640259693,-0.0014544649240448384,PreMarketWait,1
1718905303.5,1.937912,-0.5461971289617241,-0.5463072984206114,0.00011016947054029533,PreMarketWait,1
1718905303.75,1.939193,-0.544831806325914,-0.5478324472507478,0.003000640936451569,PreMarketWait,1
1718905304.0,1.939193,-0.544831806325914,-0.5493096467298387,0.004477840415532404,PreMarketWait,1
1718905304.25,1.932786,-0.5516605511562311,-0.5507299537474896,-0.0009305973971170862,PreMarketWait,1
1718905304.5,1.932786,-0.5516605511562311,-0.5520840994538776,0.0004235483093146937,PreMarketWait,1
1718905304.75,1.931505,-0.5530258737920412,-0.5533626677254682,0.00033679394516467737,PreMarketWait,1
1718905305.0,1.931505,-0.5530258737920412,-0.5545562980265281,0.0015304242463174628,PreMarketWait,1
1718905305.25,1.931505,-0.5530258737920412,-0.5556559115289924,0.0026300377488946785,PreMarketWait,1
1718905305.5,1.93663,-0.5475635174231673,-0.5566529586329858,0.009089441221891606,PreMarketWait,1
1718905305.75,1.930223,-0.5543922622534844,-0.5575396852513282,0.0031474230100605087,PreMarketWait,1
1718905306.0,1.925098,-0.5598546186223582,-0.5583094143961417,-0.0015452042138457012,PreMarketWait,1
1718905306.25,1.922535,-0.5625863297196114,-0.5589568387549999,-0.003629490952079144,PreMarketWait,1
1718905306.5,1.917409,-0.5680497519141184,-0.5594783190972048,-0.008571432804215549,PreMarketWait,1
1718905306.75,1.935561,-0.5487028850247919,-0.5598721825376487,0.011169297525721659,PreMarketWait,1
1718905307.0,1.932998,-0.5514345961220454,-0.5601390139251596,0.00870441781614401,PreMarketWait,1
1718905307.25,1.931717,-0.5527999187578557,-0.5602819329169914,0.007482014172325285,PreMarketWait,1
1718905307.5,1.932998,-0.5514345961220454,-0.5603068486474735,0.008872252538769344,PreMarketWait,1
1718905307.75,1.927872,-0.5568980183165522,-0.56022268330542,0.0033246650023504207,PreMarketWait,1
1718905308.0,1.929154,-0.555531629855109,-0.5600415554355446,0.004509925594047132,PreMarketWait,1
1718905308.25,1.926591,-0.5582633409523624,-0.5597789134300778,0.001515572491441965,PreMarketWait,1
1718905308.5,1.926591,-0.5582633409523624,-0.5594536095428598,0.00119026860432282,PreMarketWait,1
1718905308.75,1.92531,-0.5596286635881725,-0.5590879048994118,-0.0005407586748550843,PreMarketWait,1
1718905309.0,1.926591,-0.5582633409523624,-0.5587073964409321,0.0004440555025342946,PreMarketWait,1
1718905309.25,1.92531,-0.5596286635881725,-0.558340857562218,-0.001287806011955352,PreMarketWait,1
1718905309.5,1.924028,-0.5609950520496156,-0.5580199854050697,-0.0029750666305382555,PreMarketWait,1
1718905309.75,1.920184,-0.5650920857826794,-0.5577790493611848,-0.007313036407505559,PreMarketWait,1
1718905310.0,1.917621,-0.5678237968799328,-0.5576544373242773,-0.010169359541712308,PreMarketWait,1
1718905310.25,1.912495,-0.5732872190744395,-0.5576840986027339,-0.015603120457835271,PreMarketWait,1
1718905310.5,1.912495,-0.5732872190744395,-0.5579068851400726,-0.015380333920595849,PreMarketWait,1
1718905310.75,1.915058,-0.5705555079771862,-0.5583617957488463,-0.01219371221469414,PreMarketWait,1
1718905311.0,1.913777,-0.5719208306129963,-0.5590871313766002,-0.012833699222901233,PreMarketWait,1
1718905311.25,1.911214,-0.5746525417102498,-0.5601195728959185,-0.014532968801012845,PreMarketWait,1
1718905311.5,1.911214,-0.5746525417102498,-0.561493196430353,-0.013159345266780035,PreMarketWait,1
1718905311.75,1.909933,-0.5760178643460598,-0.5632384446698151,-0.012779419663354254,PreMarketWait,1
1718905312.0,1.911214,-0.5746525417102498,-0.5653810758663378,-0.009271465831271334,PreMarketWait,1
1718905312.25,1.90737,-0.5787495754433134,-0.5679411151085009,-0.01080846032244298,PreMarketWait,1
1718905312.5,1.90737,-0.5787495754433134,-0.5709318349271141,-0.007817740504119704,PreMarketWait,1
1718905312.75,1.90737,-0.5787495754433134,-0.574358794167521,-0.004390781264017936,PreMarketWait,1
1718905313.0,1.902244,-0.5842129976378201,-0.5782189652649207,-0.005994032361441361,PreMarketWait,1
1718905313.25,1.90737,-0.5787495754433134,-0.5824999804794306,0.003750405047252164,PreMarketWait,1
1718905313.5,1.900963,-0.5855783202736304,-0.5871795272019656,0.0016012069391451232,PreMarketWait,1
1718905313.75,1.906088,-0.5801159639047565,-0.59222492106183,0.012108957167562684,PreMarketWait,1
1718905314.0,1.902244,-0.5842129976378201,-0.5975928832047728,0.013379885577131663,PreMarketWait,1
1718905314.25,1.900963,-0.5855783202736304,-0.6032295447452733,0.017651224481527956,PreMarketWait,1
1718905314.5,1.897119,-0.589675354006694,-0.6090706970406744,0.019395343043591657,PreMarketWait,1
1718905314.75,1.894556,-0.5924070651039475,-0.6150423011361694,0.022635236041581755,PreMarketWait,1
1718905315.0,1.893274,-0.5937734535653907,-0.6210612635758539,0.02728781001959554,PreMarketWait,1
1718905315.25,1.88943,-0.5978704872984543,-0.6270364788897248,0.029165991600200645,PreMarketWait,1
1718905315.5,1.886867,-0.6006021983957075,-0.6328701316060779,0.03226793321912433,PreMarketWait,1
1718905315.75,1.886867,-0.6006021983957075,-0.638459242789776,0.037857044402672006,PreMarketWait,1
1718905316.0,1.886867,-0.6006021983957075,-0.643697438085648,0.043095239698419045,PreMarketWait,1
1718905316.25,1.879179,-0.6087962658618349,-0.6484769062995895,0.03968064044613315,PreMarketWait,1
1718905316.5,1.881742,-0.6060645547645813,-0.652690509956401,0.04662595520012355,PreMarketWait,1
1718905316.75,1.842018,-0.6484034122079266,-0.6562340023442864,0.007830590144614933,PreMarketWait,1
1718905317.0,1.812546,-0.6798154252622582,-0.6590082996309004,-0.020807125623125193,PreMarketWait,1
1718905317.25,1.803576,-0.6893758811898285,-0.6609217520643654,-0.028454129117225568,PreMarketWait,1
1718905317.5,1.811264,-0.6811818137237013,-0.6618923553725468,-0.01928945834288343,PreMarketWait,1
1718905317.75,1.808702,-0.6839124589953218,-0.6618498424726261,-0.022062616514360714,PreMarketWait,1
1718905318.0,1.815109,-0.6770837141650047,-0.660737596591725,-0.016346117564849993,PreMarketWait,1
1718905318.25,1.815109,-0.6770837141650047,-0.6585143298304513,-0.018569384325997616,PreMarketWait,1
1718905318.5,1.818953,-0.6729866804319412,-0.6551554759316501,-0.017831204491578607,PreMarketWait,1
1718905318.75,1.809983,-0.6825471363595117,-0.6506542523629355,-0.0318928839876785,PreMarketWait,1
1718905319.0,1.815109,-0.6770837141650047,-0.6450223545955077,-0.03206135956038843,PreMarketWait,1
1718905319.25,1.81639,-0.6757183915291947,-0.6382902544775165,-0.03742813704233712,PreMarketWait,1
1718905319.5,1.818953,-0.6729866804319412,-0.6305070846630252,-0.04247959575932629,PreMarketWait,1
1718905319.75,1.81639,-0.6757183915291947,-0.621740101946158,-0.053978289573187385,PreMarketWait,1
1718905320.0,1.83433,-0.6565974796740538,-0.6120737338025651,-0.0445237458613744,PreMarketWait,1
1718905320.25,1.848425,-0.6415746673776096,-0.6016082241486757,-0.03996644321855407,PreMarketWait,1
1718905320.5,1.840737,-0.6497687348437368,-0.5904579059390844,-0.05931082889401057,PreMarketWait,1
1718905320.75,1.913777,-0.5719208306129963,-0.5787491393408343,0.0068283087387351685,PreMarketWait,1
1718905321.0,1.854832,-0.6347459225472926,-0.5666179644345031,-0.06812795810164582,PreMarketWait,1
1718905321.25,1.906088,-0.5801159639047565,-0.5542075262801589,-0.025908437613218573,PreMarketWait,1
1718905321.5,2.00732,-0.47222030342986177,-0.5416653373584014,0.06944503394014064,PreMarketWait,1
1718905321.75,2.000913,-0.4790490482601786,-0.529140447499714,0.05009139925134285,PreMarketWait,1
1718905322.0,2.003475,-0.47631840298855843,-0.5167805941586969,0.04046219118213419,PreMarketWait,1
1718905322.25,2.003475,-0.47631840298855843,-0.5047294060950206,0.028411003118625322,PreMarketWait,1
1718905322.5,2.01629,-0.4626598475022912,-0.49312373118649416,0.03046388369650998,PreMarketWait,1
1718905322.75,2.044481,-0.43261315708376974,-0.48209115440896766,0.04947799733762235,PreMarketWait,1
1718905323.0,2.061139,-0.41485863369007253,-0.4717477652907858,0.05688913161322703,PreMarketWait,1
1718905323.25,2.05345,-0.4230537669818323,-0.46219622574780034,0.03914245877854236,PreMarketWait,1
1718905323.5,2.056013,-0.42032205588457905,-0.4535241794912376,0.03320212361926479,PreMarketWait,1
1718905323.75,2.05345,-0.4230537669818323,-0.4458030335465589,0.02274926657733658,PreMarketWait,1
1718905324.0,2.056013,-0.42032205588457905,-0.4390871312193246,0.018765075347332273,PreMarketWait,1
1718905324.25,2.068827,-0.4066645662239449,-0.4334133244910891,0.026748758279683312,PreMarketWait,1
1718905324.5,2.072672,-0.4025664666652487,-0.4288009426917646,0.026234476038985627,PreMarketWait,1
1718905324.75,2.067546,-0.4080298888597552,-0.4252521436890959,0.01722225484172243,PreMarketWait,1
1718905325.0,2.072672,-0.4025664666652487,-0.42275262402538194,0.020186157372411615,PreMarketWait,1
1718905325.25,2.064983,-0.41076159995700895,-0.4212726556499485,0.010511055705102022,PreMarketWait,1
1718905325.5,2.056013,-0.42032205588457905,-0.4207684093614189,0.00044635348887641854,PreMarketWait,1
1718905325.75,2.054732,-0.42168737852038934,-0.4211835189906746,-0.0005038595178120178,PreMarketWait,1
1718905326.0,2.030385,-0.44763703520584724,-0.42245083590272886,-0.02518619929135536,PreMarketWait,1
1718905326.25,1.986817,-0.49407292638225586,-0.42449432071197774,-0.06957860565865853,PreMarketWait,1
1718905326.5,1.995787,-0.4845124704546856,-0.42723101826854837,-0.057281452174662184,PreMarketWait,1
1718905326.75,2.018852,-0.4599292022306711,-0.4305730629741246,-0.029356139245213866,PreMarketWait,1
1718905327.0,2.022697,-0.4558311026719744,-0.4344296641942637,-0.021401438466514697,PreMarketWait,1
1718905327.25,2.025259,-0.45310045740035376,-0.43870902568879655,-0.014391431700488289,PreMarketWait,1
1718905327.5,2.022697,-0.4558311026719744,-0.44332015822313614,-0.012510944437882705,PreMarketWait,1
1718905327.75,2.01629,-0.4626598475022912,-0.4481745504719887,-0.014485297019441845,PreMarketWait,1
1718905328.0,2.015008,-0.46402623596373466,-0.4531876696561772,-0.01083856629676904,PreMarketWait,1
1718905328.25,2.011164,-0.4681232696967982,-0.45828026981591957,-0.009842999870136083,PreMarketWait,1
1718905328.5,2.00732,-0.47222030342986177,-0.4633794920384944,-0.008840811380640946,PreMarketWait,1
1718905328.75,2.004757,-0.474952014527115,-0.46841974718267604,-0.006532267333697148,PreMarketWait,1
1718905329.0,2.000913,-0.4790490482601786,-0.4733433775558772,-0.005705670693512668,PreMarketWait,1
1718905329.25,2.002194,-0.4776837256243687,-0.478101099496449,0.00041737388294592163,PreMarketWait,1
1718905329.5,1.999631,-0.480415436721622,-0.4826522338008502,0.002236797090197838,PreMarketWait,1
1718905329.75,1.995787,-0.4845124704546856,-0.48696473533682205,0.002452264893233103,PreMarketWait,1
1718905330.0,1.994506,-0.4858777930904959,-0.49101503694144194,0.005137243862187307,PreMarketWait,1
1718905330.25,1.988099,-0.4927065379208127,-0.4947877257812638,0.0020811878718481926,PreMarketWait,1
1718905330.5,1.988099,-0.4927065379208127,-0.49827507273827193,0.005568534829017424,PreMarketWait,1
1718905330.75,1.988099,-0.4927065379208127,-0.5014764370879485,0.00876989917885514,PreMarketWait,1
1718905331.0,1.985536,-0.4954382490180662,-0.5043975697770204,0.008959320770830326,PreMarketWait,1
1718905331.25,1.981692,-0.49953528275112974,-0.5070498390215048,0.007514556282400428,PreMarketWait,1
1718905331.5,1.981692,-0.49953528275112974,-0.5094494017734219,0.009914119034457124,PreMarketWait,1
1718905331.75,1.976566,-0.5049987049456365,-0.5116163439012427,0.006617638967899377,PreMarketWait,1
1718905332.0,1.977847,-0.5036333823098265,-0.5135738107603532,0.009940428462935611,PreMarketWait,1
1718905332.25,1.968878,-0.5131927724117639,-0.5153471482692445,0.0021543758699919396,PreMarketWait,1
1718905332.5,1.97144,-0.5104621271401433,-0.5169630727318458,0.006500945604304059,PreMarketWait,1
1718905332.75,1.967596,-0.5145591608732071,-0.5184488855325758,0.0038897246720500343,PreMarketWait,1
1718905333.0,1.970159,-0.5118274497759535,-0.519831746549685,0.00800429678648341,PreMarketWait,1
1718905333.25,1.966315,-0.5159244835090171,-0.5211380177482595,0.005213534252056484,PreMarketWait,1
1718905333.5,1.966315,-0.5159244835090171,-0.5223926859834259,0.006468202487276633,PreMarketWait,1
1718905333.75,1.961189,-0.5213879057035239,-0.523618871619404,0.0022309659287930144,PreMarketWait,1
1718905334.0,1.956063,-0.5268513278980306,-0.5248374272034885,-0.002013900681593692,PreMarketWait,1
1718905334.25,1.957345,-0.5254849394365877,-0.5260666281783853,0.0005816887547712142,PreMarketWait,1
1718905334.5,1.953501,-0.5295819731696513,-0.5273219555201362,-0.0022600176365271526,PreMarketWait,1
1718905334.75,1.950938,-0.5323136842669045,-0.5286159682899947,-0.00369771596391853,PreMarketWait,1
1718905335.0,1.952219,-0.5309483616310944,-0.5299582624095082,-0.000990099208602233,PreMarketWait,1
1718905335.25,1.953501,-0.5295819731696513,-0.5313555105153616,0.0017735373586772341,PreMarketWait,1
1718905335.5,1.945812,-0.5377771064614113,-0.5328115765187346,-0.004965529929735126,PreMarketWait,1
1718905335.75,1.950938,-0.5323136842669045,-0.5343276974703998,0.0020140132164048283,PreMarketWait,1
1718905336.0,1.944531,-0.5391424290972215,-0.5359027245029692,-0.003239704581379333,PreMarketWait,1
1718905336.25,1.948375,-0.535045395364158,-0.5375334139723357,0.0024880186210127792,PreMarketWait,1
1718905336.5,1.944531,-0.5391424290972215,-0.5392147594402978,7.233035587498465e-05,PreMarketWait,1
1718905336.75,1.941968,-0.5418741401944751,-0.5409403548201139,-0.0009337853615954718,PreMarketWait,1
1718905337.0,1.938124,-0.5459711739275386,-0.5427027788390361,-0.0032683950757653162,PreMarketWait,1
1718905337.25,1.939405,-0.5446058512917283,-0.5444939909524787,-0.00011186032653611767,PreMarketWait,1
1718905337.5,1.932998,-0.5514345961220454,-0.5463057289709129,-0.005128867138439081,PreMarketWait,1
1718905337.75,1.934279,-0.550069273486235,-0.5481298989287491,-0.0019393745448105862,PreMarketWait,1
1718905338.0,1.934279,-0.550069273486235,-0.5499589481252265,-0.00011032534835126069,PreMarketWait,1
1718905338.25,1.932998,-0.5514345961220454,-0.5517862127855664,0.00035161667615813894,PreMarketWait,1
1718905338.5,1.934279,-0.550069273486235,-0.5536062324071427,0.0035369589335217805,PreMarketWait,1
1718905338.75,1.931717,-0.5527999187578557,-0.5554150235509028,0.0026151048056359443,PreMarketWait,1
1718905339.0,1.930435,-0.5541663072192988,-0.5572103065988058,0.0030439993920697668,PreMarketWait,1
1718905339.25,1.929154,-0.555531629855109,-0.5589916798196227,0.003460049977052101,PreMarketWait,1
1718905339.5,1.921465,-0.5637267631468692,-0.5607607359755741,-0.002966027158777458,PreMarketWait,1
1718905339.75,1.920184,-0.5650920857826794,-0.5625211176778308,-0.0025709680923452437,PreMarketWait,1
1718905340.0,1.91634,-0.569189119515743,-0.5642785087808967,-0.004910610722347863,PreMarketWait,1
1718905340.25,1.917621,-0.5678237968799328,-0.5660405603121637,-0.0017832365552643923,PreMarketWait,1
1718905340.5,1.912495,-0.5732872190744395,-0.5678167507708894,-0.0054704682910269595,PreMarketWait,1
1718905340.75,1.909933,-0.5760178643460598,-0.5696181820934515,-0.006399682240055216,PreMarketWait,1
1718905341.0,1.903526,-0.582846609176377,-0.5714573141484087,-0.011389295015374674,PreMarketWait,1
1718905341.25,1.906088,-0.5801159639047565,-0.5733476422648066,-0.006768321627307124,PreMarketWait,1
1718905341.5,1.909933,-0.5760178643460598,-0.5753033239703347,-0.0007145403630259626,PreMarketWait,1
1718905341.75,1.90737,-0.5787495754433134,-0.5773387627721748,-0.001410812658376567,PreMarketWait,1
1718905342.0,1.900963,-0.5855783202736304,-0.5794681583935706,-0.006110161867229727,PreMarketWait,1
1718905342.25,1.900963,-0.5855783202736304,-0.5817050343227861,-0.003873285937942021,PreMarketWait,1
1718905342.5,1.897119,-0.589675354006694,-0.5840617547855804,-0.005613599208136359,PreMarketWait,1
1718905342.75,1.899681,-0.5869447087350737,-0.5865490442759085,-0.00039566444611236704,PreMarketWait,1
1718905343.0,1.893274,-0.5937734535653907,-0.5891755235366317,-0.004597930015631731,PreMarketWait,1
1718905343.25,1.891993,-0.5951387762012007,-0.5919472763370272,-0.0031914998509748956,PreMarketWait,1
1718905343.5,1.88943,-0.5978704872984543,-0.5948674615102763,-0.003003025774913238,PreMarketWait,1
1718905343.75,1.888149,-0.5992358099342643,-0.5979359844568113,-0.0012998254641290808,PreMarketWait,1
1718905344.0,1.890712,-0.596504098837011,-0.6011492416562678,0.004645142832630776,PreMarketWait,1
1718905344.25,1.88943,-0.5978704872984543,-0.6044999506327523,0.006629463347711592,PreMarketWait,1
1718905344.5,1.884305,-0.6033328436673281,-0.6079770762613075,0.0046442326074221055,PreMarketWait,1
1718905344.75,1.881742,-0.6060645547645813,-0.6115658622748628,0.005501307523744059,PreMarketWait,1
1718905345.0,1.885586,-0.6019675210315178,-0.6152479743350774,0.01328045331703468,PreMarketWait,1
1718905345.25,1.88046,-0.6074309432260245,-0.6190017580918303,0.011570814879288443,PreMarketWait,1
1718905345.5,1.883023,-0.6046992321287713,-0.622802612317395,0.018103380202110643,PreMarketWait,1
1718905345.75,1.884305,-0.6033328436673281,-0.6266234735218417,0.023290629868002555,PreMarketWait,1
1718905346.0,1.883023,-0.6046992321287713,-0.6304354045143468,0.025736172399065182,PreMarketWait,1
1718905346.25,1.877898,-0.6101615884976449,-0.6342082752741902,0.024046686790034827,PreMarketWait,1
1718905346.5,1.879179,-0.6087962658618349,-0.6379115203690234,0.02911525452067774,PreMarketWait,1
1718905346.75,1.863802,-0.6251854666197222,-0.6415149531729218,0.01632948656668938,PreMarketWait,1
1718905347.0,1.848425,-0.6415746673776096,-0.6449896134886592,0.0034149461245423732,PreMarketWait,1
1718905347.25,1.859958,-0.6292825003527858,-0.6483086220821613,0.01902612174287503,PreMarketWait,1
1718905347.5,1.866365,-0.6224537555224687,-0.6514480133078223,0.028994257798865185,PreMarketWait,1
1718905347.75,1.854832,-0.6347459225472926,-0.6543875156393214,0.019641593105559498,PreMarketWait,1
1718905348.0,1.817671,-0.6743530688933843,-0.657111249695051,-0.01724181918477426,PreMarketWait,1
1718905348.25,1.783073,-0.7112285041422229,-0.6596083144178109,-0.051620189710812746,PreMarketWait,1
1718905348.5,1.757445,-0.7385434834634909,-0.6618732345820335,-0.07667024886780296,PreMarketWait,1
1718905348.75,1.758727,-0.7371770950020478,-0.6639062468647482,-0.0732708481235725,PreMarketWait,1
1718905349.0,1.760008,-0.7358117723662374,-0.665713407325105,-0.07009836502731318,PreMarketWait,1
1718905349.25,1.767696,-0.7276177049001102,-0.6673065101098409,-0.06031119477633658,PreMarketWait,1
1718905349.5,1.772822,-0.7221542827056036,-0.6687028151604335,-0.05345146753110154,PreMarketWait,1
1718905349.75,1.794606,-0.6989363371173991,-0.6699245911120445,-0.0290117459911286,PreMarketWait,1
1718905350.0,1.804857,-0.6880105585540185,-0.6709984878431724,-0.017012070696441853,PreMarketWait,1
1718905350.25,1.856114,-0.6333795340858493,-0.6719547606634039,0.03857522659215627,PreMarketWait,1
1718905350.5,1.861239,-0.6279171777169755,-0.6728263743883969,0.044909196686237225,PreMarketWait,1
1718905350.75,1.857395,-0.6320142114500393,-0.6736480201399135,0.04163380870491715,PreMarketWait,1
1718905351.0,1.857395,-0.6320142114500393,-0.6744550803854901,0.04244086895072827,PreMarketWait,1
1718905351.25,1.854832,-0.6347459225472926,-0.6752825784565712,0.040536655924791054,PreMarketWait,1
1718905351.5,1.852269,-0.637477633644546,-0.6761641477048914,0.03868651407608502,PreMarketWait,1
1718905351.75,1.849707,-0.6402082789161664,-0.6771310528622773,0.036922773962061284,PreMarketWait,1
1718905352.0,1.824078,-0.6675243240630673,-0.6782112924175329,0.010686968370601603,PreMarketWait,1
1718905352.25,1.788199,-0.7057650819477159,-0.679428806291821,-0.026336275639607137,PreMarketWait,1
1718905352.5,1.81639,-0.6757183915291947,-0.6808028081391764,0.005084416626379616,PreMarketWait,1
1718905352.75,1.830485,-0.6606955792327505,-0.6823472565281686,0.021651677311879856,PreMarketWait,1
1718905353.0,1.824078,-0.6675243240630673,-0.6840704742949847,0.01654615024839392,PreMarketWait,1
1718905353.25,1.824078,-0.6675243240630673,-0.6859749206214677,0.018450596574842576,PreMarketWait,1
1718905353.5,1.818953,-0.6729866804319412,-0.6880571159462707,0.015070435530690492,PreMarketWait,1
1718905353.75,1.818953,-0.6729866804319412,-0.690307715723902,0.017321035308198764,PreMarketWait,1
1718905354.0,1.777948,-0.7166908605110965,-0.6927117254032336,-0.023979135091782497,PreMarketWait,1
1718905354.25,1.729254,-0.7685901738820121,-0.6952488459356126,-0.07334132793050283,PreMarketWait,1
1718905354.5,1.762571,-0.733080061268984,-0.6978939367715514,-0.03518612448173759,PreMarketWait,1
1718905354.75,1.803576,-0.6893758811898285,-0.7006175817349606,0.01124170056061577,PreMarketWait,1
1718905355.0,1.80742,-0.6852788474567649,-0.7033867423332921,0.018107894891797052,PreMarketWait,1
1718905355.25,1.799732,-0.6934729149228921,-0.7061654828020623,0.012692567894229519,PreMarketWait,1
1718905355.5,1.79845,-0.6948393033843353,-0.7089157512592552,0.01407644788977697,PreMarketWait,1
1718905355.75,1.738224,-0.7590297179544419,-0.7115982015676083,-0.04743151637216729,PreMarketWait,1
1718905356.0,1.760008,-0.7358117723662374,-0.7141730407906633,-0.021638731561085017,PreMarketWait,1
1718905356.25,1.777948,-0.7166908605110965,-0.716600887492521,-8.997300424887222e-05,PreMarketWait,1
1718905356.5,1.790762,-0.7030333708504627,-0.7188436265925578,0.015810255756273053,PreMarketWait,1
1718905356.75,1.794606,-0.6989363371173991,-0.720865247009259,0.02192890990590208,PreMarketWait,1
1718905357.0,1.797169,-0.6962046260201455,-0.7226326488190049,0.026428022812777185,PreMarketWait,1
1718905357.25,1.79845,-0.6948393033843353,-0.7241164070267279,0.029277103656194715,PreMarketWait,1
1718905357.5,1.775385,-0.71942257160835,-0.7252914792772531,0.005868907682596312,PreMarketWait,1
1718905357.75,1.757445,-0.7385434834634909,-0.7261378450065893,-0.012405638443311835,PreMarketWait,1
1718905358.0,1.749757,-0.746737550929618,-0.7266410637926326,-0.02009648712349438,PreMarketWait,1
1718905358.25,1.754882,-0.7412751945607441,-0.7267927411876763,-0.014482453359669873,PreMarketWait,1
1718905358.5,1.753601,-0.7426405171965544,-0.7265908912368509,-0.01604962594639174,PreMarketWait,1
1718905358.75,1.760008,-0.7358117723662374,-0.7260401862628212,-0.009771586090182319,PreMarketWait,1
1718905359.0,1.757445,-0.7385434834634909,-0.725152086293557,-0.013391397156766831,PreMarketWait,1
1718905359.25,1.761289,-0.734446449730427,-0.7239448426272999,-0.010501607090012442,PreMarketWait,1
1718905359.5,1.762571,-0.733080061268984,-0.7224433723389834,-0.010636688916919409,PreMarketWait,1
1718905359.75,1.762571,-0.733080061268984,-0.7206790029057167,-0.012401058350197532,PreMarketWait,1
1718905360.0,1.80742,-0.6852788474567649,-0.7186890884448507,0.033410241001168794,PreMarketWait,1
1718905360.25,1.815109,-0.6770837141650047,-0.7165165012082659,0.03943278705638454,PreMarketWait,1
1718905360.5,1.808702,-0.6839124589953218,-0.7142090038759601,0.0302965448938294,PreMarketWait,1
1718905360.75,1.785636,-0.7084967930449694,-0.7118185098077411,0.0033217167760574914,PreMarketWait,1
1718905361.0,1.780511,-0.7139591494138433,-0.7094002397967889,-0.004558909603649613,PreMarketWait,1
1718905361.25,1.777948,-0.7166908605110965,-0.7070117851682741,-0.00967907532927724,PreMarketWait,1
1718905361.5,1.775385,-0.71942257160835,-0.7047120884744305,-0.014710483120216496,PreMarketWait,1
1718905361.75,1.762571,-0.733080061268984,-0.7025603547257381,-0.030519706529371415,PreMarketWait,1
1718905362.0,1.757445,-0.7385434834634909,-0.7006149081589647,-0.037928575290471084,PreMarketWait,1
1718905362.25,1.756164,-0.739908806099301,-0.6989320119738968,-0.04097679411116332,PreMarketWait,1
1718905362.5,1.753601,-0.7426405171965544,-0.6975646711794098,-0.0450758460027165,PreMarketWait,1
1718905362.75,1.785636,-0.7084967930449694,-0.6965614415022877,-0.011935351528068527,PreMarketWait,1
1718905363.0,1.793325,-0.7003016597532091,-0.6959652699816894,-0.00433638975672684,PreMarketWait,1
1718905363.25,1.801013,-0.6921075922870821,-0.6958123950993234,0.003704802827205495,PreMarketWait,1
1718905363.5,1.812546,-0.6798154252622582,-0.6961313357724862,0.016315910525352827,PreMarketWait,1
1718905363.75,1.812546,-0.6798154252622582,-0.6969419990022557,0.017126573755270578,PreMarketWait,1
1718905364.0,1.808702,-0.6839124589953218,-0.6982549352494171,0.014342476269503664,PreMarketWait,1
1718905364.25,1.821516,-0.6702549693346879,-0.7000707686370191,0.029815799317862237,PreMarketWait,1
1718905364.5,1.81639,-0.6757183915291947,-0.7023798258741952,0.026661434360642406,PreMarketWait,1
1718905364.75,1.812546,-0.6798154252622582,-0.7051619834548837,0.025346558208367478,PreMarketWait,1
1718905365.0,1.815109,-0.6770837141650047,-0.708386747352296,0.0313030332031232,PreMarketWait,1
1718905365.25,1.804857,-0.6880105585540185,-0.7120135732897575,0.024003014751650155,PreMarketWait,1
1718905365.5,1.811264,-0.6811818137237013,-0.7159924289366733,0.03481061522895155,PreMarketWait,1
1718905365.75,1.80742,-0.6852788474567649,-0.7202645922935572,0.034985744852828946,PreMarketWait,1
1718905366.0,1.806139,-0.6866441700925753,-0.7247636733457827,0.03811950326928969,PreMarketWait,1
1718905366.25,1.795887,-0.6975710144815888,-0.7294168390474494,0.03184582458197771,PreMarketWait,1
1718905366.5,1.757445,-0.7385434834634909,-0.734146215124515,-0.004397268322833218,PreMarketWait,1
1718905366.75,1.738224,-0.7590297179544419,-0.7388704323545633,-0.020159285583718635,PreMarketWait,1
1718905367.0,1.727973,-0.7699554965178225,-0.7435062801818733,-0.02644921631977991,PreMarketWait,1
1718905367.25,1.722847,-0.7754189187123292,-0.7479704270116387,-0.027448491684519356,PreMarketWait,1
1718905367.5,1.727973,-0.7699554965178225,-0.7521811644534315,-0.0177743320482247,PreMarketWait,1
1718905367.75,1.72541,-0.7726872076150757,-0.7560601321810645,-0.016627075417854593,PreMarketWait,1
1718905368.0,1.733098,-0.7644931401489485,-0.7595339808536229,-0.004959159279181183,PreMarketWait,1
1718905368.25,1.727973,-0.7699554965178225,-0.7625359325339433,-0.007419563967747338,PreMarketWait,1
1718905368.5,1.731817,-0.7658584627847589,-0.765007201056989,-0.000851261711648895,PreMarketWait,1
1718905368.75,1.72541,-0.7726872076150757,-0.7668982386702616,-0.005788968928701087,PreMarketWait,1
1718905369.0,1.710033,-0.7890764083729633,-0.768169779857926,-0.020906628498928242,PreMarketWait,1
1718905369.25,1.704907,-0.79453983056747,-0.7687936584735514,-0.025746172077808147,PreMarketWait,1
1718905369.5,1.6985,-0.8013685753977872,-0.7687533800693084,-0.03261519531235888,PreMarketWait,1
1718905369.75,1.708752,-0.7904417310087734,-0.768044437544156,-0.02239729344847604,PreMarketWait,1
1718905370.0,1.71644,-0.7822476635426463,-0.7666743648294789,-0.015573298696988865,PreMarketWait,1
1718905370.25,1.666465,-0.8355122995493719,-0.7646625301278751,-0.07084976940526129,PreMarketWait,1
1718905370.5,1.74335,-0.7535662957599351,-0.7620396770130493,0.008473381269429738,PreMarketWait,1
1718905370.75,1.735661,-0.7617614290516953,-0.7588472282481901,-0.0029142007870849827,PreMarketWait,1
1718905371.0,1.706189,-0.7931734421060269,-0.7551363732311478,-0.03803706885832764,PreMarketWait,1
1718905371.25,1.758727,-0.7371770950020478,-0.750966965269428,0.01378987028408918,PreMarketWait,1
1718905371.5,1.790762,-0.7030333708504627,-0.746406259192525,0.04337288835895382,PreMarketWait,1
1718905371.75,1.792043,-0.7016680482146523,-0.741527522940639,0.03985947474308386,PreMarketWait,1
1718905372.0,1.788199,-0.7057650819477159,-0.7364085586145778,0.03064347668418424,PreMarketWait,1
1718905372.25,1.786918,-0.7071304045835263,-0.7311301690104992,0.02399976444453398,PreMarketWait,1
1718905372.5,1.784355,-0.7098621156807797,-0.7257746049891717,0.01591248932619848,PreMarketWait,1
1718905372.75,1.781792,-0.712593826778033,-0.7204240273472132,0.007830200587232002,PreMarketWait,1
1718905373.0,1.777948,-0.7166908605110965,-0.7151590144333454,-0.001531846059461918,PreMarketWait,1
1718905373.25,1.777948,-0.7166908605110965,-0.7100571438487837,-0.006633716643801239,PreMarketWait,1
1718905373.5,1.780511,-0.7139591494138433,-0.705191673401305,-0.008767475993826865,PreMarketWait,1
1718905373.75,1.788199,-0.7057650819477159,-0.7006303431934956,-0.005134738735338332,PreMarketWait,1
1718905374.0,1.815109,-0.6770837141650047,-0.6964343173944331,0.019350603248445168,PreMarketWait,1
1718905374.25,1.811264,-0.6811818137237013,-0.6926572808899238,0.011475467185333613,PreMarketWait,1
1718905374.5,1.812546,-0.6798154252622582,-0.6893447026154919,0.00952927737239406,PreMarketWait,1
1718905374.75,1.811264,-0.6811818137237013,-0.6865332739358896,0.005351460231350373,PreMarketWait,1
1718905375.0,1.812546,-0.6798154252622582,-0.6842505269634409,0.004435101720298484,PreMarketWait,1
1718905375.25,1.80742,-0.6852788474567649,-0.6825146342622121,-0.0027642131755302394,PreMarketWait,1
1718905375.5,1.806139,-0.6866441700925753,-0.6813343880450612,-0.005309782028629528,PreMarketWait,1
1718905375.75,1.80742,-0.6852788474567649,-0.680709353811525,-0.004569493626535248,PreMarketWait,1
1718905376.0,1.81639,-0.6757183915291947,-0.6806301904496792,0.004911798938970834,PreMarketWait,1
1718905376.25,1.817671,-0.6743530688933843,-0.6810791261593608,0.006726057284210135,PreMarketWait,1
1718905376.5,1.813827,-0.6784501026264479,-0.6820305771481021,0.0035804745396063806,PreMarketWait,1
1718905376.75,1.815109,-0.6770837141650047,-0.6834518938950881,0.0063681797477322215,PreMarketWait,1
1718905377.0,1.812546,-0.6798154252622582,-0.6853042178699824,0.0054887926250542195,PreMarketWait,1
1718905377.25,1.812546,-0.6798154252622582,-0.6875434299485914,0.007728004703335147,PreMarketWait,1
1718905377.5,1.80742,-0.6852788474567649,-0.6901211704203519,0.0048423229802569585,PreMarketWait,1
1718905377.75,1.797169,-0.6962046260201455,-0.6929859094793965,-0.003218716524409063,PreMarketWait,1
1718905378.0,1.790762,-0.7030333708504627,-0.6960840464824659,-0.006949324351978927,PreMarketWait,1
1718905378.25,1.781792,-0.712593826778033,-0.699361016093094,-0.01323281066922967,PreMarketWait,1
1718905378.5,1.781792,-0.712593826778033,-0.7027623797512581,-0.009831447011355564,PreMarketWait,1
1718905378.75,1.777948,-0.7166908605110965,-0.706234881725796,-0.010455978770147985,PreMarketWait,1
1718905379.0,1.776666,-0.7180572489725398,-0.7097274503037013,-0.008329798653925687,PreMarketWait,1
1718905379.25,1.774103,-0.7207889600697932,-0.7131921263916017,-0.007596833663488739,PreMarketWait,1
1718905379.5,1.771541,-0.7235196053414136,-0.7165849038713857,-0.006934701455502767,PreMarketWait,1
1718905379.75,1.770259,-0.7248859938028568,-0.7198664683748155,-0.005019525413659,PreMarketWait,1
1718905380.0,1.768978,-0.726251316438667,-0.7230028236330226,-0.0032484927913677044,PreMarketWait,1
1718905380.25,1.765134,-0.7303483501717306,-0.7259657971355158,-0.0043825530220045796,PreMarketWait,1
1718905380.5,1.763852,-0.7317147386331738,-0.7287334194290567,-0.0029813191899321885,PreMarketWait,1
1718905380.75,1.762571,-0.733080061268984,-0.7312901739393312,-0.0017898873154514818,PreMarketWait,1
1718905381.0,1.762571,-0.733080061268984,-0.7336271166577959,0.0005470554030707715,PreMarketWait,1
1718905381.25,1.760008,-0.7358117723662374,-0.7357418673614353,-6.990499044607495e-05,PreMarketWait,1
1718905381.5,1.760008,-0.7358117723662374,-0.7376384761916038,0.001826703839856998,PreMarketWait,1
1718905381.75,1.758727,-0.7371770950020478,-0.7393271713854216,0.002150076398032226,PreMarketWait,1
1718905382.0,1.756164,-0.739908806099301,-0.7408239957148003,0.0009151896303533184,PreMarketWait,1
1718905382.25,1.756164,-0.739908806099301,-0.7421503407393787,0.0022415346551495872,PreMarketWait,1
1718905382.5,1.749757,-0.746737550929618,-0.7433323893241126,-0.003405161590199048,PreMarketWait,1
1718905382.75,1.751038,-0.7453722282938077,-0.744400478019335,-0.0009717502589203734,PreMarketWait,1
1718905383.0,1.754882,-0.7412751945607441,-0.7453883918619184,0.004113197316980162,PreMarketWait,1
1718905383.25,1.749757,-0.746737550929618,-0.7463326049395062,-0.0004049459740471349,PreMarketWait,1
1718905383.5,1.748475,-0.7481039393910612,-0.7472714806696825,-0.0008324587050509893,PreMarketWait,1
1718905383.75,1.745912,-0.7508356504883147,-0.7482444461833271,-0.0025912042883935726,PreMarketWait,1
1718905384.0,1.74335,-0.7535662957599351,-0.7492911554673387,-0.004275140275732153,PreMarketWait,1
1718905384.25,1.740787,-0.7562980068571883,-0.7504506560181249,-0.005847350821924809,PreMarketWait,1
1718905384.5,1.742068,-0.7549326842213783,-0.7517605736816741,-0.003172110522286103,PreMarketWait,1
1718905384.75,1.739505,-0.7576643953186315,-0.7532563300974296,-0.004408065203499294,PreMarketWait,1
1718905385.0,1.742068,-0.7549326842213783,-0.7549704066988461,3.7722495459163296e-05,PreMarketWait,1
1718905385.25,1.745912,-0.7508356504883147,-0.7569316685215381,0.006096018051506191,PreMarketWait,1
1718905385.5,1.752319,-0.7440069056579977,-0.7591647600953337,0.015157854455910839,PreMarketWait,1
1718905385.75,1.740787,-0.7562980068571883,-0.761689584420559,0.005391577582235839,PreMarketWait,1
1718905386.0,1.73438,-0.7631267516875054,-0.7645208744403773,0.0013941227720229016,PreMarketWait,1
1718905386.25,1.733098,-0.7644931401489485,-0.7676678645359604,0.0031747244064409762,PreMarketWait,1
1718905386.5,1.729254,-0.7685901738820121,-0.7711340674328838,0.002543893570567705,PreMarketWait,1
1718905386.75,1.727973,-0.7699554965178225,-0.7749171595732096,0.0049616630753351754,PreMarketWait,1
1718905387.0,1.726691,-0.7713218849792656,-0.7790089755336248,0.007687090574541223,PreMarketWait,1
1718905387.25,1.727973,-0.7699554965178225,-0.783395609500033,0.013440113002606124,PreMarketWait,1
1718905387.5,1.726691,-0.7713218849792656,-0.7880576191806172,0.01673573422193879,PreMarketWait,1
1718905387.75,1.739505,-0.7576643953186315,-0.792970324894969,0.035305929597093486,PreMarketWait,1
1718905388.0,1.738224,-0.7590297179544419,-0.7981041939772185,0.039074476043678384,PreMarketWait,1
1718905388.25,1.701063,-0.7986368643005336,-0.8034252981697587,0.004788433890250798,PreMarketWait,1
1718905388.5,1.684405,-0.8163913876942314,-0.8088958295005662,-0.007495558172535178,PreMarketWait,1
1718905388.75,1.684405,-0.8163913876942314,-0.8144746584177684,-0.0019167292552464592,PreMarketWait,1
1718905389.0,1.653651,-0.8491697892100061,-0.8201179169080187,-0.029051872280699935,PreMarketWait,1
1718905389.25,1.644681,-0.8587302451375763,-0.8257795891295819,-0.03295065598664982,PreMarketWait,1
1718905389.5,1.636993,-0.8669243126037037,-0.8314120928477029,-0.035512219734611536,PreMarketWait,1
1718905389.75,1.635711,-0.8682907010651469,-0.8369668366671652,-0.03132386437655896,PreMarketWait,1
1718905390.0,1.638274,-0.8655589899678934,-0.842394740611529,-0.023164249334919614,PreMarketWait,1
1718905390.25,1.640837,-0.8628272788706399,-0.8476467108105581,-0.015180568038626805,PreMarketWait,1
1718905390.5,1.639556,-0.8641926015064503,-0.8526740626778664,-0.011518538807130742,PreMarketWait,1
1718905390.75,1.6434,-0.8600955677733867,-0.8574288907193238,-0.0026666770326237953,PreMarketWait,1
1718905391.0,1.6434,-0.8600955677733867,-0.8618643867552017,0.0017688190032279956,PreMarketWait,1
1718905391.25,1.636993,-0.8669243126037037,-0.8659351116545637,-0.0009892009277651399,PreMarketWait,1
1718905391.5,1.63443,-0.869656023700957,-0.86959722851337,-5.8795166262002804e-05,PreMarketWait,1
1718905391.75,1.631867,-0.8723877347982105,-0.8728087074573103,0.00042097268036323833,PreMarketWait,1
1718905392.0,1.624179,-0.8805818022643376,-0.8755295138613287,-0.0050522883818179065,PreMarketWait,1
1718905392.25,1.624179,-0.8805818022643376,-0.8777217927256012,-0.0028600095176275746,PreMarketWait,1
1718905392.5,1.622897,-0.8819481907257808,-0.8793500622222513,-0.0025981284825104655,PreMarketWait,1
1718905392.75,1.620335,-0.8846788359974012,-0.8803814290197827,-0.004297406956693643,PreMarketWait,1
1718905393.0,1.621616,-0.8833135133615911,-0.880785836888947,-0.00252767645181555,PreMarketWait,1
1718905393.25,1.648525,-0.8546332114045128,-0.8805363582733318,0.025903146889551604,PreMarketWait,1
1718905393.5,1.674154,-0.827317166257612,-0.8796095359466017,0.052292369709628084,PreMarketWait,1
1718905393.75,1.676716,-0.8245865209859913,-0.8779857785641253,0.053399257598680895,PreMarketWait,1
1718905394.0,1.665184,-0.8368776221851822,-0.8756498098798272,0.03877218771510543,PreMarketWait,1
1718905394.25,1.662621,-0.8396093332824357,-0.8725911667535782,0.03298183349152292,PreMarketWait,1
1718905394.5,1.66134,-0.8409746559182458,-0.8688047360465381,0.027830080148599695,PreMarketWait,1
1718905394.75,1.654932,-0.8478044665741957,-0.8642913154174446,0.016486848863489997,PreMarketWait,1
1718905395.0,1.651088,-0.8519015003072595,-0.8590581782648521,0.007156677977772918,PreMarketWait,1
1718905395.25,1.65237,-0.8505351118458163,-0.8531196189686804,0.0025845071429887075,PreMarketWait,1
1718905395.5,1.645963,-0.8573638566761332,-0.8464974514757464,-0.01086640518031256,PreMarketWait,1
1718905395.75,1.647244,-0.8559985340403231,-0.8392214323839319,-0.016777101636360644,PreMarketWait,1
1718905396.0,1.663902,-0.8382440106466255,-0.8313295791672695,-0.006914431459360586,PreMarketWait,1
1718905396.25,1.671591,-0.8300488773548652,-0.8228683551309853,-0.007180522203908547,PreMarketWait,1
1718905396.5,1.640837,-0.8628272788706399,-0.813892695100789,-0.04893458374988957,PreMarketWait,1
1718905396.75,1.660058,-0.842341044379689,-0.8044658496844124,-0.0378751946753078,PreMarketWait,1
1718905397.0,1.657495,-0.8450727554769425,-0.7946590310986762,-0.05041372435826943,PreMarketWait,1
1718905397.25,1.667747,-0.8341459110879288,-0.7845508498862904,-0.04959506118159101,PreMarketWait,1
1718905397.5,1.670309,-0.8314152658163083,-0.7742265391400892,-0.05718872665609935,PreMarketWait,1
1718905397.75,1.672872,-0.8286835547190551,-0.7637769708130561,-0.06490658388578721,PreMarketWait,1
1718905398.0,1.671591,-0.8300488773548652,-0.7532974769464327,-0.07675140038811201,PreMarketWait,1
1718905398.25,1.804857,-0.6880105585540185,-0.7428864967591827,0.054875938225605894,PreMarketWait,1
1718905398.5,1.783073,-0.7112285041422229,-0.732644078030624,0.02141557390897071,PreMarketWait,1
1718905398.75,1.754882,-0.7412751945607441,-0.722670267588659,-0.018604926951387477,PreMarketWait,1
1718905399.0,1.813827,-0.6784501026264479,-0.7130634305717756,0.03461332796614555,PreMarketWait,1
1718905399.25,1.838174,-0.6525004459409902,-0.7039185411998828,0.05141809527981489,PreMarketWait,1
1718905399.5,1.840737,-0.6497687348437368,-0.695325488986733,0.04555675416399792,PreMarketWait,1
1718905399.75,1.835611,-0.6552321570382434,-0.687367443720932,0.03213528670373684,PreMarketWait,1
1718905400.0,1.826641,-0.664792612965814,-0.6801193202980236,0.015326707353264878,PreMarketWait,1
1718905400.25,1.822797,-0.6688896466988776,-0.6736463808479867,0.00475673417012587,PreMarketWait,1
1718905400.5,1.826641,-0.664792612965814,-0.6680030068769817,0.003210393932095157,PreMarketWait,1
1718905400.75,1.840737,-0.6497687348437368,-0.6632316686457717,0.013462933822819444,PreMarketWait,1
1718905401.0,1.849707,-0.6402082789161664,-0.6593621130071867,0.019153834111607728,PreMarketWait,1
1718905401.25,1.857395,-0.6320142114500393,-0.6564107846120673,0.02439657318236618,PreMarketWait,1
1718905401.5,1.859958,-0.6292825003527858,-0.6543804888976174,0.02509798856487283,PreMarketWait,1
1718905401.75,1.857395,-0.6320142114500393,-0.6532602987043025,0.021246087273965153,PreMarketWait,1
1718905402.0,1.852269,-0.637477633644546,-0.6530256998549823,0.015548066229763293,PreMarketWait,1
1718905402.25,1.850988,-0.6388429562803561,-0.6536389647342542,0.014796008472821235,PreMarketWait,1
1718905402.5,1.845862,-0.644306378474863,-0.6550497370154447,0.010743358559078708,PreMarketWait,1
1718905402.75,1.838174,-0.6525004459409902,-0.657195805393292,0.004695359470356732,PreMarketWait,1
1718905403.0,1.835611,-0.6552321570382434,-0.6600040396756153,0.004771882654973301,PreMarketWait,1
1718905403.25,1.83433,-0.6565974796740538,-0.6633914590253888,0.006793979368476866,PreMarketWait,1
1718905403.5,1.831767,-0.6593291907713072,-0.6672663996537082,0.007937208899081897,PreMarketWait,1
1718905403.75,1.83433,-0.6565974796740538,-0.671529747943227,0.014932268285395072,PreMarketWait,1
1718905404.0,1.81639,-0.6757183915291947,-0.6760762049080484,0.000357813394621773,PreMarketWait,1
1718905404.25,1.771541,-0.7235196053414136,-0.6807955491366304,-0.04272405618946075,PreMarketWait,1
1718905404.5,1.739505,-0.7576643953186315,-0.68557386798189,-0.07209052732185359,PreMarketWait,1
1718905404.75,1.731817,-0.7658584627847589,-0.6902947308010859,-0.07556373196920653,PreMarketWait,1
1718905405.0,1.72541,-0.7726872076150757,-0.6948402834833969,-0.07784692411761873,PreMarketWait,1
1718905405.25,1.74335,-0.7535662957599351,-0.6990922501775038,-0.054474045568761356,PreMarketWait,1
1718905405.5,1.758727,-0.7371770950020478,-0.7029328357097959,-0.03424425927895539,PreMarketWait,1
1718905405.75,1.762571,-0.733080061268984,-0.7062455301704117,-0.026834531085633183,PreMarketWait,1
1718905406.0,1.768978,-0.726251316438667,-0.7089158249570976,-0.017335491468973716,PreMarketWait,1
1718905406.25,1.781792,-0.712593826778033,-0.7108318566317396,-0.0017619701340302815,PreMarketWait,1
1718905406.5,1.793325,-0.7003016597532091,-0.7118850007689722,0.011583341027700776,PreMarketWait,1
1718905406.75,1.802294,-0.6907422696512717,-0.7119704421845896,0.02122817254493481,PreMarketWait,1
1718905407.0,1.812546,-0.6798154252622582,-0.7109877502691473,0.031172325018189114,PreMarketWait,1
1718905407.25,1.82536,-0.6661579356016241,-0.7088414884815729,0.04268355289093613,PreMarketWait,1
1718905407.5,1.83433,-0.6565974796740538,-0.7054418853550216,0.04884440569164822,PreMarketWait,1
1718905407.75,1.836892,-0.6538668344024334,-0.7007055907193926,0.04683875632734065,PreMarketWait,1
1718905408.0,1.840737,-0.6497687348437368,-0.694556535442106,0.044787800608461936,PreMarketWait,1
1718905408.25,1.849707,-0.6402082789161664,-0.6869269061121971,0.04671862720584678,PreMarketWait,1
1718905408.5,1.852269,-0.637477633644546,-0.677758238095661,0.04028060446066829,PreMarketWait,1
1718905408.75,1.847144,-0.64293999001342,-0.6670026216718051,0.024062631667690793,PreMarketWait,1
1718905409.0,1.845862,-0.644306378474863,-0.6546240069394496,0.010317628473661723,PreMarketWait,1
1718905409.25,1.858676,-0.630648888814229,-0.6405995842691349,0.009950695463769893,PreMarketWait,1
1718905409.5,1.87149,-0.6169913991535948,-0.6249212086502304,0.007929809505309398,PreMarketWait,1
1718905409.75,1.900963,-0.5855783202736304,-0.6075968286574052,0.02201850839228084,PreMarketWait,1
1718905410.0,1.924028,-0.5609950520496156,-0.5886518741820689,0.027656822140816585,PreMarketWait,1
1718905410.25,1.943249,-0.5405088175586648,-0.5681305517181682,0.02762173416775197,PreMarketWait,1
1718905410.5,1.954782,-0.5282166505338409,-0.5460969920015585,0.017880341475883084,PreMarketWait,1
1718905410.75,1.96247,-0.5200225830677138,-0.5226361923259941,0.0026136092663981304,PreMarketWait,1
1718905411.0,1.967596,-0.5145591608732071,-0.4978546950706204,-0.01670446579447871,PreMarketWait,1
1718905411.25,1.986817,-0.49407292638225586,-0.47188094506512174,-0.02219198130899671,PreMarketWait,1
1718905411.5,2.01629,-0.4626598475022912,-0.44486527156217603,-0.01779457593191016,PreMarketWait,1
1718905411.75,2.050888,-0.4257844122534529,-0.4169794458925811,-0.00880496635256331,PreMarketWait,1
1718905412.0,2.085486,-0.3889089770046146,-0.3884157733658664,-0.0004932036303033696,PreMarketWait,1
1718905412.25,2.108551,-0.3643257087806001,-0.35938568758296524,-0.004940021189025229,PreMarketWait,1
1718905412.5,2.123928,-0.3479365080227127,-0.33011782693308545,-0.017818681080829738,PreMarketWait,1
1718905412.75,2.126491,-0.34520479692545897,-0.3008555865341375,-0.0443492103823193,PreMarketWait,1
1718905413.0,2.120084,-0.3520335417557763,-0.2718541541414991,-0.08017938760506059,PreMarketWait,1
1718905413.25,2.097018,-0.3766178758054239,-0.2433770554897782,-0.13324082030621243,PreMarketWait,1
1718905413.5,2.066265,-0.4093952114955655,-0.21569225298574674,-0.19370295850017438,PreMarketWait,1
1718905413.75,2.015008,-0.46402623596373466,-0.18906786133392203,-0.27495837461996997,PreMarketWait,1
1718905414.0,2.050888,-0.4257844122534529,-0.16376756400060727,-0.2620168482428243,PreMarketWait,1
1718905414.25,2.146993,-0.32335323979869773,-0.14004583451143443,-0.1833074052770881,PreMarketWait,1
1718905414.5,2.307169,-0.15263355321513983,-0.11814308511950505,-0.034490468085334486,PreMarketWait,1
1718905414.75,2.446843,-0.0037654237583431816,-0.09828088067785651,0.09451545692990804,PreMarketWait,1
1718905415.0,2.528641,0.08341698136578207,-0.08065736570956218,0.16407434708580176,PreMarketWait,1
1718905415.25,2.620902,0.18175112008747368,-0.06544305595594214,0.24719417605390426,PreMarketWait,1
1718905415.5,2.684973,0.2500396342162764,-0.052777140912166884,0.30281677513893046,PreMarketWait,1
1718905415.75,2.68241,0.24730792311902317,-0.042764430673583397,0.29007235380306,PreMarketWait,1
1718905416.0,2.636279,0.19814032084536104,-0.035473059368987044,0.2336133802247347,PreMarketWait,1
1718905416.25,2.578616,0.13668161737250775,-0.030933029913750562,0.167614647296544,PreMarketWait,1
1718905416.5,2.528641,0.08341698136578207,-0.029135652737630625,0.11255263411356184,PreMarketWait,1
1718905416.75,2.485073,0.03698109018937321,-0.030033896802184133,0.06701498700153308,PreMarketWait,1
1718905417.0,2.444068,-0.006723089889781916,-0.03354363689642146,0.026820547016404406,PreMarketWait,1
1718905417.25,2.415877,-0.036769780308303406,-0.039545748901180365,0.0027759686023937635,PreMarketWait,1
1718905417.5,2.371028,-0.08457099412052257,-0.047888976040392946,-0.036682018070897215,PreMarketWait,1
1718905417.75,2.330023,-0.1282751741996777,-0.05839346522966499,-0.06988170896109919,PreMarketWait,1
1718905418.0,2.299269,-0.16105357571545292,-0.07085485419940168,-0.09019872150748828,PreMarketWait,1
1718905418.25,2.282611,-0.17880809910915013,-0.08504877744429473,-0.0937593216566709,PreMarketWait,1
1718905418.5,2.276204,-0.18563684393946744,-0.10073565223495415,-0.08490119169673033,PreMarketWait,1
1718905418.75,2.267234,-0.19519729986703752,-0.11766560463110781,-0.07753169522856573,PreMarketWait,1
1718905419.0,2.250575,-0.21295288908636828,-0.13558339913163467,-0.07736948994779956,PreMarketWait,1
1718905419.25,2.237761,-0.2266103787470024,-0.15423324359588456,-0.07237713514461744,PreMarketWait,1
1718905419.5,2.222384,-0.2429995795048898,-0.17336335260783237,-0.06963622689098678,PreMarketWait,1
1718905419.75,2.217259,-0.24846193587376367,-0.1927301667547608,-0.0557317691133504,PreMarketWait,1
1718905420.0,2.203163,-0.2634858139958407,-0.2121021416069866,-0.05138367238360052,PreMarketWait,1
1718905420.25,2.196756,-0.2703145588261575,-0.23126303780558904,-0.039051521015687,PreMarketWait,1
1718905420.5,2.186505,-0.2812403373895384,-0.25001466192851934,-0.031225675456476337,PreMarketWait,1
1718905420.75,2.177535,-0.29080079331710845,-0.2681790261062812,-0.022621767206584306,PreMarketWait,1
1718905421.0,2.169847,-0.2989948607832361,-0.2855999121603545,-0.013394948618895265,PreMarketWait,1
1718905421.25,2.162158,-0.3071899940749963,-0.3021438428828289,-0.0050461511883917835,PreMarketWait,1
1718905421.5,2.151907,-0.3181157726383767,-0.31770047858889106,-0.000415294045873516,PreMarketWait,1
1718905421.75,2.117309,-0.354991207887215,-0.3321824709620003,-0.022808736921718514,PreMarketWait,1
1718905422.0,2.121153,-0.3508941741541515,-0.34552481826005255,-0.005369355890671959,PreMarketWait,1
1718905422.25,2.130123,-0.34133371822658093,-0.3576837760103005,0.016350057787122934,PracticeMarkerPage,1
1718905422.5,2.124997,-0.3467971404210879,-0.3686353852861856,0.02183824486852088,PracticeMarkerPage,1
1718905422.75,2.11859,-0.3536258852514047,-0.37837368645216285,0.024747801204241367,PracticeMarkerPage,1
1718905423.0,2.114746,-0.35772291898446873,-0.38690868983560833,0.029185770854719656,PracticeMarkerPage,1
1718905423.25,2.112183,-0.360454630081722,-0.39426417614633874,0.033809546068325966,PracticeMarkerPage,1
1718905423.5,2.105776,-0.36728337491203883,-0.4004753986999672,0.03319202379179427,PracticeMarkerPage,1
1718905423.75,2.104495,-0.3686486975478491,-0.40558675677397366,0.03693805923016984,PracticeMarkerPage,1
1718905424.0,2.099369,-0.37411211974235614,-0.40964950495742297,0.03553738521930913,PracticeMarkerPage,1
1718905424.25,2.094244,-0.3795744761112295,-0.41271955741078425,0.03314508130400677,PracticeMarkerPage,1
1718905424.5,2.089118,-0.38503789830573654,-0.4148554388241602,0.029817540523093836,PracticeMarkerPage,1
1718905424.75,2.087837,-0.38640322094154683,-0.41611642586180864,0.02971320492515387,PracticeMarkerPage,1
1718905425.0,2.080148,-0.3945983542333071,-0.41656091432739717,0.021962560099202978,PracticeMarkerPage,1
1718905425.25,2.075022,-0.40006177642781354,-0.4162450384938355,0.016183262071349937,PracticeMarkerPage,1
1718905425.5,2.068615,-0.40689052125813086,-0.415221560315483,0.008331039062884599,PracticeMarkerPage,1
1718905425.75,2.053239,-0.4232786561903851,-0.41353903785659146,-0.009739618328071888,PracticeMarkerPage,1
1718905426.0,2.050676,-0.4260103672876384,-0.4112412744700206,-0.014769092811725625,PracticeMarkerPage,1
1718905426.25,2.022485,-0.4560570577061599,-0.4083670432360161,-0.04769001446410366,PracticeMarkerPage,1
1718905426.5,2.04555,-0.4314737894821454,-0.40495007504412595,-0.026523714431856332,PracticeMarkerPage,1
1718905426.75,2.035299,-0.44239956804552577,-0.4010192935043514,-0.041380274534915044,PracticeMarkerPage,1
1718905427.0,2.075022,-0.40006177642781354,-0.39659927553450847,-0.003462500886976881,PracticeMarkerPage,1
1718905427.25,2.113465,-0.3590882416202786,-0.3917109128176617,0.03262267120375241,PracticeMarkerPage,1
1718905427.5,2.148063,-0.3222128063714403,-0.38637224611905363,0.06415943975399639,PracticeMarkerPage,1
1718905427.75,2.123716,-0.3481624630568982,-0.38059944146123925,0.03243697841071187,PracticeMarkerPage,1
1718905428.0,2.113465,-0.3590882416202786,-0.3744078742327148,0.015319632618771246,PracticeMarkerPage,1
1718905428.25,2.124997,-0.3467971404210879,-0.367813284459564,0.021016144044754853,PracticeMarkerPage,1
1718905428.5,2.12756,-0.34406542932383466,-0.360832963875884,0.016767534558254978,PracticeMarkerPage,1
1718905428.75,2.114746,-0.35772291898446873,-0.35348693336221887,-0.004235985616129614,PracticeMarkerPage,1
1718905429.0,2.116028,-0.35635653052302535,-0.3457990680682466,-0.010557462448751513,PracticeMarkerPage,1
1718905429.25,2.107058,-0.3659169864505959,-0.3377981273323356,-0.02811885911232916,PracticeMarkerPage,1
1718905429.5,2.133967,-0.33723668449351735,-0.3295186475191834,-0.007718036968497832,PracticeMarkerPage,1
1718905429.75,2.159595,-0.3099217051722496,-0.32100165820073884,0.011079953034235562,PracticeMarkerPage,1
1718905430.0,2.166003,-0.30309189451629964,-0.31229518570713527,0.009203291196501012,PracticeMarkerPage,1
1718905430.25,2.13653,-0.33450497339626406,-0.30345451291254194,-0.03105046047812622,PracticeMarkerPage,1
1718905430.5,2.117309,-0.354991207887215,-0.2945421701129007,-0.06044903776877528,PracticeMarkerPage,1
1718905430.75,2.151907,-0.3181157726383767,-0.28562763892805765,-0.03248813370482451,PracticeMarkerPage,1
1718905431.0,2.178817,-0.2894344048556655,-0.2767867592509486,-0.012647645599255384,PracticeMarkerPage,1
1718905431.25,2.178817,-0.2894344048556655,-0.26810083825237513,-0.02133356659785134,PracticeMarkerPage,1
1718905431.5,2.17241,-0.2962631496859824,-0.25965547012535495,-0.036607679555201306,PracticeMarkerPage,1
1718905431.75,2.17241,-0.2962631496859824,-0.2515390853448367,-0.04472406433572395,PracticeMarkerPage,1
1718905432.0,2.140374,-0.33040793966320053,-0.24384125843967855,-0.08656668121809774,PracticeMarkerPage,1
1718905432.25,2.15447,-0.3153840615411235,-0.2366508133471613,-0.07873324818853011,PracticeMarkerPage,1
1718905432.5,2.177535,-0.29080079331710845,-0.23005377504736457,-0.0607470182643003,PracticeMarkerPage,1
1718905432.75,2.196756,-0.2703145588261575,-0.22413122497898022,-0.04618333384171936,PracticeMarkerPage,1
1718905433.0,2.250575,-0.21295288908636828,-0.21895712523374722,0.0060042361528531984,PracticeMarkerPage,1
1718905433.25,2.283892,-0.1774427764733403,-0.2145961821436558,0.037153405675807376,PracticeMarkerPage,1
1718905433.5,2.308239,-0.15149311978788238,-0.21110182304032427,0.059608703257951756,PracticeMarkerPage,1
1718905433.75,2.319772,-0.13920095276305858,-0.2085143602120781,0.06931340745454635,PracticeMarkerPage,1
1718905434.0,2.31849,-0.1405673412245015,-0.2068594131463073,0.06629207192734675,PracticeMarkerPage,1
1718905434.25,2.359495,-0.09686316114534638,-0.20614665401278498,0.1092834928729887,PracticeMarkerPage,1
1718905434.5,2.328741,-0.12964156266112112,-0.20636893225904657,0.07672736960347734,PracticeMarkerPage,1
1718905434.75,2.310802,-0.14876140869062912,-0.2075018225986884,0.05874041391360317,PracticeMarkerPage,1
1718905435.0,2.306957,-0.15285950824932532,-0.20950362717308454,0.05664411892928312,PracticeMarkerPage,1
1718905435.25,2.290299,-0.170614031643023,-0.21231584794493255,0.04170181630739964,PracticeMarkerPage,1
1718905435.5,2.273641,-0.18836855503672068,-0.21586413015839148,0.02749557512711219,PracticeMarkerPage,1
1718905435.75,2.268515,-0.19383197723122766,-0.22005966266188587,0.026227685436035597,PracticeMarkerPage,1
1718905436.0,2.213415,-0.2525589696068272,-0.2248010066388703,-0.027757962962658388,PracticeMarkerPage,1
1718905436.25,2.219822,-0.24573022477650994,-0.22997631132503063,-0.01575391344627335,PracticeMarkerPage,1
1718905436.5,2.215977,-0.2498283243352066,-0.23546586398648542,-0.014362460343619538,PracticeMarkerPage,1
1718905436.75,2.215977,-0.2498283243352066,-0.24114491204160118,-0.008683412288616868,PracticeMarkerPage,1
1718905437.0,2.20957,-0.2566570691655239,-0.2468866878397135,-0.009770381320940005,PracticeMarkerPage,1
1718905437.25,2.2006,-0.266217525093094,-0.25256556125222773,-0.013651963836114625,PracticeMarkerPage,1
1718905437.5,2.195475,-0.27167988146196786,-0.25806024179784215,-0.013619639659488307,PracticeMarkerPage,1
1718905437.75,2.185224,-0.2826056600253487,-0.2632569503997802,-0.019348709621035222,PracticeMarkerPage,1
1718905438.0,2.190349,-0.2771433036564748,-0.2680524809444332,-0.009090822707595862,PracticeMarkerPage,1
1718905438.25,2.194193,-0.27304626992341124,-0.27235707346435445,-0.0006891964546748494,PracticeMarkerPage,1
1718905438.5,2.186505,-0.2812403373895384,-0.2760970238858732,-0.005143313499316612,PracticeMarkerPage,1
1718905438.75,2.190349,-0.2771433036564748,-0.27921695974186,0.0020736560897368153,PracticeMarkerPage,1
1718905439.0,2.201882,-0.26485113663165105,-0.2816817169430553,0.016830580315800613,PracticeMarkerPage,1
1718905439.25,2.195475,-0.27167988146196786,-0.2834777595430168,0.011797878085535389,PracticeMarkerPage,1
1718905439.5,2.187786,-0.2798750147537281,-0.2846140923755128,0.004739077626408933,PracticeMarkerPage,1
1718905439.75,2.178817,-0.2894344048556655,-0.28512262548432504,-0.00431177936652976,PracticeMarkerPage,1
1718905440.0,2.121153,-0.3508941741541515,-0.2850579594385463,-0.06583621471056011,PracticeMarkerPage,1
1718905440.25,2.110902,-0.3618199527175323,-0.2844965719865852,-0.07732338072562181,PracticeMarkerPage,1
1718905440.5,2.119872,-0.35225949678996177,-0.28353539907823516,-0.06872409770607892,PracticeMarkerPage,1
1718905440.75,2.137811,-0.33313965076045376,-0.2822898170098536,-0.05084983374459352,PracticeMarkerPage,1
1718905441.0,2.140374,-0.33040793966320053,-0.2808910470981388,-0.04951689255866651,PracticeMarkerPage,1
1718905441.25,2.139093,-0.33177326229901083,-0.27948301946617404,-0.05229024282603221,PracticeMarkerPage,1
1718905441.5,2.162158,-0.3071899940749963,-0.2782187477135505,-0.028971246354221672,PracticeMarkerPage,1
1718905441.75,2.187786,-0.2798750147537281,-0.27725628088565585,-0.0026187338604292693,PracticeMarkerPage,1
1718905442.0,2.144218,-0.32631090593013695,-0.27675431273069523,-0.049556593191391676,PracticeMarkerPage,1
1718905442.25,2.178817,-0.2894344048556655,-0.27686754027511046,-0.012566864572121385,PracticeMarkerPage,1
1718905442.5,2.205726,-0.26075410289858747,-0.27774187387272886,0.016987770982923745,PracticeMarkerPage,1
1718905442.75,2.231354,-0.23343912357731922,-0.2795096087791122,0.046070485210877365,PracticeMarkerPage,1
1718905443.0,2.260827,-0.2020260446973548,-0.282284673729193,0.08025862904116658,PracticeMarkerPage,1
1718905443.25,2.226229,-0.23890147994619312,-0.28615807479757494,0.04725659486088508,PracticeMarkerPage,1
1718905443.5,2.137811,-0.33313965076045376,-0.2911936529728789,-0.041945997777975544,PracticeMarkerPage,1
1718905443.75,2.075022,-0.40006177642781354,-0.2974242715274485,-0.10263750489075654,PracticeMarkerPage,1
1718905444.0,2.104495,-0.3686486975478491,-0.3048485446935688,-0.0638001528447551,PracticeMarkerPage,1
1718905444.25,2.164721,-0.3044582829777426,-0.3134282126453321,0.008969929676936472,PracticeMarkerPage,1
1718905444.5,2.16344,-0.30582360561355293,-0.3230862594316003,0.017262653827121825,PracticeMarkerPage,1
1718905444.75,2.1455,-0.3249445174686935,-0.333705860151455,0.008761342691471954,PracticeMarkerPage,1
1718905445.0,2.13653,-0.33450497339626406,-0.34513023097759715,0.010625257589593113,PracticeMarkerPage,1
1718905445.25,2.142937,-0.32767622856594725,-0.35716344029441693,0.02948721173619983,PracticeMarkerPage,1
1718905445.5,2.185224,-0.2826056600253487,-0.36957222105037374,0.08696656103215547,PracticeMarkerPage,1
1718905445.75,2.174972,-0.2935325044143622,-0.38208880341967516,0.08855629901178494,PracticeMarkerPage,1
1718905446.0,2.168565,-0.30036124924467905,-0.3944147631503066,0.09405351391139441,PracticeMarkerPage,1
1718905446.25,2.286455,-0.17471106537608658,-0.4062258547998558,0.23151478942879755,PracticeMarkerPage,1
1718905446.5,2.287736,-0.17334574274027625,-0.4171777708575834,0.24383202812157723,PracticeMarkerPage,1
1718905446.75,2.286455,-0.17471106537608658,-0.426912738185887,0.252201672813306,PracticeMarkerPage,1
1718905447.0,2.12756,-0.34406542932383466,-0.4350668332514222,0.09100140393033558,PracticeMarkerPage,1
1718905447.25,2.031455,-0.4464966017785898,-0.4412778685713057,-0.005218733205274231,PracticeMarkerPage,1
1718905447.5,2.017359,-0.46152047990066686,-0.44519367629977546,-0.016326803599588338,PracticeMarkerPage,1
1718905447.75,2.009671,-0.469714547366794,-0.4464805926548375,-0.023233954711317648,PracticeMarkerPage,1
1718905448.0,1.967384,-0.5147851159073925,-0.4448319304388175,-0.06995318546854698,PracticeMarkerPage,1
1718905448.25,1.962259,-0.5202474722762664,-0.43997621725989594,-0.08027125501689068,PracticeMarkerPage,1
1718905448.5,1.868716,-0.6199479994594009,-0.43168497467937206,-0.18826302478102713,PracticeMarkerPage,1
1718905448.75,1.945812,-0.5377771064614113,-0.4197798183992614,-0.1179972880635502,PracticeMarkerPage,1
1718905449.0,2.091893,-0.38208023217429776,-0.40413867142954124,0.02205843925352219,PracticeMarkerPage,1
1718905449.25,2.126491,-0.34520479692545897,-0.3847009003136422,0.03949610338622497,PracticeMarkerPage,1
1718905449.5,2.017571,-0.46129452486648137,-0.3614712081167441,-0.09982331675184719,PracticeMarkerPage,1
1718905449.75,2.01629,-0.4626598475022912,-0.3345221461244378,-0.128137701380031,PracticeMarkerPage,1
1718905450.0,1.997069,-0.4831460819932424,-0.3039951383402171,-0.17915094365518935,PracticeMarkerPage,1
1718905450.25,2.118802,-0.3533999302172192,-0.27009994838510415,-0.08329998183418899,PracticeMarkerPage,1
1718905450.5,2.204657,-0.26189347050021183,-0.23311255679752238,-0.028780913704603228,PracticeMarkerPage,1
1718905450.75,2.030385,-0.44763703520584724,-0.19337145732998487,-0.25426557787755444,PracticeMarkerPage,1
1718905451.0,2.308451,-0.1512671647536969,-0.15127242272644484,5.25797132898409e-06,PracticeMarkerPage,1
1718905451.25,2.117521,-0.35476525285302957,-0.10726183259373501,-0.2475034202604002,PracticeMarkerPage,1
1718905451.5,2.127772,-0.34383947428964867,-0.06182869728230797,-0.28201077700810445,PracticeMarkerPage,1
1718905451.75,2.352019,-0.10483127357728804,-0.015495551067711834,-0.0893357225099807,PracticeMarkerPage,1
1718905452.0,2.418652,-0.03381211417686467,0.031191575836777063,-0.0650036900136798,PracticeMarkerPage,1
1718905452.25,2.405626,-0.047695558871684265,0.07767386520023342,-0.1253694240715919,PracticeMarkerPage,1
1718905452.5,2.592711,0.15170442966895217,0.12339083176161811,0.02831359790801202,PracticeMarkerPage,1
1718905452.75,2.750325,0.31969347098088996,0.16779157238603354,0.151901898595867,PracticeMarkerPage,1
1718905453.0,2.787485,0.3592995515013489,0.21034584932728437,0.14895370217538123,PracticeMarkerPage,1
1718905453.25,2.797737,0.3702263958903624,0.250554714105267,0.11967168178668565,MarketGridChoice,1
1718905453.5,2.865651,0.44261087792659604,0.2879603891669205,0.1546504887615015,MarketGridChoice,1
1718905453.75,2.950224,0.53275094918216,0.32215514504076787,0.21059580414341175,MarketGridChoice,1
1718905454.0,3.011258,0.5978025508636912,0.3527889403878259,0.24501361047803288,MarketGridChoice,1
1718905454.25,3.063796,0.6537988979676701,0.3795756300805036,0.2742232678894328,MarketGridChoice,1
1718905454.5,3.08558,0.6770168435558748,0.4022975908256417,0.2747192527325447,MarketGridChoice,1
1718905454.75,3.057389,0.6469701531373533,0.4208086632661045,0.22616148987354803,MarketGridChoice,1
1718905455.0,3.008695,0.5950708397664374,0.43503536205739346,0.16003547771126814,MarketGridChoice,1
1718905455.25,2.972816,0.5568300818817887,0.4449763589883261,0.11185372289554502,MarketGridChoice,1
1718905455.5,2.930529,0.5117595133411902,0.4507002965429154,0.06105921680014664,MarketGridChoice,1
1718905455.75,2.88568,0.46395829952897105,0.45234203819877317,0.011616261331790584,MarketGridChoice,1
1718905456.0,2.844675,0.42025411944981594,0.4500975053043698,-0.02984338585330635,MarketGridChoice,1
1718905456.25,2.808795,0.3820122957395342,0.44421728705291796,-0.06220499131254379,MarketGridChoice,1
1718905456.5,2.770353,0.34103982675763234,0.43499923881294805,-0.09395941205494034,MarketGridChoice,1
1718905456.75,2.746006,0.31509017007217444,0.4227803042804403,-0.1076901342084058,MarketGridChoice,1
1718905457.0,2.724222,0.2918722244839702,0.4079278084045583,-0.11605558392128648,MarketGridChoice,1
1718905457.25,2.693469,0.2590948887938281,0.3908304710034193,-0.1317355822108818,MarketGridChoice,1
1718905457.5,2.675529,0.23997397693868747,0.3718893859370953,-0.13191540900031415,MarketGridChoice,1
1718905457.75,2.662715,0.22631648727805337,0.35150919839878164,-0.1251927111232624,MarketGridChoice,1
1718905458.0,2.643494,0.20583025278710243,0.3300896942607445,-0.12425944147680396,MarketGridChoice,1
1718905458.25,2.634524,0.19626979685953186,0.3080179915332411,-0.11174819467748617,MarketGridChoice,1
1718905458.5,2.620428,0.18124591873745483,0.2856614960008763,-0.1044155772677888,MarketGridChoice,1
1718905458.75,2.608896,0.1689548175382641,0.2633617521592314,-0.09440693462588867,MarketGridChoice,1
1718905459.0,2.599926,0.15939436161069356,0.24142928783999215,-0.0820349262347271,MarketGridChoice,1
1718905459.25,2.592237,0.15119922831893332,0.22013951749532912,-0.0689402891822755,MarketGridChoice,1
1718905459.5,2.583267,0.14163877239136324,0.19972973605437003,-0.05809096366927437,MarketGridChoice,1
1718905459.75,2.578142,0.13617641602248937,0.18039720352509706,-0.04422078750919422,MarketGridChoice,1
1718905460.0,2.584549,0.14300516085280618,0.1622982909570613,-0.01929313011108784,MarketGridChoice,1
1718905460.25,2.590956,0.14983390568312302,0.1455486317610995,0.004285273915019675,MarketGridChoice,1
1718905460.5,2.60377,0.16349139534375712,0.1302241993414612,0.0332671959951967,MarketGridChoice,1
1718905460.75,2.614021,0.17441717390713798,0.11636321303832149,0.058053960861696674,MarketGridChoice,1
1718905461.0,2.608896,0.1689548175382641,0.10396875984872751,0.06498605768246814,MarketGridChoice,1
1718905461.25,2.607614,0.1675884290768207,0.09301200944574606,0.07457641962412521,MarketGridChoice,1
1718905461.5,2.597363,0.1566626505134403,0.08343589459395025,0.07322675591272199,MarketGridChoice,1
1718905461.75,2.578142,0.13617641602248937,0.07515912790487843,0.06101728811108012,MarketGridChoice,1
1718905462.0,2.567891,0.1252506374591085,0.0680804285573067,0.05717020889555724,MarketGridChoice,1
1718905462.25,2.557639,0.11432379307009502,0.06208283857405299,0.05224095449012567,MarketGridChoice,1
1718905462.5,2.542263,0.09793565813784075,0.05703801689090915,0.040897641241377874,MarketGridChoice,1
1718905462.75,2.533293,0.08837520221027019,0.052810410160335046,0.03556479204477078,MarketGridChoice,1
1718905463.0,2.519197,0.07335132408819314,0.049261211421674465,0.02409011266176267,MarketGridChoice,1
1718905463.25,2.514071,0.06788790189368615,0.04625203091380209,0.021635870975547852,MarketGridChoice,1
1718905463.5,2.507664,0.06105915706336933,0.04364821694239958,0.017410940117057794,MarketGridChoice,1
1718905463.75,2.505102,0.05832851179174871,0.041321778448515215,0.017006733339743715,MarketGridChoice,1
1718905464.0,2.497413,0.050133378499988474,0.039153874432256236,0.010979504064656663,MarketGridChoice,1
1718905464.25,2.492288,0.04467102213111459,0.03703684840150058,0.007634173726939468,MarketGridChoice,1
1718905464.5,2.484599,0.036475888839354355,0.03487579832644184,0.001600090510621429,MarketGridChoice,1
1718905464.75,2.478192,0.02964714400903753,0.032589684012202705,-0.002942540005093977,MarketGridChoice,1
1718905465.0,2.479474,0.031013532470480946,0.030111984214324882,0.0009015482545656553,MarketGridChoice,1
1718905465.25,2.471785,0.02281839917872071,0.027390925112239242,-0.004572525934796224,MarketGridChoice,1
1718905465.5,2.476911,0.02828182137322722,0.024389309857505842,0.003892511514729795,MarketGridChoice,1
1718905465.75,2.469222,0.020086688081466984,0.021083985793801656,-0.000997297713066815,MarketGridChoice,1
1718905466.0,2.467941,0.018721365445657143,0.01746499159521439,0.0012563738499439953,MarketGridChoice,1
1718905466.25,2.456408,0.006429198420833339,0.013534430990752768,-0.007105232570209695,MarketGridChoice,1
1718905466.5,2.455127,0.0050638757850230256,0.009305122940462577,-0.004241247155544532,MarketGridChoice,1
1718905466.75,2.44872,-0.0017648690452942697,0.004799080105856706,-0.0065639491510918885,MarketGridChoice,1
1718905467.0,2.438468,-0.012691713434307758,4.5868222073831975e-05,-0.012737581656177291,MarketGridChoice,1
1718905467.25,2.437187,-0.0140570360701176,-0.0049191014499599854,-0.00913793461982447,MarketGridChoice,1
1718905467.5,2.429499,-0.02225110353624521,-0.010056296000787585,-0.012194807535009407,MarketGridChoice,1
1718905467.75,2.420529,-0.03181155946381529,-0.015323753181184048,-0.016487806282079007,MarketGridChoice,1
1718905468.0,2.426936,-0.02498281463349846,-0.020678697970715698,-0.004304116662134948,MarketGridChoice,1
1718905468.25,2.374398,-0.08097916173747786,-0.026079043906340523,-0.054900117830399865,MarketGridChoice,1
1718905468.5,2.394093,-0.05998772589650807,-0.03148474518565753,-0.02850298071002691,MarketGridChoice,1
1718905468.75,2.394093,-0.05998772589650807,-0.03685897179198011,-0.02312875410361933,MarketGridChoice,1
1718905469.0,2.388968,-0.06545008226538147,-0.04216908667977929,-0.023280995584607486,MarketGridChoice,1
1718905469.25,2.372309,-0.08320567148471227,-0.04738741120122296,-0.03581826028240556,MarketGridChoice,1
1718905469.5,2.376153,-0.0791086377516487,-0.052491772196234875,-0.02661686555423647,MarketGridChoice,1
1718905469.75,2.396656,-0.057256014799254344,-0.057465831239583896,0.00020981644160634333,MarketGridChoice,1
1718905470.0,2.4005,-0.053158981066190776,-0.06229920317326675,0.009140222108458808,MarketGridChoice,1
1718905470.25,2.406907,-0.046330236235873956,-0.06698737700226444,0.020657140767886224,MarketGridChoice,1
1718905470.5,2.395375,-0.05862133743506466,-0.07153145728275204,0.01291011984930269,MarketGridChoice,1
1718905470.75,2.386405,-0.0681817933626352,-0.07593774813636563,0.007755954775471446,MarketGridChoice,1
1718905471.0,2.381279,-0.07364521555714172,-0.08021720492675743,0.006571989371487761,MarketGridChoice,1
1718905471.25,2.376153,-0.0791086377516487,-0.08438478046815644,0.0052761427185149985,MarketGridChoice,1
1718905471.5,2.373591,-0.08183928302326933,-0.08845869348722585,0.006619410466101906,MarketGridChoice,1
1718905471.75,2.374872,-0.080473960387459,-0.09245964703062858,0.011985686645454678,MarketGridChoice,1
1718905472.0,2.376153,-0.0791086377516487,-0.09641002369235764,0.01730138594313406,MarketGridChoice,1
1718905472.25,2.374872,-0.080473960387459,-0.1003330830044613,0.019859122619566492,MarketGridChoice,1
1718905472.5,2.376153,-0.0791086377516487,-0.10425218416766707,0.02514354641871969,MarketGridChoice,1
1718905472.75,2.363339,-0.09276612741228281,-0.10819005458408636,0.015423927174639095,MarketGridChoice,1
1718905473.0,2.353088,-0.1036919059756632,-0.11216812150881252,0.008476215536115633,MarketGridChoice,1
1718905473.25,2.350525,-0.10642361707291646,-0.11620592070630109,0.009782303636477876,MarketGridChoice,1
1718905473.5,2.338993,-0.11871471827210764,-0.12032059244545262,0.0016058741765610993,MarketGridChoice,1
1718905473.75,2.332586,-0.12554346310242445,-0.12452647165754452,-0.0010169914415451078,MarketGridChoice,1
1718905474.0,2.330023,-0.1282751741996777,-0.12883477575462973,0.0005596015584015367,MarketGridChoice,1
1718905474.25,2.323616,-0.135103919029995,-0.13325339056918187,-0.0018505284572525715,ForecastPage,1
1718905474.5,2.315927,-0.14329905232175524,-0.13778675219845174,-0.005512300119634848,ForecastPage,1
1718905474.75,2.312083,-0.1473960860548188,-0.14243582025706011,-0.004960265793983936,ForecastPage,1
1718905475.0,2.304394,-0.15559121934657905,-0.14719813617159358,-0.008393083171105282,ForecastPage,1
1718905475.25,2.305676,-0.15422483088513564,-0.15206795868502504,-0.0021568721961241592,ForecastPage,1
1718905475.5,2.30055,-0.1596882530796426,-0.15703646765433768,-0.0026517854212100254,ForecastPage,1
1718905475.75,2.296706,-0.16378528681270618,-0.16209202648619464,-0.0016932603223046763,ForecastPage,1
1718905476.0,2.295425,-0.1651506094485165,-0.16722049311939216,0.002069883675199226,ForecastPage,1
1718905476.25,2.289018,-0.17197935427883332,-0.17240556928610123,0.0004262150117139117,ForecastPage,1
1718905476.5,2.283892,-0.1774427764733403,-0.17762917783162688,0.00018640136286135651,ForecastPage,1
1718905476.75,2.271078,-0.19110026613397393,-0.18287185812177684,-0.008228408007487024,ForecastPage,1
1718905477.0,2.267234,-0.19519729986703752,-0.18811317000635028,-0.007084129855835513,ForecastPage,1
1718905477.25,2.259545,-0.20339243315879774,-0.19333209743055732,-0.0100603357232411,ForecastPage,1
1718905477.5,2.258264,-0.20475775579460806,-0.1985074435825628,-0.006250312206892971,ForecastPage,1
1718905477.75,2.258264,-0.20475775579460806,-0.20361821040915584,-0.0011395453801424024,ForecastPage,1
1718905478.0,2.251857,-0.21158650062492487,-0.20864395637810526,-0.0029425442413487154,ForecastPage,1
1718905478.25,2.248013,-0.21568353435798893,-0.21356512745673967,-0.0021184068956151417,ForecastPage,1
1718905478.5,2.248013,-0.21568353435798893,-0.21836335735155782,0.002679822999366482,ForecastPage,1
1718905478.75,2.244168,-0.21978163391668512,-0.22302173406250794,0.0032401001517820575,ForecastPage,1
1718905479.0,2.241606,-0.22251227918830574,-0.2275250307122179,0.005012751530029293,ForecastPage,1
1718905479.25,2.23648,-0.22797570138281273,-0.2318598993949825,0.003884198018438942,ForecastPage,1
1718905479.5,2.22751,-0.2375361573103828,-0.23601502744849548,-0.0015211298554739898,ForecastPage,1
1718905479.75,2.228791,-0.23617083467457248,-0.23998125609408535,0.003810421426060389,ForecastPage,1
1718905480.0,2.219822,-0.24573022477650994,-0.24375166184101366,-0.001978562928826111,ForecastPage,1
1718905480.25,2.21854,-0.24709661323795334,-0.2473216014338855,0.00022498820271237962,ForecastPage,1
1718905480.5,2.21854,-0.24709661323795334,-0.2506887214628439,0.0035921082317677943,ForecastPage,1
1718905480.75,2.20957,-0.2566570691655239,-0.25385293407048004,-0.002804135088082459,ForecastPage,1
1718905481.0,2.205726,-0.26075410289858747,-0.25681636048739814,-0.0039377424041566,ForecastPage,1
1718905481.25,2.20957,-0.2566570691655239,-0.2595832444161664,0.0029261752577338053,ForecastPage,1
1718905481.5,2.205726,-0.26075410289858747,-0.26215983756411776,0.001405734672667492,ForecastPage,1
1718905481.75,2.199319,-0.2675828477289043,-0.2645542598987321,-0.0030285878230016145,ForecastPage,1
1718905482.0,2.199319,-0.2675828477289043,-0.2667763374612978,-0.0008065102604151498,ForecastPage,1
1718905482.25,2.187786,-0.2798750147537281,-0.26883742082039946,-0.011037593926129281,ForecastPage,1
1718905482.5,2.190349,-0.2771433036564748,-0.2707501874720825,-0.006393116177197613,ForecastPage,1
1718905482.75,2.199319,-0.2675828477289043,-0.27252843169026436,0.0049455839685374385,ForecastPage,1
1718905483.0,2.198038,-0.2689481703647146,-0.2741868454804454,0.005238675122877892,ForecastPage,1
1718905483.25,2.194193,-0.27304626992341124,-0.2757407943611296,0.002694524444821644,ForecastPage,1
1718905483.5,2.196756,-0.2703145588261575,-0.2772060916568166,0.006891532837704213,ForecastPage,1
1718905483.75,2.195475,-0.27167988146196786,-0.27859877481318,0.006918893358184183,ForecastPage,1
1718905484.0,2.191631,-0.27577691519503145,-0.279934886942027,0.004157971753880045,ForecastPage,1
1718905484.25,2.189068,-0.2785086262922852,-0.2812302663966621,0.002721640111160966,ForecastPage,1
1718905484.5,2.182661,-0.285337371122602,-0.28250034670804014,-0.0028370244078889436,ForecastPage,1
1718905484.75,2.180098,-0.2880690822198552,-0.28375996872527276,-0.0043091134880283944,ForecastPage,1
1718905485.0,2.181379,-0.2867037595840449,-0.2850232063445912,-0.0016805532330231505,ForecastPage,1
1718905485.25,2.183942,-0.28397204848679164,-0.2863032068109434,0.0023311583304574143,ForecastPage,1
1718905485.5,2.186505,-0.2812403373895384,-0.2876120462503525,0.0063717088669969545,ForecastPage,1
1718905485.75,2.176254,-0.2921661159529188,-0.2889606008371391,-0.003205515109713658,ForecastPage,1
1718905486.0,2.178817,-0.2894344048556655,-0.2903584338098192,0.0009240289601127397,ForecastPage,1
1718905486.25,2.173691,-0.29489782705017253,-0.29181369841945376,-0.0030841286248533876,ForecastPage,1
1718905486.5,2.17241,-0.2962631496859824,-0.2933330568297522,-0.0029300928504423446,ForecastPage,1
1718905486.75,2.171128,-0.29762953814742577,-0.2949216149979005,-0.0027079231437963903,ForecastPage,1
1718905487.0,2.171128,-0.29762953814742577,-0.29658287365210984,-0.001046664489625673,ForecastPage,1
1718905487.25,2.164721,-0.3044582829777426,-0.2983186956396036,-0.006139587332465538,ForecastPage,1
1718905487.5,2.167284,-0.30172657188048935,-0.3001292901316022,-0.0015972817432073272,ForecastPage,1
1718905487.75,2.166003,-0.30309189451629964,-0.3020132144184756,-0.0010786800921138906,ForecastPage,1
1718905488.0,2.16344,-0.30582360561355293,-0.30396739428406433,-0.0018562113237237609,ForecastPage,1
1718905488.25,2.159595,-0.3099217051722496,-0.305987164187071,-0.003934540979334691,ForecastPage,1
1718905488.5,2.162158,-0.3071899940749963,-0.30806632867349115,0.0008763346044409542,ForecastPage,1
1718905488.75,2.158314,-0.3112870278080599,-0.31019724657367354,-0.0010897812283168847,ForecastPage,1
1718905489.0,2.155751,-0.3140187389053131,-0.3123709395802111,-0.0016477993188909602,ForecastPage,1
1718905489.25,2.155751,-0.3140187389053131,-0.3145772267405712,0.0005584878416252451,ForecastPage,1
1718905489.5,2.15447,-0.3153840615411235,-0.31680488621606484,0.0014208246814752957,ForecastPage,1
1718905489.75,2.151907,-0.3181157726383767,-0.319041845344706,0.0009260727130366664,ForecastPage,1
1718905490.0,2.150625,-0.31948216109982014,-0.32127539959186,0.0017932384989240795,ForecastPage,1
1718905490.25,2.151907,-0.3181157726383767,-0.3234924603758375,0.0053766877445221295,ForecastPage,1
1718905490.5,2.150625,-0.31948216109982014,-0.3256798310176859,0.006197669925101799,ForecastPage,1
1718905490.75,2.149344,-0.32084748373563,-0.32782450919406986,0.006977025465845882,ForecastPage,1
1718905491.0,2.144218,-0.32631090593013695,-0.3299140132865272,0.0036031073639592776,ForecastPage,1
1718905491.25,2.140374,-0.33040793966320053,-0.33193672894733406,0.0015287892918563134,ForecastPage,1
1718905491.5,2.137811,-0.33313965076045376,-0.3338822710802557,0.0007426203276668852,ForecastPage,1
1718905491.75,2.137811,-0.33313965076045376,-0.33574185530862083,0.0026022045561605563,ForecastPage,1
1718905492.0,2.133967,-0.33723668449351735,-0.3375086719171664,0.00027198743175616425,ForecastPage,1
1718905492.25,2.135249,-0.3358702960320744,-0.33917825424360826,0.003307958219738745,ForecastPage,1
1718905492.5,2.137811,-0.33313965076045376,-0.3407488325867465,0.0076091818345795734,ForecastPage,1
1718905492.75,2.137811,-0.33313965076045376,-0.3422216639095783,0.009082013157478265,ForecastPage,1
1718905493.0,2.131404,-0.3399683955907711,-0.3436013269677307,0.0036329313853661043,ForecastPage,1
1718905493.25,2.132686,-0.33860200712932764,-0.3448959720117482,0.006293964890867004,ForecastPage,1
1718905493.5,2.126279,-0.34543075195964495,-0.34611751393440265,0.0006867619832331088,ForecastPage,1
1718905493.75,2.124997,-0.3467971404210879,-0.3472817577104976,0.00048461729790536803,ForecastPage,1
1718905494.0,2.12756,-0.34406542932383466,-0.34840844526023995,0.004343015944915094,ForecastPage,1
1718905494.25,2.122435,-0.34952778569270854,-0.34952121350700316,-6.5721771854067995e-06,ForecastPage,1
1718905494.5,2.117309,-0.354991207887215,-0.3506474544345705,-0.004343753444116454,ForecastPage,1
1718905494.75,2.114746,-0.35772291898446873,-0.3518180694050114,-0.0059048495709214345,ForecastPage,1
1718905495.0,2.114746,-0.35772291898446873,-0.3530671118938444,-0.004655807082079165,ForecastPage,1
1718905495.25,2.110902,-0.3618199527175323,-0.35443131514105586,-0.007388637567919258,ForecastPage,1
1718905495.5,2.101932,-0.3713804086451024,-0.35594950399709385,-0.015430904639435864,ForecastPage,1
1718905495.75,2.092962,-0.38094086457267295,-0.3576618934361654,-0.023278971127915108,ForecastPage,1
1718905496.0,2.092962,-0.38094086457267295,-0.3596092797693414,-0.021331584794714083,ForecastPage,1
1718905496.25,2.092962,-0.38094086457267295,-0.3618321344480499,-0.019108730115974398,ForecastPage,1
1718905496.5,2.091681,-0.38230618720848325,-0.3643696144047684,-0.017936572795028524,ForecastPage,1
1718905496.75,2.092962,-0.38094086457267295,-0.36725850699708956,-0.01368235756685267,ForecastPage,1
1718905497.0,2.090399,-0.3836725756699262,-0.37053213163976906,-0.01314044402137557,ForecastPage,1
1718905497.25,2.086555,-0.38776960940298977,-0.37421922394975543,-0.013550385444396122,ForecastPage,1
1718905497.5,2.083992,-0.3905013205002435,-0.3783428315182542,-0.012158488973089333,ForecastPage,1
1718905497.75,2.085274,-0.38913493203880006,-0.3829192531021412,-0.006215678927693602,ForecastPage,1
1718905498.0,2.082711,-0.39186664313605335,-0.38795705495124316,-0.003909588175777893,ForecastPage,1
1718905498.25,2.078867,-0.3959636768691174,-0.3934561990299797,-0.0025074778300382644,ForecastPage,1
1718905498.5,2.077585,-0.3973300653305603,-0.39940731793915385,0.002077252617758424,ForecastPage,1
1718905498.75,2.073741,-0.4014270990636239,-0.40579117030364564,0.0043640712492482425,ForecastPage,1
1718905499.0,2.075022,-0.40006177642781354,-0.41257830819635394,0.012516531777822547,ForecastPage,1
1718905499.25,2.068615,-0.40689052125813086,-0.4197289847774024,0.012838463528601289,ForecastPage,1
1718905499.5,2.067334,-0.4082558438939412,-0.4271933257292132,0.018937481844639607,ForecastPage,1
1718905499.75,2.064771,-0.41098755499119444,-0.43491178228373406,0.023924227301933783,ForecastPage,1
1718905500.0,2.057083,-0.41918162245732155,-0.4428158767250252,0.023634254277112087,ForecastPage,1
1718905500.25,2.050676,-0.4260103672876384,-0.4508292433040217,0.024818876025793846,ForecastPage,1
1718905500.5,2.050676,-0.4260103672876384,-0.4588689586560794,0.03285859137784241,ForecastPage,1
1718905500.75,2.057083,-0.41918162245732155,-0.4668471462349018,0.047665523786962136,ForecastPage,1
1718905501.0,2.059646,-0.4164499113600683,-0.4746728291702094,0.05822291781949378,ForecastPage,1
1718905501.25,2.060927,-0.415084588724258,-0.4822539955572582,0.06716940684231464,ForecastPage,1
1718905501.5,2.059646,-0.4164499113600683,-0.48949982977726214,0.07304991842646152,ForecastPage,1
1718905501.75,2.071178,-0.4041588101608771,-0.4963230533794642,0.09216424322779943,ForecastPage,1
1718905502.0,2.077585,-0.3973300653305603,-0.5026423097639248,0.10531224444251298,ForecastPage,1
1718905502.25,2.028892,-0.4492283128758431,-0.5083845189190602,0.05915620605229324,ForecastPage,1
1718905502.5,1.968666,-0.5134187274459494,-0.513487122412723,6.83949757692287e-05,ForecastPage,1
1718905502.75,1.932786,-0.5516605511562311,-0.5179001354087154,-0.03376041573860765,ForecastPage,1
1718905503.0,1.886655,-0.6008281534298932,-0.5215879223982405,-0.07924023102283828,ForecastPage,1
1718905503.25,1.858676,-0.630648888814229,-0.5245306172208231,-0.10611827158469049,ForecastPage,1
1718905503.5,1.79845,-0.6948393033843353,-0.5267251161961457,-0.16811418717957674,ForecastPage,1
1718905503.75,1.706189,-0.7931734421060269,-0.5281855858581456,-0.26498785623937193,ForecastPage,1
1718905504.0,1.780511,-0.7139591494138433,-0.5289434435525485,-0.1850157058528856,ForecastPage,1
1718905504.25,1.885586,-0.6019675210315178,-0.5290467893035469,-0.07292073171965419,MarketWaitPage,1
1718905504.5,1.87149,-0.6169913991535948,-0.5285592897533845,-0.0884321093919725,MarketWaitPage,1
1718905504.75,1.876616,-0.6115279769590881,-0.5275585381923258,-0.08396943875858413,MarketWaitPage,1
1718905505.0,1.900963,-0.5855783202736304,-0.5261339371650513,-0.059444383100435386,MarketWaitPage,1
1718905505.25,2.015008,-0.46402623596373466,-0.5243841704199007,0.0603579344643045,MarketWaitPage,1
1718905505.5,2.034229,-0.4435400014727837,-0.522414347889216,0.0788743464245968,MarketWaitPage,1
1718905505.75,2.054732,-0.42168737852038934,-0.5203329200892076,0.09864554157704009,MarketWaitPage,1
1718905506.0,2.058576,-0.41759034478732576,-0.5182484662571566,0.10065812147813999,MarketWaitPage,1
1718905506.25,2.057295,-0.4189556674231361,-0.5162664635115002,0.0973107960967881,MarketWaitPage,1
1718905506.5,2.057295,-0.4189556674231361,-0.514486142524758,0.09553047511018427,MarketWaitPage,1
1718905506.75,2.045762,-0.4312478344479599,-0.5129975291772627,0.08174969473802093,MarketWaitPage,1
1718905507.0,2.029104,-0.4490023578416576,-0.511878762168474,0.06287640433570031,MarketWaitPage,1
1718905507.25,1.995787,-0.4845124704546856,-0.5111937644575845,0.026681294011952017,MarketWaitPage,1
1718905507.5,1.949656,-0.5336800727283477,-0.5109903325480435,-0.022689740171083217,MarketWaitPage,1
1718905507.75,1.997069,-0.4831460819932424,-0.511298692820069,0.028152610836210706,MarketWaitPage,1
1718905508.0,1.999631,-0.480415436721622,-0.5121305590224775,0.03171512231039547,MarketWaitPage,1
1718905508.25,1.997069,-0.4831460819932424,-0.5134787101567024,0.030332628173147066,RoundResultsPage,1
1718905508.5,1.986817,-0.49407292638225586,-0.5153170936451038,0.02124416727267179,RoundResultsPage,1
1718905508.75,1.8984,-0.5883100313708837,-0.5176014450858097,-0.07070858627512394,RoundResultsPage,1
1718905509.0,1.934279,-0.550069273486235,-0.5202704032378209,-0.02979887023834775,RoundResultsPage,1
1718905509.25,1.98938,-0.49134121528500263,-0.5232470873221953,0.03190587204736771,RoundResultsPage,1
1718905509.5,1.985536,-0.4954382490180662,-0.5264410933769959,0.031002844369208103,RoundResultsPage,1
1718905509.75,1.98041,-0.5009016712125729,-0.5297508572648361,0.02884918606264207,RoundResultsPage,1
1718905510.0,1.975285,-0.5063640275814468,-0.5330663239225267,0.026702296351558158,RoundResultsPage,1
1718905510.25,1.967596,-0.5145591608732071,-0.5362718555069788,0.021712694644350293,RoundResultsPage,1
1718905510.5,1.959908,-0.5227532283393342,-0.5392493052848167,0.016496076956165222,RoundResultsPage,1
1718905510.75,1.956063,-0.5268513278980306,-0.5418811796030214,0.015029851715784012,RoundResultsPage,1
1718905511.0,1.944531,-0.5391424290972215,-0.5440538072894573,0.0049113782031475865,RoundResultsPage,1
1718905511.25,1.945812,-0.5377771064614113,-0.5456604345918932,0.007883328141521158,RoundResultsPage,1
1718905511.5,1.92531,-0.5596286635881725,-0.5466041644706411,-0.013024499106356873,RoundResultsPage,1
1718905511.75,1.903526,-0.582846609176377,-0.5468006618727331,-0.03604594729232753,RoundResultsPage,1
1718905512.0,1.866365,-0.6224537555224687,-0.5461805516470513,-0.07627320386395527,RoundResultsPage,1
1718905512.25,1.859958,-0.6292825003527858,-0.5446914430580689,-0.0845910572831072,RoundResultsPage,1
1718905512.5,1.904807,-0.5814812865405669,-0.5422995243700764,-0.03918176215873307,RoundResultsPage,1
1718905512.75,1.918903,-0.5664574084184896,-0.538990682511367,-0.027466725895218487,RoundResultsPage,1
1718905513.0,1.917621,-0.5678237968799328,-0.5347711160358178,-0.033052680832066396,RoundResultsPage,1
1718905513.25,1.909933,-0.5760178643460598,-0.529667424003425,-0.04635044033044598,RoundResultsPage,1
1718905513.5,1.900963,-0.5855783202736304,-0.5237261684938345,-0.061852151767471567,RoundResultsPage,1
1718905513.75,1.897119,-0.589675354006694,-0.517012923782387,-0.07266243021185179,RoundResultsPage,1
1718905514.0,1.904807,-0.5814812865405669,-0.5096108403346481,-0.07187044619333662,RoundResultsPage,1
1718905514.25,1.918903,-0.5664574084184896,-0.501618766306103,-0.06483864209968027,RoundResultsPage,1
1718905514.5,1.935561,-0.5487028850247919,-0.49314898271054497,-0.05555390230141851,RoundResultsPage,1
1718905514.75,1.981692,-0.49953528275112974,-0.4843246203115166,-0.015210662426663853,RoundResultsPage,1
1718905515.0,2.029104,-0.4490023578416576,-0.4752768360110269,0.026274478182438936,RoundResultsPage,1
1718905515.25,2.076516,-0.3984694329321852,-0.4661418334763374,0.06767240055734225,RoundResultsPage,1
1718905515.5,2.109833,-0.3629593203191567,-0.45705781645774807,0.09409849615190176,RoundResultsPage,1
1718905515.75,2.138023,-0.3329136957262683,-0.44816196337876196,0.11524826766592433,RoundResultsPage,1
1718905516.0,2.146993,-0.32335323979869773,-0.4395875082503699,0.11623426846522202,RoundResultsPage,1
1718905516.25,2.136742,-0.33427901836207863,-0.4314610060013819,0.0971819876529686,RoundResultsPage,1
1718905516.5,2.104707,-0.36842274251366364,-0.42389985044981704,0.05547710794992726,RoundResultsPage,1
1718905516.75,2.077797,-0.3971041102963748,-0.4170101011218566,0.019905990839353974,RoundResultsPage,1
1718905517.0,2.072672,-0.4025664666652487,-0.4108846618361084,0.008318195184817523,RoundResultsPage,1
1718905517.25,2.06242,-0.4134933110542622,-0.4056018402881879,-0.007891470752045424,RoundResultsPage,1
1718905517.5,2.076516,-0.3984694329321852,-0.4012243045414913,0.0027548716233898388,RoundResultsPage,1
1718905517.75,2.072672,-0.4025664666652487,-0.39779843989585556,-0.0047680267552715,RoundResultsPage,1
1718905518.0,2.079079,-0.39573772183493144,-0.3953540983918678,-0.000383623428921712,RoundResultsPage,1
1718905518.25,2.084204,-0.39027536546605757,-0.39390472337027044,0.0036293579183566994,RoundResultsPage,1
1718905518.5,2.08933,-0.38481194327155105,-0.3934478230957855,0.008635879838360967,RoundResultsPage,1
1718905518.75,2.079079,-0.39573772183493144,-0.39396576047988435,-0.0017719613409578963,RoundResultsPage,1
1718905519.0,2.057295,-0.4189556674231361,-0.3954268203953817,-0.02352884701372293,RoundResultsPage,1
1718905519.25,2.052169,-0.4244190896176426,-0.3977865119712293,-0.026632577632460505,RiskPage1,1
1718905519.5,2.054732,-0.42168737852038934,-0.4009890605937154,-0.02069831791282034,RiskPage1,1
1718905519.75,2.050888,-0.4257844122534529,-0.40496904310290716,-0.02081536913681077,RiskPage1,1
1718905520.0,2.047043,-0.4298825118121496,-0.4096531197917014,-0.02022939200685009,RiskPage1,1
1718905520.25,2.043199,-0.4339795455452131,-0.41496181815850924,-0.01901772737325954,RiskPage1,1
1718905520.5,2.043199,-0.4339795455452131,-0.42081132575652513,-0.01316821977541275,RiskPage1,1
1718905520.75,2.034229,-0.4435400014727837,-0.42711525272740436,-0.016424748732286443,RiskPage1,1
1718905521.0,2.031667,-0.44627064674440386,-0.433786328512123,-0.012484318219380848,RiskPage1,1
1718905521.25,2.027822,-0.45036874630310053,-0.44073800161597765,-0.009630744674423257,RiskPage1,1
1718905521.5,2.021415,-0.45719749113341734,-0.44788591600251376,-0.009311575118408695,RiskPage1,1
1718905521.75,2.01629,-0.4626598475022912,-0.4551492425532096,-0.007510604936792609,RiskPage1,1
1718905522.0,2.012445,-0.4667579470609879,-0.4624518489228708,-0.004306098126032051,RiskPage1,1
1718905522.25,2.004757,-0.474952014527115,-0.4697232959283935,-0.005228718586835698,RiskPage1,1
1718905522.5,2.000913,-0.4790490482601786,-0.4768996532312059,-0.0021493950172789857,RiskPage1,1
1718905522.75,1.99835,-0.4817807593574321,-0.4839241314282844,0.0021433720823637306,RiskPage1,1
1718905523.0,1.991943,-0.4886095041877491,-0.4907475316861809,0.0021380275097737426,RiskPage1,1
1718905523.25,1.986817,-0.49407292638225586,-0.4973285176860243,0.00325559131495672,RiskPage1,1
1718905523.5,1.975285,-0.5063640275814468,-0.5036337178610709,-0.002730309709322391,RiskPage1,1
1718905523.75,1.970159,-0.5118274497759535,-0.5096376686859097,-0.002189781079102962,RiskPage1,1
1718905524.0,1.968878,-0.5131927724117639,-0.5153226121167825,0.0021298397158718493,RiskPage1,1
1718905524.25,1.963752,-0.5186561946062707,-0.5206781621922766,0.00202196759679903,RiskPage1,1
1718905524.5,1.961189,-0.5213879057035239,-0.5257008572888774,0.004312951596116277,RiskPage1,1
1718905524.75,1.956063,-0.5268513278980306,-0.5303936155888712,0.003542287701603985,RiskPage1,1
1718905525.0,1.953501,-0.5295819731696513,-0.5347651119616297,0.0051831388027734175,RiskPage1,1
1718905525.25,1.945812,-0.5377771064614113,-0.5388290946931978,0.0010519882426447622,RiskPage2,1
1718905525.5,1.950938,-0.5323136842669045,-0.5426036603433065,0.010289976087355133,RiskPage2,1
1718905525.75,1.943249,-0.5405088175586648,-0.5461105044922998,0.005601686944713823,RiskPage2,1
1718905526.0,1.936842,-0.5473375623889818,-0.5493741652981009,0.002036602920353011,RiskPage2,1
1718905526.25,1.936842,-0.5473375623889818,-0.5524212756554455,0.005083713277879296,RiskPage2,1
1718905526.5,1.932998,-0.5514345961220454,-0.5552798383815346,0.003845242271109245,RiskPage2,1
1718905526.75,1.926591,-0.5582633409523624,-0.5579785372925844,-0.00028480364793445276,RiskPage2,1
1718905527.0,1.929154,-0.555531629855109,-0.5605460953317428,0.005014465488715971,RiskPage2,1
1718905527.25,1.926591,-0.5582633409523624,-0.5630106891024188,0.0047473481623879574,RiskPage2,1
1718905527.5,1.926591,-0.5582633409523624,-0.5653994272879108,0.007136086348135847,RiskPage2,1
1718905527.75,1.922747,-0.562360374685426,-0.5677378985299582,0.005377523857376985,RiskPage2,1
1718905528.0,1.915058,-0.5705555079771862,-0.5700497924273772,-0.0005057155367092009,RiskPage2,1
1718905528.25,1.917621,-0.5678237968799328,-0.5723565954379023,0.004532798571318849,RiskPage2,1
1718905528.5,1.912495,-0.5732872190744395,-0.5746773616637318,0.0013901426028839268,RiskPage2,1
1718905528.75,1.911214,-0.5746525417102498,-0.5770285568170913,0.0023760151206675614,RiskPage2,1
1718905529.0,1.908651,-0.577384252807503,-0.5794239721344384,0.0020397193409883623,RiskPage2,1
1718905529.25,1.904807,-0.5814812865405669,-0.5818747036674571,0.0003934171411625609,RiskPage2,1
1718905529.5,1.899681,-0.5869447087350737,-0.584389191250559,-0.002555517470031141,RiskPage2,1
1718905529.75,1.891993,-0.5951387762012007,-0.5869733105490926,-0.008165465637421845,RiskPage2,1
1718905530.0,1.890712,-0.596504098837011,-0.5896305109457517,-0.006873587876379124,RiskPage2,1
1718905530.25,1.890712,-0.596504098837011,-0.5923619916313418,-0.004142107190603584,RiskPage3,1
1718905530.5,1.891993,-0.5951387762012007,-0.5951669081214693,2.813193551145371e-05,RiskPage3,1
1718905530.75,1.886867,-0.6006021983957075,-0.5980426014962436,-0.0025595968840517666,RiskPage3,1
1718905531.0,1.886867,-0.6006021983957075,-0.6009848429156693,0.00038264453553642046,RiskPage3,1
1718905531.25,1.888149,-0.5992358099342643,-0.6039880863563254,0.004752276437792229,RiskPage3,1
1718905531.5,1.877898,-0.6101615884976449,-0.607045723010388,-0.003115865471373806,RiskPage3,1
1718905531.75,1.875335,-0.6128932995948985,-0.6101503313642667,-0.0027429682145990314,RiskPage3,1
1718905532.0,1.87149,-0.6169913991535948,-0.6132939176214932,-0.0036974815159185968,RiskPage3,1
1718905532.25,1.866365,-0.6224537555224687,-0.6164681418508196,-0.005985613655312693,RiskPage3,1
1718905532.5,1.865083,-0.623820143983912,-0.6196645260231004,-0.004155617944316241,RiskPage3,1
1718905532.75,1.862521,-0.6265507892555323,-0.622874640938568,-0.0036761483003046385,RiskPage3,1
1718905533.0,1.862521,-0.6265507892555323,-0.6260902699167235,-0.0004605193219803915,RiskPage3,1
1718905533.25,1.857395,-0.6320142114500393,-0.62930354799152,-0.0027106634415189255,RiskPage3,1
1718905533.5,1.858676,-0.630648888814229,-0.6325070761877035,0.0018581873906478828,RiskPage3,1
1718905533.75,1.854832,-0.6347459225472926,-0.6356940112152223,0.0009480886852738738,RiskPage3,1
1718905534.0,1.854832,-0.6347459225472926,-0.6388581315798184,0.00411220905003519,RiskPage3,1
1718905534.25,1.848425,-0.6415746673776096,-0.6419938816514144,0.0004192142914711452,RiskPage3,1
1718905534.5,1.847144,-0.64293999001342,-0.6450963956506303,0.002156405655023135,RiskPage3,1
1718905534.75,1.8433,-0.6470370237464835,-0.6481615038110443,0.0011244800825070261,RiskPage3,1
1718905535.0,1.836892,-0.6538668344024334,-0.6511857231621359,-0.002681111222232661,RiskPage3,1
1718905535.25,1.836892,-0.6538668344024334,-0.6541662354707285,0.0002994010864617691,RiskPage3,1
1718905535.5,1.835611,-0.6552321570382434,-0.657100854891853,0.0018686978718593142,RiskPage3,1
1718905535.75,1.833048,-0.657963868135497,-0.659987987823607,0.0020241197064225077,RiskPage3,1
1718905536.0,1.830485,-0.6606955792327505,-0.662826587339922,0.002131008125524557,RiskPage3,1
1718905536.25,1.826641,-0.664792612965814,-0.665616104392715,0.0008234914452718905,RiskPage4,1
1718905536.5,1.824078,-0.6675243240630673,-0.6683564377352071,0.0008321136905049585,RiskPage4,1
1718905536.75,1.821516,-0.6702549693346879,-0.6710478842304314,0.0007929149140795473,RiskPage4,1
1718905537.0,1.821516,-0.6702549693346879,-0.673691090886169,0.0034361215697661608,RiskPage4,1
1718905537.25,1.815109,-0.6770837141650047,-0.6762870096135326,-0.0007967045332574292,RiskPage4,1
1718905537.5,1.815109,-0.6770837141650047,-0.6788368553539453,0.001753141207069596,RiskPage4,1
1718905537.75,1.812546,-0.6798154252622582,-0.6813420678702933,0.0015266426260683106,RiskPage4,1
1718905538.0,1.813827,-0.6784501026264479,-0.6838042771645539,0.005354174556038634,RiskPage4,1
1718905538.25,1.804857,-0.6880105585540185,-0.6862252721785896,-0.0017852863575966984,RiskPage4,1
1718905538.5,1.804857,-0.6880105585540185,-0.6886069721701722,0.0005964136338902153,RiskPage4,1
1718905538.75,1.801013,-0.6921075922870821,-0.6909513999474182,-0.0011561923220147334,RiskPage4,1
1718905539.0,1.801013,-0.6921075922870821,-0.6932606560076005,0.0011530637380912272,RiskPage4,1
1718905539.25,1.792043,-0.7016680482146523,-0.6955368925747092,-0.00613115562243326,RiskPage4,1
1718905539.5,1.795887,-0.6975710144815888,-0.6977822865724462,0.0002112721083202501,RiskPage4,1
1718905539.75,1.790762,-0.7030333708504627,-0.6999990107066713,-0.0030343601263571537,RiskPage4,1
1718905540.0,1.78948,-0.7043997593119058,-0.7021892020578446,-0.0022105572366350273,RiskPage4,1
1718905540.25,1.785636,-0.7084967930449694,-0.7043549278875982,-0.004141865139931658,RiskPage4,1
1718905540.5,1.786918,-0.7071304045835263,-0.7064981487269979,-0.0006322558390539678,RiskPage4,1
1718905540.75,1.783073,-0.7112285041422229,-0.7086206792168972,-0.002607824907794689,RiskPage4,1
1718905541.0,1.781792,-0.712593826778033,-0.710724147590851,-0.0018696791695730418,RiskPage4,1
1718905541.25,1.777948,-0.7166908605110965,-0.7128099551053716,-0.0038809053880183462,PreMarketWait,2
1718905541.5,1.775385,-0.71942257160835,-0.7148792371081304,-0.004543334482397264,PreMarketWait,2
1718905541.75,1.775385,-0.71942257160835,-0.716932827769875,-0.002489743820520572,PreMarketWait,2
1718905542.0,1.779229,-0.7153255378752864,-0.7189712307675469,0.003645692910361105,PreMarketWait,2
1718905542.25,1.771541,-0.7235196053414136,-0.7209945983693342,-0.002525006953821644,PreMarketWait,2
1718905542.5,1.774103,-0.7207889600697932,-0.7230027214110287,0.002213761359657395,PreMarketWait,2
1718905542.75,1.771541,-0.7235196053414136,-0.7249950325444039,0.0014754272215781205,PreMarketWait,2
1718905543.0,1.772822,-0.7221542827056036,-0.7269706248680166,0.004816342181162203,PreMarketWait,2
1718905543.25,1.775385,-0.71942257160835,-0.7289282876144318,0.009505716024981124,PreMarketWait,2
1718905543.5,1.771541,-0.7235196053414136,-0.7308665599703625,0.007346954647980316,PreMarketWait,2
1718905543.75,1.767696,-0.7276177049001102,-0.7327838033630741,0.005166098482103143,PreMarketWait,2
1718905544.0,1.765134,-0.7303483501717306,-0.7346782916868814,0.00432994153436902,PreMarketWait,2
1718905544.25,1.758727,-0.7371770950020478,-0.7365483180119762,-0.0006287769708054631,PreMarketWait,2
1718905544.5,1.762571,-0.733080061268984,-0.7383923153690523,0.005312254119349821,PreMarketWait,2
1718905544.75,1.756164,-0.739908806099301,-0.7402089882932156,0.0003001822131787728,PreMarketWait,2
1718905545.0,1.748475,-0.7481039393910612,-0.7419974509877124,-0.006106488384134463,PreMarketWait,2
1718905545.25,1.749757,-0.746737550929618,-0.7437573672684396,-0.002980183642046356,MarketGridChoice,2
1718905545.5,1.754882,-0.7412751945607441,-0.7454890868982104,0.004213892356484986,MarketGridChoice,2
1718905545.75,1.752319,-0.7440069056579977,-0.7471937725270328,0.0031868668879118747,MarketGridChoice,2
1718905546.0,1.752319,-0.7440069056579977,-0.748873511220808,0.004866605581520747,MarketGridChoice,2
1718905546.25,1.747194,-0.7494692620268715,-0.7505314044790895,0.0010621424707432504,MarketGridChoice,2
1718905546.5,1.744631,-0.7522009731241248,-0.7521716307104481,-2.9342395348758903e-05,MarketGridChoice,2
1718905546.75,1.742068,-0.7549326842213783,-0.7537994743613218,-0.0011332098419310657,MarketGridChoice,2
1718905547.0,1.742068,-0.7549326842213783,-0.7554213163010446,0.0004886320975916901,MarketGridChoice,2
1718905547.25,1.733098,-0.7644931401489485,-0.7570445806736933,-0.007448559457520159,MarketGridChoice,2
1718905547.5,1.735661,-0.7617614290516953,-0.758677634251285,-0.0030837947828498127,MarketGridChoice,2
1718905547.75,1.730536,-0.7672237854205689,-0.7603296353666388,-0.006894150036523756,MarketGridChoice,2
1718905548.0,1.727973,-0.7699554965178225,-0.7620103307595258,-0.007945165741020317,MarketGridChoice,2
1718905548.25,1.726691,-0.7713218849792656,-0.7637298001151461,-0.007592084846946582,MarketGridChoice,2
1718905548.5,1.727973,-0.7699554965178225,-0.765498149674755,-0.004457346825969402,MarketGridChoice,2
1718905548.75,1.72541,-0.7726872076150757,-0.7673251580077004,-0.005362049590322012,MarketGridChoice,2
1718905549.0,1.72541,-0.7726872076150757,-0.7692198787965527,-0.0034673288014838875,MarketGridChoice,2
1718905549.25,1.720284,-0.7781506298095827,-0.7711902072425771,-0.006960422549951467,MarketGridChoice,2
1718905549.5,1.721566,-0.7767842413481395,-0.7732424183888861,-0.003541822942157375,MarketGridChoice,2
1718905549.75,1.724128,-0.7740535960765189,-0.7753806872293584,0.0013270911700016376,MarketGridChoice,2
1718905550.0,1.717721,-0.780882340906836,-0.7776066018741099,-0.0032757390154783163,MarketGridChoice,2
1718905550.25,1.717721,-0.780882340906836,-0.7799186822329955,-0.0009636586564931099,MarketGridChoice,2
1718905550.5,1.715159,-0.7836129861784563,-0.7823119176194431,-0.001301068541557723,MarketGridChoice,2
1718905550.75,1.712596,-0.7863446972757098,-0.7847773373383633,-0.0015673599197792774,MarketGridChoice,2
1718905551.0,1.712596,-0.7863446972757098,-0.7873016286826536,0.0009569314246210608,MarketGridChoice,2
1718905551.25,1.70747,-0.7918081194702166,-0.7898668168069995,-0.0019413026454353018,MarketGridChoice,2
1718905551.5,1.706189,-0.7931734421060269,-0.7924500206621247,-0.0007234214260239753,MarketGridChoice,2
1718905551.75,1.706189,-0.7931734421060269,-0.7950232985462828,0.0018498564582211776,MarketGridChoice,2
1718905552.0,1.706189,-0.7931734421060269,-0.797553595854854,0.0043801537668681,MarketGridChoice,2
1718905552.25,1.701063,-0.7986368643005336,-0.8000028062771423,0.0013659419947133935,MarketGridChoice,2
1718905552.5,1.703626,-0.7959051532032801,-0.802327955999521,0.006422802814395903,MarketGridChoice,2
1718905552.75,1.6985,-0.8013685753977872,-0.8044815184303075,0.003112943050711302,MarketGridChoice,2
1718905553.0,1.699782,-0.800002186936344,-0.8064118645780437,0.006409677659912136,MarketGridChoice,2
1718905553.25,1.699782,-0.800002186936344,-0.8080638515148502,0.008061664596725037,MarketGridChoice,2
1718905553.5,1.695938,-0.8040992206694075,-0.809379548372421,0.005280327721222888,MarketGridChoice,2
1718905553.75,1.690812,-0.8095626428639142,-0.8102990960896405,0.0007364532439099068,MarketGridChoice,2
1718905554.0,1.697219,-0.8027338980335972,-0.810761693704025,0.008027795688569855,MarketGridChoice,2
1718905554.25,1.701063,-0.7986368643005336,-0.8107067004052739,0.012069836122826933,MarketGridChoice,2
1718905554.5,1.704907,-0.79453983056747,-0.8100748389005923,0.015535008351142608,MarketGridChoice,2
1718905554.75,1.712596,-0.7863446972757098,-0.8088094819313494,0.022464784673585605,MarketGridChoice,2
1718905555.0,1.712596,-0.7863446972757098,-0.8068580000898367,0.02051330283199319,MarketGridChoice,2
1718905555.25,1.712596,-0.7863446972757098,-0.8041731454942851,0.017828448236358097,MarketGridChoice,2
1718905555.5,1.710033,-0.7890764083729633,-0.800714442501227,0.011638034145960114,MarketGridChoice,2
1718905555.75,1.719003,-0.7795159524453927,-0.796449553609165,0.016933601181379376,MarketGridChoice,2
1718905556.0,1.729254,-0.7685901738820121,-0.7913555861995998,0.022765412335101542,MarketGridChoice,2
1718905556.25,1.735661,-0.7617614290516953,-0.7854203039397087,0.023658874905428635,MarketGridChoice,2
1718905556.5,1.726691,-0.7713218849792656,-0.7786432057000761,0.0073213207381202655,MarketGridChoice,2
1718905556.75,1.72541,-0.7726872076150757,-0.7710364348825959,-0.0016507727152832719,MarketGridChoice,2
1718905557.0,1.701063,-0.7986368643005336,-0.7626254832712869,-0.03601138101217079,MarketGridChoice,2
1718905557.25,1.710033,-0.7890764083729633,-0.7534496560681379,-0.03562675228787583,MarketGridChoice,2
1718905557.5,1.719003,-0.7795159524453927,-0.7435622687741597,-0.035953683654413746,MarketGridChoice,2
1718905557.75,1.71644,-0.7822476635426463,-0.7330305520568374,-0.04921711146912145,MarketGridChoice,2
1718905558.0,1.711314,-0.787711085737153,-0.7219352476285107,-0.0657758380920864,MarketGridChoice,2
1718905558.25,1.731817,-0.7658584627847589,-0.7103698862456521,-0.055488576522680126,MarketGridChoice,2
1718905558.5,1.761289,-0.734446449730427,-0.6984397479243097,-0.0360067017898163,MarketGridChoice,2
1718905558.75,1.781792,-0.712593826778033,-0.6862605139696265,-0.026333312792225862,MarketGridChoice,2
1718905559.0,1.815109,-0.6770837141650047,-0.6739566299977944,-0.003127084151142802,MarketGridChoice,2
1718905559.25,1.847144,-0.64293999001342,-0.6616594083278936,0.018719418330438435,MarketGridChoice,2
1718905559.5,1.858676,-0.630648888814229,-0.6495049065160834,0.018856017717729677,MarketGridChoice,2
1718905559.75,1.866365,-0.6224537555224687,-0.6376316260665412,0.015177870559873952,MarketGridChoice,2
1718905560.0,1.867646,-0.6210884328866586,-0.626178081284106,0.0050896484131918475,MarketGridChoice,2
1718905560.25,1.854832,-0.6347459225472926,-0.6152802927695531,-0.0194656297620341,MarketGridChoice,2
1718905560.5,1.845862,-0.644306378474863,-0.6050692632402526,-0.03923711521892456,MarketGridChoice,2
1718905560.75,1.8433,-0.6470370237464835,-0.5956684952703765,-0.05136852846042002,MarketGridChoice,2
1718905561.0,1.857395,-0.6320142114500393,-0.5871916112405248,-0.04482260019380466,MarketGridChoice,2
1718905561.25,1.904807,-0.5814812865405669,-0.5797401352298018,-0.0017411512950095635,MarketGridChoice,2
1718905561.5,1.950938,-0.5323136842669045,-0.5734014946155428,0.041087810364464114,MarketGridChoice,2
1718905561.75,1.986817,-0.49407292638225586,-0.5682472955096589,0.07417436914332581,MarketGridChoice,2
1718905562.0,2.008601,-0.47085498079405147,-0.5643319205819084,0.09347693980390467,MarketGridChoice,2
1718905562.25,2.015008,-0.46402623596373466,-0.5616914901291364,0.09766525418160303,MarketGridChoice,2
1718905562.5,2.006038,-0.4735866918913047,-0.5603432174896739,0.08675652561475194,MarketGridChoice,2
1718905562.75,1.986817,-0.49407292638225586,-0.560285178383701,0.06621225201803582,MarketGridChoice,2
1718905563.0,1.963752,-0.5186561946062707,-0.5614965010350309,0.042840306445582614,MarketGridChoice,2
1718905563.25,1.944531,-0.5391424290972215,-0.5639379707070917,0.024795541626943883,MarketGridChoice,2
1718905563.5,1.922747,-0.562360374685426,-0.5675530293250791,0.005192654656992146,MarketGridChoice,2
1718905563.75,1.904807,-0.5814812865405669,-0.5722691388642361,-0.009212147658718885,MarketGridChoice,2
1718905564.0,1.88943,-0.5978704872984543,-0.5779994667417975,-0.019871020538771992,MarketGridChoice,2
1718905564.25,1.877898,-0.6101615884976449,-0.5846448429740023,-0.02551674550549223,MarketGridChoice,2
1718905564.5,1.863802,-0.6251854666197222,-0.5920959325955903,-0.03308953400572952,MarketGridChoice,2
1718905564.75,1.852269,-0.637477633644546,-0.6002355628763851,-0.037242070749525125,MarketGridChoice,2
1718905565.0,1.8433,-0.6470370237464835,-0.6089411431649561,-0.038095880562680026,MarketGridChoice,2
1718905565.25,1.842018,-0.6484034122079266,-0.618087115595941,-0.030316296592949807,MarketGridChoice,2
1718905565.5,1.835611,-0.6552321570382434,-0.627547377190693,-0.027684779828350138,MarketGridChoice,2
1718905565.75,1.830485,-0.6606955792327505,-0.6371976177826489,-0.02349796143076062,MarketGridChoice,2
1718905566.0,1.824078,-0.6675243240630673,-0.6469175234036314,-0.02060680063997796,MarketGridChoice,2
1718905566.25,1.813827,-0.6784501026264479,-0.6565928009677712,-0.02185730163912486,ForecastPage,2
1718905566.5,1.809983,-0.6825471363595117,-0.6661169869971394,-0.01643014934274966,ForecastPage,2
1718905566.75,1.802294,-0.6907422696512717,-0.6753930104875296,-0.015349259144072001,ForecastPage,2
1718905567.0,1.797169,-0.6962046260201455,-0.6843344875830374,-0.011870138417413963,ForecastPage,2
1718905567.25,1.788199,-0.7057650819477159,-0.6928667333079578,-0.012898348620062498,ForecastPage,2
1718905567.5,1.785636,-0.7084967930449694,-0.70092748300986,-0.007569310015433992,ForecastPage,2
1718905567.75,1.781792,-0.712593826778033,-0.7084673232355242,-0.004126503522874012,ForecastPage,2
1718905568.0,1.777948,-0.7166908605110965,-0.7154498383499344,-0.0012410221415876253,ForecastPage,2
1718905568.25,1.780511,-0.7139591494138433,-0.7218514851973115,0.00789233580296406,ForecastPage,2
1718905568.5,1.770259,-0.7248859938028568,-0.7276612133954002,0.002775219611942586,ForecastPage,2
1718905568.75,1.767696,-0.7276177049001102,-0.7328798533810996,0.005262148500272613,ForecastPage,2
1718905569.0,1.762571,-0.733080061268984,-0.7375192980504814,0.004439236800644224,ForecastPage,2
1718905569.25,1.754882,-0.7412751945607441,-0.7416015067544287,0.00032631221267356847,ForecastPage,2
1718905569.5,1.757445,-0.7385434834634909,-0.7451573625423791,0.00661387909769821,ForecastPage,2
1718905569.75,1.754882,-0.7412751945607441,-0.7482254149243447,0.006950220382210409,ForecastPage,2
1718905570.0,1.747194,-0.7494692620268715,-0.7508505410827895,0.0013812790743076564,ForecastPage,2
1718905570.25,1.749757,-0.746737550929618,-0.7530825584483778,0.0063450075369098705,ForecastPage,2
1718905570.5,1.749757,-0.746737550929618,-0.7549748208953905,0.008237269983665394,ForecastPage,2
1718905570.75,1.740787,-0.7562980068571883,-0.7565828295550888,0.0002848227155212782,ForecastPage,2
1718905571.0,1.74335,-0.7535662957599351,-0.7579628874328195,0.004396591690221278,ForecastPage,2
1718905571.25,1.744631,-0.7522009731241248,-0.7591708246932471,0.006969851586168061,ForecastPage,2
1718905571.5,1.745912,-0.7508356504883147,-0.7602608186939929,0.00942516822243044,ForecastPage,2
1718905571.75,1.753601,-0.7426405171965544,-0.7612843296464221,0.018643812466329356,ForecastPage,2
1718905572.0,1.754882,-0.7412751945607441,-0.7622891692098028,0.021013974665237134,ForecastPage,2
1718905572.25,1.747194,-0.7494692620268715,-0.7633187154373329,0.013849453426368839,ForecastPage,2
1718905572.5,1.749757,-0.746737550929618,-0.7644112833668176,0.01767373245285284,ForecastPage,2
1718905572.75,1.744631,-0.7522009731241248,-0.7655996562918906,0.013398683183185432,ForecastPage,2
1718905573.0,1.736943,-0.7603950405902521,-0.7669107784959389,0.0065157379208957145,ForecastPage,2
1718905573.25,1.730536,-0.7672237854205689,-0.7683656061298184,0.0011418207242736905,ForecastPage,2
1718905573.5,1.726691,-0.7713218849792656,-0.7699791091142736,-0.0013427758501231859,ForecastPage,2
1718905573.75,1.713877,-0.7849793746398995,-0.7717604135803882,-0.013218961044764983,ForecastPage,2
1718905574.0,1.717721,-0.780882340906836,-0.7737130715284757,-0.007169269363699429,ForecastPage,2
1718905574.25,1.721566,-0.7767842413481395,-0.77583544214993,-0.0009487991835936925,ForecastPage,2
1718905574.5,1.713877,-0.7849793746398995,-0.7781211676360257,-0.006858206989260117,ForecastPage,2
1718905574.75,1.711314,-0.787711085737153,-0.7805597252717255,-0.007151360450771499,ForecastPage,2
1718905575.0,1.712596,-0.7863446972757098,-0.7831370371353242,-0.0032076601256430352,ForecastPage,2
1718905575.25,1.703626,-0.7959051532032801,-0.7858361187415247,-0.01006903444688443,ForecastPage,2
1718905575.5,1.706189,-0.7931734421060269,-0.7886377484223309,-0.0045356936686572445,ForecastPage,2
1718905575.75,1.702345,-0.7972704758390905,-0.7915211400842038,-0.005749335739644319,ForecastPage,2
1718905576.0,1.701063,-0.7986368643005336,-0.7944646031569066,-0.004172261128148846,ForecastPage,2
1718905576.25,1.6985,-0.8013685753977872,-0.7974461750026518,-0.003922400379392597,ForecastPage,2
1718905576.5,1.695938,-0.8040992206694075,-0.8004442127263904,-0.003655007926985218,ForecastPage,2
1718905576.75,1.692093,-0.808197320228104,-0.8034379331650322,-0.004759387046729747,ForecastPage,2
1718905577.0,1.68953,-0.8109290313253574,-0.8064078917858651,-0.004521139522822392,ForecastPage,2
1718905577.25,1.688249,-0.8122943539611676,-0.8093363932485007,-0.002957960695654009,ForecastPage,2
1718905577.5,1.686968,-0.8136596765969778,-0.8122078284398773,-0.001451848139731848,ForecastPage,2
1718905577.75,1.680561,-0.8204884214272948,-0.8150089348394118,-0.005479486570147541,ForecastPage,2
1718905578.0,1.681842,-0.8191230987914846,-0.8177289790738065,-0.0013941196995666126,ForecastPage,2
1718905578.25,1.675435,-0.8259518436218016,-0.8203598624430671,-0.005591981160239337,ForecastPage,2
1718905578.5,1.674154,-0.827317166257612,-0.8228961520085348,-0.0044210142301923105,ForecastPage,2
1718905578.75,1.675435,-0.8259518436218016,-0.8253350414991717,-0.0006168021033502833,ForecastPage,2
1718905579.0,1.670309,-0.8314152658163083,-0.8276762477823765,-0.0037390180142536826,ForecastPage,2
1718905579.25,1.670309,-0.8314152658163083,-0.8299218499271174,-0.0014934158691127589,ForecastPage,2
1718905579.5,1.675435,-0.8259518436218016,-0.8320760789270008,0.006124235325675109,ForecastPage,2
1718905579.75,1.671591,-0.8300488773548652,-0.8341450669189523,0.004096189584953375,ForecastPage,2
1718905580.0,1.671591,-0.8300488773548652,-0.8361365652065447,0.006087687872922531,ForecastPage,2
1718905580.25,1.671591,-0.8300488773548652,-0.8380596405647281,0.008010763231462926,ForecastPage,2
1718905580.5,1.669028,-0.8327805884521187,-0.8399243591707077,0.007143770740520113,ForecastPage,2
1718905580.75,1.663902,-0.8382440106466255,-0.8417414670988453,0.003497456474450808,ForecastPage,2
1718905581.0,1.662621,-0.8396093332824357,-0.8435220756773345,0.003912742417393041,ForecastPage,2
1718905581.25,1.656214,-0.8464380781127525,-0.8452773591834818,-0.0011607189065556307,ForecastPage,2
1718905581.5,1.657495,-0.8450727554769425,-0.8470182714086528,0.001945515954598992,ForecastPage,2
1718905581.75,1.656214,-0.8464380781127525,-0.8487552866046322,0.0023172085148904457,ForecastPage,2
1718905582.0,1.656214,-0.8464380781127525,-0.8504981692709624,0.0040600911812887965,ForecastPage,2
1718905582.25,1.653651,-0.8491697892100061,-0.8522557761864233,0.0030859869995093735,ForecastPage,2
1718905582.5,1.651088,-0.8519015003072595,-0.854035893047764,0.0021343927635558914,ForecastPage,2
1718905582.75,1.645963,-0.8573638566761332,-0.8558451070741315,-0.0015187495790425108,ForecastPage,2
1718905583.0,1.644681,-0.8587302451375763,-0.857688715987985,-0.0010415291267714308,ForecastPage,2
1718905583.25,1.644681,-0.8587302451375763,-0.8595706729159927,0.0008404278010549548,ForecastPage,2
1718905583.5,1.642118,-0.8614619562348299,-0.8614935659866725,3.160977426409136e-05,ForecastPage,2
1718905583.75,1.635711,-0.8682907010651469,-0.8634586307479846,-0.004832070294986261,ForecastPage,2
1718905584.0,1.638274,-0.8655589899678934,-0.8654657929920847,-9.319695389635278e-05,ForecastPage,2
1718905584.25,1.633149,-0.8710213463367673,-0.8675137391543127,-0.003507607160811599,ForecastPage,2
1718905584.5,1.630586,-0.8737530574340205,-0.8696000111430587,-0.004153046269579887,ForecastPage,2
1718905584.75,1.635711,-0.8682907010651469,-0.871721122245435,0.0034304212014308125,ForecastPage,2
1718905585.0,1.62546,-0.8792164796285276,-0.8738726906245606,-0.005343788983028358,ForecastPage,2
1718905585.25,1.62546,-0.8792164796285276,-0.8760495868581667,-0.003166892749580455,ForecastPage,2
1718905585.5,1.63443,-0.869656023700957,-0.8782460919451127,0.008590068264833162,ForecastPage,2
1718905585.75,1.622897,-0.8819481907257808,-0.8804560622081424,-0.001492128497001505,ForecastPage,2
1718905586.0,1.624179,-0.8805818022643376,-0.8826730975330995,0.002091295289426297,ForecastPage,2
1718905586.25,1.622897,-0.8819481907257808,-0.8848907093980977,0.0029425186930798364,ForecastPage,2
1718905586.5,1.617772,-0.8874105470946547,-0.8871024851609276,-0.0003080619127938788,ForecastPage,2
1718905586.75,1.617772,-0.8874105470946547,-0.8893022450987491,0.0018916980252667156,ForecastPage,2
1718905587.0,1.617772,-0.8874105470946547,-0.8914841887458006,0.004073641672620049,ForecastPage,2
1718905587.25,1.611365,-0.8942392919249718,-0.8936430271684894,-0.0005962647346530543,ForecastPage,2
1718905587.5,1.611365,-0.8942392919249718,-0.8957740979682264,0.001534806065480909,ForecastPage,2
1718905587.75,1.604958,-0.9010680367552886,-0.8978734600260491,-0.003194576706586413,ForecastPage,2
1718905588.0,1.603676,-0.9024344252167318,-0.8999379653146714,-0.002496459878963327,ForecastPage,2
1718905588.25,1.602395,-0.903799747852542,-0.9019653055161093,-0.0018344423128882604,ForecastPage,2
1718905588.5,1.60752,-0.8983373914836682,-0.9039540317034309,0.005616640243744749,ForecastPage,2
1718905588.75,1.595988,-0.9106284926828591,-0.9059035459719628,-0.004724946686498498,ForecastPage,2
1718905589.0,1.595988,-0.9106284926828591,-0.9078140646302711,-0.002814428027806525,ForecastPage,2
1718905589.25,1.592144,-0.9147255264159226,-0.9096865533748151,-0.005038973015983135,ForecastPage,2
1718905589.5,1.580611,-0.9270176934407465,-0.9115226357662846,-0.015495057649041178,ForecastPage,2
1718905589.75,1.571641,-0.9365781493683167,-0.9133244772899521,-0.023253672052698706,ForecastPage,2
1718905590.0,1.590862,-0.9160919148773659,-0.9150946482940957,-0.000997266557412663,ForecastPage,2
1718905590.25,1.590862,-0.9160919148773659,-0.9168359701130732,0.0007440552617013312,ForecastPage,2
1718905590.5,1.588299,-0.9188236259746193,-0.9185513496195042,-0.0002722763290386697,ForecastPage,2
1718905590.75,1.585736,-0.9215553370718725,-0.9202436082181078,-0.0013117288276571402,ForecastPage,2
1718905591.0,1.590862,-0.9160919148773659,-0.9219153118006547,0.005823396949380164,ForecastPage,2
1718905591.25,1.593425,-0.9133602037801124,-0.9235686083623103,0.010208404608230349,ForecastPage,2
1718905591.5,1.595988,-0.9106284926828591,-0.9252050798033673,0.01457658714644501,ForecastPage,2
1718905591.75,1.597269,-0.9092631700470488,-0.92682561390526,0.017562443884020944,ForecastPage,2
1718905592.0,1.589581,-0.9174572375131762,-0.9284303016004023,0.01097306411288362,ForecastPage,2
1718905592.25,1.587018,-0.9201889486104294,-0.9300183635061816,0.009829414921237773,ForecastPage,2
1718905592.5,1.578048,-0.9297494045379999,-0.9315881083499924,0.0018387038372943993,ForecastPage,2
1718905592.75,1.576767,-0.93111472717381,-0.9331369244832283,0.002022197334534225,ForecastPage,2
1718905593.0,1.571641,-0.9365781493683167,-0.9346613042820249,-0.0019168450613538928,ForecastPage,2
1718905593.25,1.567797,-0.9406751831013803,-0.9361568999621901,-0.004518283114413971,ForecastPage,2
1718905593.5,1.558827,-0.9502356390289509,-0.937618608269371,-0.012617030734942884,ForecastPage,2
1718905593.75,1.56139,-0.9475039279316975,-0.9390406806854547,-0.008463247221718935,ForecastPage,2
1718905594.0,1.567797,-0.9406751831013803,-0.9404168552290609,-0.00025832784788218117,ForecastPage,2
1718905594.25,1.567797,-0.9406751831013803,-0.9417405056025119,0.0010653225255085504,ForecastPage,2
1718905594.5,1.56139,-0.9475039279316975,-0.9430048033062913,-0.004499124601064895,ForecastPage,2
1718905594.75,1.571641,-0.9365781493683167,-0.9442028883496972,0.007624739005706949,ForecastPage,2
1718905595.0,1.565234,-0.9434068941986339,-0.9453280442835655,0.0019211501092616526,ForecastPage,2
1718905595.25,1.569078,-0.9393098604655703,-0.9463738734354701,0.007064012994248761,ForecastPage,2
1718905595.5,1.553701,-0.9556990612234576,-0.9473344684278548,-0.00836459277122167,ForecastPage,2
1718905595.75,1.55242,-0.957064383859268,-0.9482045763106439,-0.00885980752420133,ForecastPage,2
1718905596.0,1.549857,-0.9597960949565212,-0.9489797519581394,-0.010816342973910861,ForecastPage,2
1718905596.25,1.557545,-0.9516020274903941,-0.9496564977796358,-0.001945529686234966,MarketWaitPage,2
1718905596.5,1.558827,-0.9502356390289509,-0.9502323872703055,-3.251734067631455e-06,MarketWaitPage,2
1718905596.75,1.56139,-0.9475039279316975,-0.950706170453128,0.0032022425460610324,MarketWaitPage,2
1718905597.0,1.560108,-0.9488703163931406,-0.9510778597842181,0.0022075434157534973,MarketWaitPage,2
1718905597.25,1.562671,-0.9461386052958873,-0.9513487955628718,0.0052101902916918755,MarketWaitPage,2
1718905597.5,1.551138,-0.9584307723207112,-0.9515216902711635,-0.006909082024829401,MarketWaitPage,2
1718905597.75,1.549857,-0.9597960949565212,-0.9516006515560791,-0.008195443375739311,MarketWaitPage,2
1718905598.0,1.563952,-0.944773282660077,-0.9515911837662558,0.0068179011308349925,MarketWaitPage,2
1718905598.25,1.569078,-0.9393098604655703,-0.951500168074551,0.012190307633553851,MarketWaitPage,2
1718905598.5,1.569078,-0.9393098604655703,-0.9513358212581174,0.012025960816996712,MarketWaitPage,2
1718905598.75,1.553701,-0.9556990612234576,-0.9511076331650751,-0.004591428034100148,MarketWaitPage,2
1718905599.0,1.567797,-0.9406751831013803,-0.950826282777053,0.010151099699742608,MarketWaitPage,2
1718905599.25,1.567797,-0.9406751831013803,-0.9505035326102599,0.00982834953269208,MarketWaitPage,2
1718905599.5,1.571641,-0.9365781493683167,-0.9501521010372529,0.013573951692448523,MarketWaitPage,2
1718905599.75,1.567797,-0.9406751831013803,-0.9497855120193743,0.009110328941168078,MarketWaitPage,2
1718905600.0,1.540887,-0.9693565508840918,-0.9494179217801066,-0.019938629081181266,MarketWaitPage,2
1718905600.25,1.560108,-0.9488703163931406,-0.9490639221911866,0.00019360582045581105,MarketWaitPage,2
1718905600.5,1.53448,-0.9761852957144086,-0.9487383211568603,-0.027446974535546863,MarketWaitPage,2
1718905600.75,1.535761,-0.9748199730785985,-0.9484559011205488,-0.026364071936458743,MarketWaitPage,2
1718905601.0,1.535761,-0.9748199730785985,-0.9482311579920893,-0.026588815065317774,MarketWaitPage,2
1718905601.25,1.537043,-0.9734535846171554,-0.9480780242508785,-0.025375560345461377,MarketWaitPage,2
1718905601.5,1.54345,-0.9666248397868383,-0.9480095816047107,-0.018615258161653624,MarketWaitPage,2
1718905601.75,1.571641,-0.9365781493683167,-0.948037770204852,0.011459620856709728,MarketWaitPage,2
1718905602.0,1.575485,-0.9324811156352533,-0.9481731028296815,0.015691987214350316,MarketWaitPage,2
1718905602.25,1.581892,-0.9256523708049361,-0.9484243934462202,0.022772022661005455,MarketWaitPage,2
1718905602.5,1.583174,-0.924285982343493,-0.9487985099772102,0.024512527653292492,MarketWaitPage,2
1718905602.75,1.576767,-0.93111472717381,-0.9493001608581915,0.018185433703867035,MarketWaitPage,2
1718905603.0,1.571641,-0.9365781493683167,-0.9499317240804345,0.01335357473157065,MarketWaitPage,2
1718905603.25,1.57036,-0.9379434720041271,-0.95069312598535,0.012749654000699473,MarketWaitPage,2
1718905603.5,1.556264,-0.9529673501262041,-0.9515817752622961,-0.001385574844353546,MarketWaitPage,2
1718905603.75,1.55242,-0.957064383859268,-0.9525925555788617,-0.0044718282607208205,MarketWaitPage,2
1718905604.0,1.557545,-0.9516020274903941,-0.9537178782002319,0.002115850729705768,MarketWaitPage,2
1718905604.25,1.553701,-0.9556990612234576,-0.9549477939565584,-0.0007512672468009737,MarketWaitPage,2
1718905604.5,1.554983,-0.9543326727620145,-0.9562701620746613,0.0019374893330189298,MarketWaitPage,2
1718905604.75,1.548576,-0.9611614175923315,-0.957670871742239,-0.0034905458294080417,MarketWaitPage,2
1718905605.0,1.546013,-0.9638931286895848,-0.9591341108310534,-0.004759017837501396,MarketWaitPage,2
1718905605.25,1.56139,-0.9475039279316975,-0.960642674970671,0.013138747060375973,MarketWaitPage,2
1718905605.5,1.56139,-0.9475039279316975,-0.9621783091336543,0.014674381223751684,MarketWaitPage,2
1718905605.75,1.547294,-0.9625278060537747,-0.9637220730649706,0.0011942670333962885,MarketWaitPage,2
1718905606.0,1.54345,-0.9666248397868383,-0.9652547212695084,-0.001370118494715999,MarketWaitPage,2
1718905606.25,1.535761,-0.9748199730785985,-0.9667570878877996,-0.008062885167769342,MarketWaitPage,2
1718905606.5,1.53448,-0.9761852957144086,-0.9682104666873823,-0.007974829003583478,MarketWaitPage,2
1718905606.75,1.53448,-0.9761852957144086,-0.9695969766247964,-0.006588319065763363,MarketWaitPage,2
1718905607.0,1.531917,-0.978917006811662,-0.9708999040185406,-0.008017102768877626,MarketWaitPage,2
1718905607.25,1.537043,-0.9734535846171554,-0.9721040133089663,-0.0013495712835663101,MarketWaitPage,2
1718905607.5,1.540887,-0.9693565508840918,-0.9731958196284916,0.00383926876938071,MarketWaitPage,2
1718905607.75,1.515259,-0.9966715302053598,-0.9741638179096178,-0.022507712270428325,MarketWaitPage,2
1718905608.0,1.498601,-1.0144260535990572,-0.9749986649617913,-0.03942738861165017,MarketWaitPage,2
1718905608.25,1.507571,-1.0048655976714869,-0.9756933127965247,-0.029172284849079383,MarketWaitPage,2
1718905608.5,1.535761,-0.9748199730785985,-0.9762430934076146,0.001423120355127653,MarketWaitPage,2
1718905608.75,1.54345,-0.9666248397868383,-0.9766457571157335,0.010020917355195311,MarketWaitPage,2
1718905609.0,1.544731,-0.965259517151028,-0.9769014683085592,0.01164195118397985,MarketWaitPage,2
1718905609.25,1.546013,-0.9638931286895848,-0.9770127637691041,0.013119635106077256,MarketWaitPage,2
1718905609.5,1.548576,-0.9611614175923315,-0.976984479640078,0.015823062074375487,MarketWaitPage,2
1718905609.75,1.542169,-0.9679901624226486,-0.9768236533551728,0.008833490959188575,MarketWaitPage,2
1718905610.0,1.544731,-0.965259517151028,-0.9765394065987841,0.011279889474422678,MarketWaitPage,2
1718905610.25,1.547294,-0.9625278060537747,-0.9761428146127964,0.01361500858566079,MarketWaitPage,2
1718905610.5,1.547294,-0.9625278060537747,-0.9756467660595745,0.013118960032386157,MarketWaitPage,2
1718905610.75,1.547294,-0.9625278060537747,-0.9750658162885418,0.012538010261280184,MarketWaitPage,2
1718905611.0,1.538324,-0.972088261981345,-0.9744160353533771,0.002327773398457203,MarketWaitPage,2
1718905611.25,1.539606,-0.9707218735199018,-0.9737148506003894,0.0029929771068169953,MarketWaitPage,2
1718905611.5,1.544731,-0.965259517151028,-0.972980882206507,0.0077213650817118396,MarketWaitPage,2
1718905611.75,1.548576,-0.9611614175923315,-0.9722337687898512,0.011072351223662034,MarketWaitPage,2
1718905612.0,1.539606,-0.9707218735199018,-0.9714939792333835,0.0007721057395465979,MarketWaitPage,2
1718905612.25,1.530636,-0.9802823294474722,-0.9707826062216963,-0.009499723199770474,MarketWaitPage,2
1718905612.5,1.522947,-0.9884774627392324,-0.9701211367506322,-0.018356325962632477,MarketWaitPage,2
1718905612.75,1.52551,-0.9857457516419791,-0.9695311950778639,-0.0162145565381592,MarketWaitPage,2
1718905613.0,1.537043,-0.9734535846171554,-0.9690342542676046,-0.004419330323577397,MarketWaitPage,2
1718905613.25,1.529354,-0.9816487179089153,-0.9686513136317569,-0.012997404251135963,MarketWaitPage,2
1718905613.5,1.520385,-0.9912081080108528,-0.9684025409222116,-0.022805567062536804,MarketWaitPage,2
1718905613.75,1.546013,-0.9638931286895848,-0.9683068799871658,0.004413751323799182,MarketWaitPage,2
1718905614.0,1.53448,-0.9761852957144086,-0.9683816266551597,-0.007803669032889301,MarketWaitPage,2
1718905614.25,1.524229,-0.9871110742777892,-0.9686419777401164,-0.01846909651115059,MarketWaitPage,2
1718905614.5,1.538324,-0.972088261981345,-0.9691005601608239,-0.0029877017938250133,MarketWaitPage,2
1718905614.75,1.548576,-0.9611614175923315,-0.9697669491406217,0.008605531575158823,MarketWaitPage,2
1718905615.0,1.546013,-0.9638931286895848,-0.9706471862108456,0.0067540575482872844,MarketWaitPage,2
1718905615.25,1.54345,-0.9666248397868383,-0.9717433092100832,0.00511846945040039,MarketWaitPage,2
1718905615.5,1.529354,-0.9816487179089153,-0.9730529075942217,-0.00859581028745093,MarketWaitPage,2
1718905615.75,1.521666,-0.9898427853750427,-0.9745687171235393,-0.015274068224227102,MarketWaitPage,2
1718905616.0,1.529354,-0.9816487179089153,-0.9762782683770919,-0.0053704495045755534,MarketWaitPage,2
1718905616.25,1.537043,-0.9734535846171554,-0.9781636035755417,0.0047100189855394095,MarketWaitPage,2
1718905616.5,1.537043,-0.9734535846171554,-0.980201075867599,0.006747491277433725,MarketWaitPage,2
1718905616.75,1.535761,-0.9748199730785985,-0.9823612445204415,0.007541271468603892,MarketWaitPage,2
1718905617.0,1.524229,-0.9871110742777892,-0.9846088783067198,-0.0025021959445978795,MarketWaitPage,2
1718905617.25,1.52551,-0.9857457516419791,-0.9869030777711284,0.001157326155280699,MarketWaitPage,2
1718905617.5,1.531917,-0.978917006811662,-0.9891975249892031,0.010280518203292979,MarketWaitPage,2
1718905617.75,1.535761,-0.9748199730785985,-0.9914408669248959,0.016620893871643658,MarketWaitPage,2
1718905618.0,1.531917,-0.978917006811662,-0.9935772355856399,0.01466022879890554,MarketWaitPage,2
1718905618.25,1.526792,-0.984379363180536,-0.9955469049031523,0.011167541747124775,MarketWaitPage,2
1718905618.5,1.530636,-0.9802823294474722,-0.9972870806894423,0.0170047512660684,MarketWaitPage,2
1718905618.75,1.531917,-0.978917006811662,-0.9987328162114303,0.019815809423472348,MarketWaitPage,2
1718905619.0,1.535761,-0.9748199730785985,-0.9998180420023762,0.024998068947107027,MarketWaitPage,2
1718905619.25,1.528073,-0.9830140405447256,-1.0004766946115906,0.0174626540898406,MarketWaitPage,2
1718905619.5,1.51654,-0.9953062075695495,-1.0006439252279995,0.005337717681094202,MarketWaitPage,2
1718905619.75,1.510133,-1.0021349523998666,-1.000257365655214,-0.0018775867223186395,MarketWaitPage,2
1718905620.0,1.515259,-0.9966715302053598,-0.9992584261327525,0.00258689594943652,MarketWaitPage,2
1718905620.25,1.499882,-1.0130607309632471,-0.9975935971486268,-0.015467133792848168,MarketWaitPage,2
1718905620.5,1.490912,-1.0226211868908175,-0.9952157257979707,-0.027405461071328737,MarketWaitPage,2
1718905620.75,1.528073,-0.9830140405447256,-0.9920852364840674,0.009071195960622266,MarketWaitPage,2
1718905621.0,1.53448,-0.9761852957144086,-0.9881712658469671,0.0119859701536147,MarketWaitPage,2
1718905621.25,1.510133,-1.0021349523998666,-0.9834526827037425,-0.01868226967528332,MarketWaitPage,2
1718905621.5,1.515259,-0.9966715302053598,-0.9779189654251906,-0.018752564759538855,MarketWaitPage,2
1718905621.75,1.531917,-0.978917006811662,-0.9715709114876049,-0.007346095303634554,MarketWaitPage,2
1718905622.0,1.519103,-0.992574496472296,-0.964421156871407,-0.02815333958067106,MarketWaitPage,2
1718905622.25,1.556264,-0.9529673501262041,-0.9564944864778944,0.003527136371710163,MarketWaitPage,2
1718905622.5,1.574204,-0.9338464382710635,-0.9478279207234148,0.013981482472183126,MarketWaitPage,2
1718905622.75,1.583174,-0.924285982343493,-0.9384705678402524,0.014184585516416949,MarketWaitPage,2
1718905623.0,1.571641,-0.9365781493683167,-0.9284832360545994,-0.0080949132942173,MarketWaitPage,2
1718905623.25,1.571641,-0.9365781493683167,-0.9179378046453874,-0.018640344703567357,MarketWaitPage,2
1718905623.5,1.589581,-0.9174572375131762,-0.9069163578875279,-0.01054087960640435,MarketWaitPage,2
1718905623.75,1.584455,-0.9229206597076829,-0.8955100910618666,-0.02741056862667058,MarketWaitPage,2
1718905624.0,1.588299,-0.9188236259746193,-0.8838180030797127,-0.0350056228758397,MarketWaitPage,2
1718905624.25,1.603676,-0.9024344252167318,-0.8719453957828586,-0.030489029414865084,MarketWaitPage,2
1718905624.5,1.611365,-0.8942392919249718,-0.860002205535965,-0.034237086370035946,MarketWaitPage,2
1718905624.75,1.603676,-0.9024344252167318,-0.8481011981584925,-0.054333227039281375,MarketWaitPage,2
1718905625.0,1.647244,-0.8559985340403231,-0.8363560633230313,-0.01964247069831957,MarketWaitPage,2
1718905625.25,1.693375,-0.8068309317666608,-0.8248794490034721,0.018048517255828914,MarketWaitPage,2
1718905625.5,1.733098,-0.7644931401489485,-0.8137809800858767,0.049287839956023156,MarketWaitPage,2
1718905625.75,1.708752,-0.7904417310087734,-0.8031653075559322,0.012723576566363118,MarketWaitPage,2
1718905626.0,1.683123,-0.8177577761556745,-0.7931302355121431,-0.02462754062418744,MarketWaitPage,2
1718905626.25,1.715159,-0.7836129861784563,-0.7837649725123031,0.00015198635335795727,RoundResultsPage,2
1718905626.5,1.762571,-0.733080061268984,-0.7751485514681516,0.042068490218869464,RoundResultsPage,2
1718905626.75,1.777948,-0.7166908605110965,-0.7673484585618526,0.05065759807066615,RoundResultsPage,2
1718905627.0,1.78948,-0.7043997593119058,-0.7604195065734457,0.05601974728166903,RoundResultsPage,2
1718905627.25,1.767696,-0.7276177049001102,-0.7544029816799834,0.026785276800223606,RoundResultsPage,2
1718905627.5,1.779229,-0.7153255378752864,-0.7493260853651832,0.03400054751046075,RoundResultsPage,2
1718905627.75,1.775385,-0.71942257160835,-0.7452016848155657,0.025779113227976335,RoundResultsPage,2
1718905628.0,1.772822,-0.7221542827056036,-0.7420283764168433,0.01987409373217256,RoundResultsPage,2
1718905628.25,1.780511,-0.7139591494138433,-0.7397908580735116,0.025831708680741586,RoundResultsPage,2
1718905628.5,1.774103,-0.7207889600697932,-0.7384605974004118,0.01767163735179401,RoundResultsPage,2
1718905628.75,1.763852,-0.7317147386331738,-0.7379967746761269,0.006282036064187653,RoundResultsPage,2
1718905629.0,1.756164,-0.739908806099301,-0.7383474720601919,-0.0015613340178603332,RoundResultsPage,2
1718905629.25,1.752319,-0.7440069056579977,-0.7394510741791664,-0.00455583145761302,RoundResultsPage,2
1718905629.5,1.757445,-0.7385434834634909,-0.7412378399628291,0.0026943565204830718,RoundResultsPage,2
1718905629.75,1.756164,-0.739908806099301,-0.7436316016955465,0.0037227956172775495,RoundResultsPage,2
1718905630.0,1.760008,-0.7358117723662374,-0.7465515447201564,0.010739772374803877,RoundResultsPage,2
1718905630.25,1.731817,-0.7658584627847589,-0.7499140201294858,-0.01594444263456286,RoundResultsPage,2
1718905630.5,1.70747,-0.7918081194702166,-0.7536343431189434,-0.038173776330757164,RoundResultsPage,2
1718905630.75,1.699782,-0.800002186936344,-0.7576285314611275,-0.04237365545490529,RoundResultsPage,2
1718905631.0,1.68953,-0.8109290313253574,-0.761814941792051,-0.04911408951320294,RoundResultsPage,2
1718905631.25,1.679279,-0.821854809888738,-0.7661157660065284,-0.05573904386230915,RoundResultsPage,2
1718905631.5,1.693375,-0.8068309317666608,-0.7704583558911896,-0.03637257585576292,RoundResultsPage,2
1718905631.75,1.702345,-0.7972704758390905,-0.7747763509114638,-0.022494124908094257,RoundResultsPage,2
1718905632.0,1.703626,-0.7959051532032801,-0.7790105914584966,-0.01689456172540478,RoundResultsPage,2
1718905632.25,1.708752,-0.7904417310087734,-0.7831098074547069,-0.007331923534814461,RoundResultsPage,2
1718905632.5,1.704907,-0.79453983056747,-0.7870310796252008,-0.007508750923113053,RoundResultsPage,2
1718905632.75,1.711314,-0.787711085737153,-0.7907400776362994,0.0030289919182404576,RoundResultsPage,2
1718905633.0,1.713877,-0.7849793746398995,-0.7942110854322615,0.009231710811428918,RoundResultsPage,2
1718905633.25,1.710033,-0.7890764083729633,-0.7974268292974042,0.008350420943515739,RoundResultsPage,2
1718905633.5,1.719003,-0.7795159524453927,-0.8003781283326662,0.020862175906390765,RoundResultsPage,2
1718905633.75,1.713877,-0.7849793746398995,-0.8030633901217897,0.018084015501082275,RoundResultsPage,2
1718905634.0,1.711314,-0.787711085737153,-0.8054879763851408,0.017776890667284117,RoundResultsPage,2
1718905634.25,1.704907,-0.79453983056747,-0.8076634644407691,0.01312363389272551,RoundResultsPage,2
1718905634.5,1.703626,-0.7959051532032801,-0.8096068304172154,0.013701677233513156,RoundResultsPage,2
1718905634.75,1.697219,-0.8027338980335972,-0.8113395795261139,0.008605681512263319,RoundResultsPage,2
1718905635.0,1.6985,-0.8013685753977872,-0.8128868474543219,0.011518272076462652,RoundResultsPage,2
1718905635.25,1.693375,-0.8068309317666608,-0.8142764952224844,0.007445563475940366,RoundResultsPage,2
1718905635.5,1.692093,-0.808197320228104,-0.8155382178141037,0.007340897606309311,RoundResultsPage,2
1718905635.75,1.686968,-0.8136596765969778,-0.816702684624612,0.003043008048137518,RoundResultsPage,2
1718905636.0,1.671591,-0.8300488773548652,-0.817800727416488,-0.012248149917680862,RoundResultsPage,2
1718905636.25,1.676716,-0.8245865209859913,-0.8188625890816156,-0.0057239318834877186,RoundResultsPage,2
1718905636.5,1.681842,-0.8191230987914846,-0.8199172441732069,0.0007941454028009189,RoundResultsPage,2
1718905636.75,1.684405,-0.8163913876942314,-0.8209917999155544,0.0046004122425918805,RoundResultsPage,2
1718905637.0,1.680561,-0.8204884214272948,-0.8221109842364832,0.001622562830647178,RoundResultsPage,2
1718905637.25,1.683123,-0.8177577761556745,-0.8232967252765592,0.00553894914253396,RiskPage1,2
1718905637.5,1.684405,-0.8163913876942314,-0.8245678247891892,0.00817643711679898,RiskPage1,2
1718905637.75,1.681842,-0.8191230987914846,-0.8259397258498382,0.006816627080389567,RiskPage1,2
1718905638.0,1.679279,-0.821854809888738,-0.8274243733550279,0.005569563488524423,RiskPage1,2
1718905638.25,1.669028,-0.8327805884521187,-0.8290301639453573,-0.0037504244843252514,RiskPage1,2
1718905638.5,1.672872,-0.8286835547190551,-0.8307619802771264,0.0020784255807106385,RiskPage1,2
1718905638.75,1.667747,-0.8341459110879288,-0.8326213030451133,-0.0015246080199725698,RiskPage1,2
1718905639.0,1.666465,-0.8355122995493719,-0.8346063928703656,-0.0009059066559608643,RiskPage1,2
1718905639.25,1.662621,-0.8396093332824357,-0.8367125331431465,-0.002896800116043376,RiskPage1,2
1718905639.5,1.660058,-0.842341044379689,-0.838932324167444,-0.0034087201888014004,RiskPage1,2
1718905639.75,1.657495,-0.8450727554769425,-0.8412560184915436,-0.003816736961759966,RiskPage1,2
1718905640.0,1.654932,-0.8478044665741957,-0.8436718871217467,-0.004132579428617653,RiskPage1,2
1718905640.25,1.651088,-0.8519015003072595,-0.8461666063884201,-0.005734893894819609,RiskPage1,2
1718905640.5,1.649807,-0.8532668229430697,-0.848725655542743,-0.0045411673761246215,RiskPage1,2
1718905640.75,1.648525,-0.8546332114045128,-0.8513337156792941,-0.0032994957008432076,RiskPage1,2
1718905641.0,1.648525,-0.8546332114045128,-0.8539750612686993,-0.0006581501112772423,RiskPage1,2
1718905641.25,1.6434,-0.8600955677733867,-0.8566339364067168,-0.0034616313419917107,RiskPage1,2
1718905641.5,1.6434,-0.8600955677733867,-0.8592949088015471,-0.0008006589470460519,RiskPage1,2
1718905641.75,1.639556,-0.8641926015064503,-0.8619431954934371,-0.0022494059881392773,RiskPage1,2
1718905642.0,1.638274,-0.8655589899678934,-0.8645649552995819,-0.000994034643400565,RiskPage1,2
1718905642.25,1.636993,-0.8669243126037037,-0.8671475439788378,0.00022323140003172384,RiskPage2,2
1718905642.5,1.635711,-0.8682907010651469,-0.8696797290952344,0.0013890280549167197,RiskPage2,2
1718905642.75,1.631867,-0.8723877347982105,-0.8721518625105272,-0.00023587226298101677,RiskPage2,2
1718905643.0,1.630586,-0.8737530574340205,-0.8745560093418583,0.0008029519323545314,RiskPage2,2
1718905643.25,1.62546,-0.8792164796285276,-0.8768860330739255,-0.0023304465303272356,RiskPage2,2
1718905643.5,1.62546,-0.8792164796285276,-0.8791376373139035,-7.884229064330302e-05,RiskPage2,2
1718905643.75,1.624179,-0.8805818022643376,-0.8813083654226981,0.0007265631820016667,RiskPage2,2
1718905644.0,1.624179,-0.8805818022643376,-0.8833975599487344,0.002815757707661264,RiskPage2,2
1718905644.25,1.615209,-0.8901422581919082,-0.8854062844292334,-0.004735973739814615,RiskPage2,2
1718905644.5,1.613927,-0.8915086466533514,-0.8873372107066578,-0.004171435924255276,RiskPage2,2
1718905644.75,1.61649,-0.8887769355560978,-0.8891944754331262,0.0004175398990374688,RiskPage2,2
1718905645.0,1.61649,-0.8887769355560978,-0.8909835099009524,0.002206574366438509,RiskPage2,2
1718905645.25,1.612646,-0.8928739692891614,-0.8927108477366894,-0.0001631215312969973,RiskPage2,2
1718905645.5,1.612646,-0.8928739692891614,-0.8943839153175913,0.0015099460492243528,RiskPage2,2
1718905645.75,1.606239,-0.8997027141194784,-0.8960108100011961,-0.003691904097827617,RiskPage2,2
1718905646.0,1.606239,-0.8997027141194784,-0.8976000713941065,-0.0021026427052046057,RiskPage2,2
1718905646.25,1.603676,-0.9024344252167318,-0.8991604509242265,-0.0032739742725610473,RiskPage2,2
1718905646.5,1.610083,-0.8956056803864149,-0.9007006849216335,0.005095004555015803,RiskPage2,2
1718905646.75,1.60752,-0.8983373914836682,-0.9022292762520255,0.0038918847880935596,RiskPage2,2
1718905647.0,1.606239,-0.8997027141194784,-0.9037542892733038,0.004051575173594063,RiskPage2,2
1718905647.25,1.603676,-0.9024344252167318,-0.9052831624915052,0.0028487372946715424,RiskPage2,2
1718905647.5,1.603676,-0.9024344252167318,-0.9068225427780168,0.004388117581409696,RiskPage2,2
1718905647.75,1.597269,-0.9092631700470488,-0.9083781443909756,-0.0008850256356290201,RiskPage2,2
1718905648.0,1.597269,-0.9092631700470488,-0.9099546353465161,0.0006914653203162892,RiskPage2,2
1718905648.25,1.595988,-0.9106284926828591,-0.9115555529408012,0.0009270602792712452,RiskPage3,2
1718905648.5,1.597269,-0.9092631700470488,-0.9131832494597283,0.003920079434550761,RiskPage3,2
1718905648.75,1.593425,-0.9133602037801124,-0.9148388683516513,0.0014786645939993883,RiskPage3,2
1718905649.0,1.593425,-0.9133602037801124,-0.9165223503950629,0.00316214663803162,RiskPage3,2
1718905649.25,1.588299,-0.9188236259746193,-0.918232468681161,-0.0005911572697404987,RiskPage3,2
1718905649.5,1.587018,-0.9201889486104294,-0.9199668905655204,-0.00022205802055389604,RiskPage3,2
1718905649.75,1.584455,-0.9229206597076829,-0.9217222641413263,-0.001198395541378144,RiskPage3,2
1718905650.0,1.585736,-0.9215553370718725,-0.9234943262661894,0.0019389892198895873,RiskPage3,2
1718905650.25,1.583174,-0.924285982343493,-0.925278028748575,0.0009920464312068687,RiskPage3,2
1718905650.5,1.583174,-0.924285982343493,-0.9270676789755554,0.0027816966586854085,RiskPage3,2
1718905650.75,1.572922,-0.9352128267325067,-0.9288570910441257,-0.006355735661325526,RiskPage3,2
1718905651.0,1.576767,-0.93111472717381,-0.9306397433467267,-0.00047498379967169735,RiskPage3,2
1718905651.25,1.576767,-0.93111472717381,-0.932408938562169,0.0012942114160415467,RiskPage3,2
1718905651.5,1.567797,-0.9406751831013803,-0.9341579621186479,-0.006517220954871072,RiskPage3,2
1718905651.75,1.57036,-0.9379434720041271,-0.9358802354231045,-0.0020632365530798163,RiskPage3,2
1718905652.0,1.57036,-0.9379434720041271,-0.9375694604809585,-0.0003740114952437649,RiskPage3,2
1718905652.25,1.565234,-0.9434068941986339,-0.9392197529470018,-0.0041871412238234556,RiskPage3,2
1718905652.5,1.566515,-0.9420415715628235,-0.9408257611330738,-0.001215810402150577,RiskPage3,2
1718905652.75,1.565234,-0.9434068941986339,-0.9423827690294848,-0.0010241251418447888,RiskPage3,2
1718905653.0,1.563952,-0.944773282660077,-0.9438867819525653,-0.0008865006805770922,RiskPage3,2
1718905653.25,1.563952,-0.944773282660077,-0.9453345939888447,0.0005613113552699034,RiskPage4,2
1718905653.5,1.562671,-0.9461386052958873,-0.9467238369482931,0.0005852316784261988,RiskPage4,2
1718905653.75,1.560108,-0.9488703163931406,-0.9480530110494921,-0.0008173053181433644,RiskPage4,2
1718905654.0,1.560108,-0.9488703163931406,-0.9493214980279677,0.00045118165980027127,RiskPage4,2
1718905654.25,1.556264,-0.9529673501262041,-0.9505295577795025,-0.00243779232225937,RiskPage4,2
1718905654.5,1.556264,-0.9529673501262041,-0.9516783100208343,-0.001289040081442126,RiskPage4,2
1718905654.75,1.55242,-0.957064383859268,-0.9527697027693676,-0.004294681066457873,RiskPage4,2
1718905655.0,1.554983,-0.9543326727620145,-0.9538064697080667,-0.0005262030309499767,RiskPage4,2
1718905655.25,1.553701,-0.9556990612234576,-0.9547920787038959,-0.0009069824969579893,RiskPage4,2
1718905655.5,1.55242,-0.957064383859268,-0.955730673875207,-0.0013337099617906762,RiskPage4,2
1718905655.75,1.554983,-0.9543326727620145,-0.9566270136386676,0.0022943408986589274,RiskPage4,2
1718905656.0,1.55242,-0.957064383859268,-0.9574864070924439,0.0004220232549925723,RiskPage4,2
1718905656.25,1.553701,-0.9556990612234576,-0.9583146508954177,0.0026155896936674848,RiskPage4,2
1718905656.5,1.556264,-0.9529673501262041,-0.959117968474102,0.006150618369577156,RiskPage4,2
1718905656.75,1.551138,-0.9584307723207112,-0.9599029529288494,0.0014721806298684608,RiskPage4,2
1718905657.0,1.556264,-0.9529673501262041,-0.9606765144264328,0.007709164322084228,RiskPage4,2
1718905657.25,1.553701,-0.9556990612234576,-0.9614458321736545,0.005746770972243182,RiskPage4,2
1718905657.5,1.55242,-0.957064383859268,-0.9622183102921079,0.005153926455129429,RiskPage4,2
1718905657.75,1.55242,-0.957064383859268,-0.9630015360921433,0.005937152255445959,RiskPage4,2
1718905658.0,1.549857,-0.9597960949565212,-0.963803238416592,0.004007143482945737,RiskPage4,2
1718905658.25,1.546013,-0.9638931286895848,-0.9646312429397113,0.0007381142733145236,PreMarketWait,3
1718905658.5,1.546013,-0.9638931286895848,-0.9654934206145743,0.0016002919484870677,PreMarketWait,3
1718905658.75,1.542169,-0.9679901624226486,-0.9663976249113776,-0.0015925374874782333,PreMarketWait,3
1718905659.0,1.544731,-0.965259517151028,-0.9673516131220363,0.002092095995072691,PreMarketWait,3
1718905659.25,1.544731,-0.965259517151028,-0.9683629468550059,0.0031034297282814555,PreMarketWait,3
1718905659.5,1.537043,-0.9734535846171554,-0.9694388669294924,-0.004014717663159344,PreMarketWait,3
1718905659.75,1.533199,-0.977550618350219,-0.9705861382126239,-0.006964480112934841,PreMarketWait,3
1718905660.0,1.53448,-0.9761852957144086,-0.9718108605342589,-0.00437443515537842,PreMarketWait,3
1718905660.25,1.533199,-0.977550618350219,-0.9731182426643983,-0.0044323756609858656,PreMarketWait,3
1718905660.5,1.531917,-0.978917006811662,-0.974512337440252,-0.004404669346560001,PreMarketWait,3
1718905660.75,1.531917,-0.978917006811662,-0.9759957374620316,-0.0029212693248129107,PreMarketWait,3
1718905661.0,1.52551,-0.9857457516419791,-0.977569232303557,-0.008176519313683123,PreMarketWait,3
1718905661.25,1.526792,-0.984379363180536,-0.9792314298641543,-0.005147933291764435,PreMarketWait,3
1718905661.5,1.526792,-0.984379363180536,-0.9809783462790904,-0.003401016876990768,PreMarketWait,3
1718905661.75,1.522947,-0.9884774627392324,-0.9828029706633226,-0.005674492051656906,PreMarketWait,3
1718905662.0,1.521666,-0.9898427853750427,-0.9846948128419448,-0.005147972509084905,PreMarketWait,3
1718905662.25,1.515259,-0.9966715302053598,-0.9866394440724412,-0.010032086109183916,PreMarketWait,3
1718905662.5,1.515259,-0.9966715302053598,-0.9886180425399634,-0.008053487641977998,PreMarketWait,3
1718905662.75,1.517822,-0.9939398191081062,-0.9906069570577,-0.003332862027342522,PreMarketWait,3
1718905663.0,1.515259,-0.9966715302053598,-0.9925773038766841,-0.0040942263060038935,PreMarketWait,3
1718905663.25,1.513978,-0.9980368528411698,-0.9944946127440135,-0.0035422400749108383,PreMarketWait,3
1718905663.5,1.511415,-1.0007685639384234,-0.9963185392832647,-0.004450024633370292,PreMarketWait,3
1718905663.75,1.508852,-1.0035002750356765,-0.9980026613470749,-0.005497613667296948,PreMarketWait,3
1718905664.0,1.510133,-1.0021349523998666,-0.999494377158678,-0.002640575220390054,PreMarketWait,3
1718905664.25,1.503726,-1.0089636972301836,-1.0007349227731466,-0.00822877443676256,PreMarketWait,3
1718905664.5,1.487068,-1.026718220623881,-1.0016595256097316,-0.025058694994411008,PreMarketWait,3
1718905664.75,1.499882,-1.0130607309632471,-1.002197709491155,-0.010863021452894993,PreMarketWait,3
1718905665.0,1.521666,-0.9898427853750427,-1.0022737647216968,0.012430979365313798,PreMarketWait,3
1718905665.25,1.529354,-0.9816487179089153,-1.0018073941738,0.020158676283019712,PreMarketWait,3
1718905665.5,1.542169,-0.9679901624226486,-1.0007145430479178,0.03272438064290202,PreMarketWait,3
1718905665.75,1.546013,-0.9638931286895848,-0.9989084158479138,0.035015287175488644,PreMarketWait,3
1718905666.0,1.546013,-0.9638931286895848,-0.9963006791536856,0.03240755048082089,PreMarketWait,3
1718905666.25,1.56139,-0.9475039279316975,-0.9928028430426603,0.045298915127280986,PreMarketWait,3
1718905666.5,1.562671,-0.9461386052958873,-0.9883278076783145,0.04218920239838542,PreMarketWait,3
1718905666.75,1.563952,-0.944773282660077,-0.982791554892746,0.03801827224831419,PreMarketWait,3
1718905667.0,1.556264,-0.9529673501262041,-0.9761149578431854,0.023147607732364777,PreMarketWait,3
1718905667.25,1.546013,-0.9638931286895848,-0.9682256753564148,0.004332546682005549,PreMarketWait,3
1718905667.5,1.535761,-0.9748199730785985,-0.9590600917422563,-0.01575988132132091,PreMarketWait,3
1718905667.75,1.547294,-0.9625278060537747,-0.9485652579925856,-0.013962548046268787,PreMarketWait,3
1718905668.0,1.548576,-0.9611614175923315,-0.9367007866612623,-0.024460630916198406,PreMarketWait,3
1718905668.25,1.553701,-0.9556990612234576,-0.9234406505197216,-0.03225841068886689,PreMarketWait,3
1718905668.5,1.569078,-0.9393098604655703,-0.9087748343616504,-0.03053502608900971,PreMarketWait,3
1718905668.75,1.598551,-0.9078967815856056,-0.8927107900357895,-0.015185991534829215,PreMarketWait,3
1718905669.0,1.639556,-0.8641926015064503,-0.8752746467783562,0.011082045286998264,PreMarketWait,3
1718905669.25,1.674154,-0.827317166257612,-0.856512131999839,0.02919496575744618,PreMarketWait,3
1718905669.5,1.719003,-0.7795159524453927,-0.8364891616455173,0.0569732092154845,PreMarketWait,3
1718905669.75,1.72541,-0.7726872076150757,-0.8152920639298569,0.04260485633028891,PreMarketWait,3
1718905670.0,1.726691,-0.7713218849792656,-0.7930274055824207,0.02170552061881164,PreMarketWait,3
1718905670.25,1.717721,-0.780882340906836,-0.7698213958220933,-0.011060945068942486,PreMarketWait,3
1718905670.5,1.692093,-0.808197320228104,-0.7458188503162418,-0.06237846989592927,PreMarketWait,3
1718905670.75,1.706189,-0.7931734421060269,-0.7211817056659696,-0.07199173642400665,PreMarketWait,3
1718905671.0,1.760008,-0.7358117723662374,-0.6960870847265749,-0.03972468762351214,PreMarketWait,3
1718905671.25,1.770259,-0.7248859938028568,-0.6707249244072463,-0.05416106937938074,PreMarketWait,3
1718905671.5,1.763852,-0.7317147386331738,-0.6452951903646016,-0.08641954825228487,PreMarketWait,3
1718905671.75,1.801013,-0.6921075922870821,-0.620004716881054,-0.072102875389707,PreMarketWait,3
1718905672.0,1.81639,-0.6757183915291947,-0.5950637247394854,-0.08065466677337958,PreMarketWait,3
1718905672.25,1.821516,-0.6702549693346879,-0.5706820845347417,-0.09957288478363395,PreMarketWait,3
1718905672.5,1.776666,-0.7180572489725398,-0.547065407006324,-0.1709918419499476,PreMarketWait,3
1718905672.75,1.903526,-0.582846609176377,-0.5244110549710714,-0.05843555418910888,PreMarketWait,3
1718905673.0,1.903526,-0.582846609176377,-0.5029041825262651,-0.07994242663401332,PreMarketWait,3
1718905673.25,1.958626,-0.5241196168007773,-0.48271391552871884,-0.0414057012560826,PreMarketWait,3
1718905673.5,2.081641,-0.39300707656331124,-0.46398979200400753,0.07098271545652803,PreMarketWait,3
1718905673.75,2.154682,-0.3151581065069375,-0.446858581183717,0.13170047469244855,PreMarketWait,3
1718905674.0,2.191843,-0.27555096016084596,-0.4314215945406685,0.1558706343953135,PreMarketWait,3
1718905674.25,2.272571,-0.18950898846397815,-0.4177525910297217,0.2282436025810438,PreMarketWait,3
1718905674.5,2.311013,-0.14853651948207627,-0.40589636171999394,0.2573598422530164,PreMarketWait,3
1718905674.75,2.281541,-0.17994853253640808,-0.3958680566207704,0.21591952409925014,PreMarketWait,3
1718905675.0,2.225159,-0.24004191337345057,-0.38765328978624675,0.147611376427465,PreMarketWait,3
1718905675.25,2.186717,-0.2810143823553529,-0.38120902921811456,0.10019464687720481,PreMarketWait,3
1718905675.5,2.1534,-0.3165244949683809,-0.3764652474605456,0.05994075250637698,PreMarketWait,3
1718905675.75,2.125209,-0.3465711853869024,-0.3733272789799304,0.026756093607005302,PreMarketWait,3
1718905676.0,2.091893,-0.38208023217429776,-0.3716788031760222,-0.010401428984536332,PreMarketWait,3
1718905676.25,2.07139,-0.40393285512669164,-0.3713853485921712,-0.032547506521021605,PreMarketWait,3
1718905676.5,2.047043,-0.4298825118121496,-0.3722981955932091,-0.05758431620568325,PreMarketWait,3
1718905676.75,2.035511,-0.4421736130113403,-0.374258542086028,-0.06791507091229682,PreMarketWait,3
1718905677.0,2.031667,-0.44627064674440386,-0.37710179005245864,-0.06916885667917105,PreMarketWait,3
1718905677.25,2.023978,-0.45446578003616406,-0.38066180973597247,-0.07380397028765863,PreMarketWait,3
1718905677.5,2.01629,-0.4626598475022912,-0.38477504302230325,-0.07788480446769629,PreMarketWait,3
1718905677.75,1.98938,-0.49134121528500263,-0.38928431744666797,-0.10205689782628434,PreMarketWait,3
1718905678.0,2.01629,-0.4626598475022912,-0.3940422567886444,-0.06861759070183751,PreMarketWait,3
1718905678.25,1.900963,-0.5855783202736304,-0.39891419273761186,-0.18666412752444964,PreMarketWait,3
1718905678.5,1.906088,-0.5801159639047565,-0.4037805039164704,-0.17633545997695668,PreMarketWait,3
1718905678.75,1.947094,-0.5364107179999681,-0.40853833284552865,-0.12787238514334798,PreMarketWait,3
1718905679.0,1.959908,-0.5227532283393342,-0.4131026572919897,-0.10965057103648782,PreMarketWait,3
1718905679.25,1.970159,-0.5118274497759535,-0.41740671879431746,-0.09442073097100917,PreMarketWait,3
1718905679.5,1.994506,-0.4858777930904959,-0.421401836732079,-0.06447595634801262,PreMarketWait,3
1718905679.75,2.032948,-0.4449053241085935,-0.42505665983386354,-0.019848664264537616,PreMarketWait,3
1718905680.0,2.088048,-0.386178331732994,-0.4283559272637147,0.04217759554071636,PreMarketWait,3
1718905680.25,2.132898,-0.33837605209514215,-0.43129882737201,0.09292277528668713,PreMarketWait,3
1718905680.5,2.159807,-0.3096957501380641,-0.4338970530649051,0.1242013029365094,PreMarketWait,3
1718905680.75,2.179029,-0.2892084498214801,-0.4361726580771536,0.14696420826522077,PreMarketWait,3
1718905681.0,2.176466,-0.2919401609187333,-0.4381558181438248,0.1462156572345502,PreMarketWait,3
1718905681.25,2.161089,-0.3083293616766207,-0.4398825954842387,0.13155323381702283,PreMarketWait,3
1718905681.5,2.136742,-0.33427901836207863,-0.44139279484429944,0.1071137764916073,PreMarketWait,3
1718905681.75,2.111114,-0.3615939976833464,-0.44272798559164667,0.08113398791770368,PreMarketWait,3
1718905682.0,2.086767,-0.3875436543688043,-0.4439297481893591,0.056386093830008616,PreMarketWait,3
1718905682.25,2.064983,-0.41076159995700895,-0.4450381859910752,0.03427658604360165,PreMarketWait,3
1718905682.5,2.047043,-0.4298825118121496,-0.4460907258263346,0.016208214023829437,PreMarketWait,3
1718905682.75,2.034229,-0.4435400014727837,-0.4471212142426589,0.0035812127796509413,PreMarketWait,3
1718905683.0,2.023978,-0.45446578003616406,-0.4481593013026625,-0.006306478723578701,PreMarketWait,3
1718905683.25,2.012445,-0.4667579470609879,-0.4492300910550999,-0.017527855995810117,PreMarketWait,3
1718905683.5,2.003475,-0.47631840298855843,-0.45035402757147713,-0.025964375406849226,PreMarketWait,3
1718905683.75,1.994506,-0.4858777930904959,-0.45154697796356436,-0.034330815116554676,PreMarketWait,3
1718905684.0,1.988099,-0.4927065379208127,-0.4528204691347166,-0.03988606877559271,PreMarketWait,3
1718905684.25,1.975285,-0.5063640275814468,-0.4541820331192151,-0.05218199445162797,PreMarketWait,3
1718905684.5,1.966315,-0.5159244835090171,-0.45563561658181645,-0.060288866916530195,PreMarketWait,3
1718905684.75,1.963752,-0.5186561946062707,-0.457182013150658,-0.061474181444915614,PreMarketWait,3
1718905685.0,1.967596,-0.5145591608732071,-0.4588192824264524,-0.05573987843607546,PreMarketWait,3
1718905685.25,1.965033,-0.5172908719704603,-0.46054312635932754,-0.05674774560051875,PreMarketWait,3
1718905685.5,1.97144,-0.5104621271401433,-0.46234720175445937,-0.04811492537518276,PreMarketWait,3
1718905685.75,1.967596,-0.5145591608732071,-0.4642233564533475,-0.050335804409517466,PreMarketWait,3
1718905686.0,1.968878,-0.5131927724117639,-0.46616178571216027,-0.04703098668946259,PreMarketWait,3
1718905686.25,1.979129,-0.5022669938483832,-0.4681511139384385,-0.0341158799000403,PreMarketWait,3
1718905686.5,2.002194,-0.4776837256243687,-0.47017841474872635,-0.007505310866001674,PreMarketWait,3
1718905686.75,2.026541,-0.4517340689389108,-0.472229188798729,0.020495119869177437,PreMarketWait,3
1718905687.0,2.05345,-0.4230537669818323,-0.4742873235874072,0.05123355661464466,PreMarketWait,3
1718905687.25,2.063702,-0.4121269225928188,-0.4763350621011588,0.06420813951712115,PreMarketWait,3
1718905687.5,2.075234,-0.3998358213936281,-0.47835300753064464,0.07851718614551821,PreMarketWait,3
1718905687.75,2.068827,-0.4066645662239449,-0.4803201893307835,0.07365562311507677,PreMarketWait,3
1718905688.0,2.056013,-0.42032205588457905,-0.4822142117828588,0.06189215590627618,PreMarketWait,3
1718905688.25,2.041918,-0.43534486818102347,-0.48401150033167845,0.04866663215843644,PreMarketWait,3
1718905688.5,2.025259,-0.45310045740035376,-0.48568765383273194,0.03258719643997596,PreMarketWait,3
1718905688.75,2.012445,-0.4667579470609879,-0.4872179030529334,0.020459955999395166,PreMarketWait,3
1718905689.0,2.000913,-0.4790490482601786,-0.48857766792348245,0.009528619670644792,PreMarketWait,3
1718905689.25,1.988099,-0.4927065379208127,-0.48974319868298316,-0.0029633392305544876,PreMarketWait,3
1718905689.5,1.977847,-0.5036333823098265,-0.49069227961094725,-0.012941102691624726,PreMarketWait,3
1718905689.75,1.972722,-0.5090957386787001,-0.4914049688569167,-0.017690769814503557,PreMarketWait,3
1718905690.0,1.968878,-0.5131927724117639,-0.4918643441220213,-0.02132842828239223,PreMarketWait,3
1718905690.25,1.966315,-0.5159244835090171,-0.4920572217415785,-0.023867261759974154,PreMarketWait,3
1718905690.5,1.98041,-0.5009016712125729,-0.4919748160463956,-0.008926855158558272,PreMarketWait,3
1718905690.75,1.958626,-0.5241196168007773,-0.49161330666547287,-0.03250631012749425,PreMarketWait,3
1718905691.0,2.035511,-0.4421736130113403,-0.4909742835381153,0.04880067053480776,PreMarketWait,3
1718905691.25,2.01629,-0.4626598475022912,-0.49006504266775264,0.027405195173742007,PreMarketWait,3
1718905691.5,1.967596,-0.5145591608732071,-0.4888987099221653,-0.025660450942494646,PreMarketWait,3
1718905691.75,1.96247,-0.5200225830677138,-0.48749417536707135,-0.0325284076918171,PreMarketWait,3
1718905692.0,1.894556,-0.5924070651039475,-0.4858758266927364,-0.10653123840210306,PreMarketWait,3
1718905692.25,1.926591,-0.5582633409523624,-0.4840730772853017,-0.07419026365767198,MarketGridChoice,3
1718905692.5,1.940686,-0.5432405286559182,-0.4821196923849449,-0.061120836261312664,MarketGridChoice,3
1718905692.75,1.966315,-0.5159244835090171,-0.48005292537916133,-0.03587155811993773,MarketGridChoice,3
1718905693.0,1.963752,-0.5186561946062707,-0.47791248521065616,-0.040743709385459,MarketGridChoice,3
1718905693.25,1.974003,-0.50773041604289,-0.4757393645882217,-0.03199105144429966,MarketGridChoice,3
1718905693.5,1.972722,-0.5090957386787001,-0.4735745665817617,-0.03552117208638461,MarketGridChoice,3
1718905693.75,2.054732,-0.42168737852038934,-0.47145777371571007,0.04977039520602845,MarketGridChoice,3
1718905694.0,2.041918,-0.43534486818102347,-0.46942600839824283,0.03408114022804858,MarketGridChoice,3
1718905694.25,2.047043,-0.4298825118121496,-0.4675123360910769,0.03762982428984413,MarketGridChoice,3
1718905694.5,2.067546,-0.4080298888597552,-0.4657446628170947,0.05771477396831016,MarketGridChoice,3
1718905694.75,2.067546,-0.4080298888597552,-0.4641446763659404,0.05611478751717758,MarketGridChoice,3
1718905695.0,2.064983,-0.41076159995700895,-0.4627269760175634,0.05196537607153889,MarketGridChoice,3
1718905695.25,2.05345,-0.4230537669818323,-0.4614984290412988,0.038444662070416455,MarketGridChoice,3
1718905695.5,2.05345,-0.4230537669818323,-0.46045778402881565,0.03740401705787599,MarketGridChoice,3
1718905695.75,2.048325,-0.42851612335070616,-0.4595955617256874,0.03107943838579754,MarketGridChoice,3
1718905696.0,2.045762,-0.4312478344479599,-0.4588942338972092,0.027646399459974075,MarketGridChoice,3
1718905696.25,2.044481,-0.43261315708376974,-0.4583286903383882,0.02571553326523969,MarketGridChoice,3
1718905696.5,2.041918,-0.43534486818102347,-0.4578669838118922,0.022522115641377842,MarketGridChoice,3
1718905696.75,2.039355,-0.4380765792782767,-0.457471332818706,0.019394753550821067,MarketGridChoice,3
1718905697.0,2.031667,-0.44627064674440386,-0.4570993529785051,0.010828706244374178,MarketGridChoice,3
1718905697.25,2.027822,-0.45036874630310053,-0.45670547968815906,0.0063367333952146975,MarketGridChoice,3
1718905697.5,2.025259,-0.45310045740035376,-0.45624253787203484,0.0031420804817260182,MarketGridChoice,3
1718905697.75,2.018852,-0.4599292022306711,-0.455663409236447,-0.004265792984281155,MarketGridChoice,3
1718905698.0,2.015008,-0.46402623596373466,-0.45492274365150054,-0.009103492302380032,MarketGridChoice,3
1718905698.25,2.00732,-0.47222030342986177,-0.4539786592195236,-0.01824164420055597,MarketGridChoice,3
1718905698.5,2.00732,-0.47222030342986177,-0.4527943753144058,-0.019425928105725535,MarketGridChoice,3
1718905698.75,2.000913,-0.4790490482601786,-0.45133972440425385,-0.02770932384622345,MarketGridChoice,3
1718905699.0,2.002194,-0.4776837256243687,-0.4495924917622774,-0.028091233852394825,MarketGridChoice,3
1718905699.25,1.99835,-0.4817807593574321,-0.4475395371354245,-0.03424122221229138,MarketGridChoice,3
1718905699.5,1.995787,-0.4845124704546856,-0.4451776589324447,-0.03933481151248157,MarketGridChoice,3
1718905699.75,1.994506,-0.4858777930904959,-0.44251416932004733,-0.04336362376062463,MarketGridChoice,3
1718905700.0,2.003475,-0.47631840298855843,-0.43956715754106523,-0.03675124543758582,MarketGridChoice,3
1718905700.25,2.003475,-0.47631840298855843,-0.43636542851474436,-0.03995297446380758,MarketGridChoice,3
1718905700.5,2.013727,-0.46539155859954495,-0.43294811403221817,-0.03244344455720919,MarketGridChoice,3
1718905700.75,2.043199,-0.4339795455452131,-0.42936396427731327,-0.004615581257662697,MarketGridChoice,3
1718905701.0,2.041918,-0.43534486818102347,-0.42567033762955797,-0.009674530541103676,MarketGridChoice,3
1718905701.25,2.032948,-0.4449053241085935,-0.4219319164003074,-0.0229734076977977,MarketGridChoice,3
1718905701.5,2.032948,-0.4449053241085935,-0.4182191850116897,-0.026686139086290223,MarketGridChoice,3
1718905701.75,2.035511,-0.4421736130113403,-0.41460671490715645,-0.027566898093449966,MarketGridChoice,3
1718905702.0,2.027822,-0.45036874630310053,-0.41117130698850557,-0.03919743930374904,MarketGridChoice,3
1718905702.25,2.050888,-0.4257844122534529,-0.407990047432413,-0.017794364810093118,MarketGridChoice,3
1718905702.5,2.076516,-0.3984694329321852,-0.4051383361572309,0.006668903236080139,MarketGridChoice,3
1718905702.75,2.109833,-0.3629593203191567,-0.4026879487650047,0.03972862845695453,MarketGridChoice,3
1718905703.0,2.139305,-0.33154730726482534,-0.4007051922425595,0.06915788498889533,MarketGridChoice,3
1718905703.25,2.148275,-0.3219868513372548,-0.39924921188327256,0.07726236055721479,MarketGridChoice,3
1718905703.5,2.150837,-0.31925620606563415,-0.3983705017209344,0.0791142956665135,MarketGridChoice,3
1718905703.75,2.145712,-0.32471856243450803,-0.3981096633646286,0.07339110094132992,MarketGridChoice,3
1718905704.0,2.131616,-0.3397424405565851,-0.39849644881117496,0.05875400826577523,MarketGridChoice,3
1718905704.25,2.114958,-0.3574969639502828,-0.39954911209083005,0.04205214815168905,MarketGridChoice,3
1718905704.5,2.0983,-0.3752514873439805,-0.4012740830866762,0.026022595753774885,MarketGridChoice,3
1718905704.75,2.084204,-0.39027536546605757,-0.4036659652050776,0.013390599750018585,MarketGridChoice,3
1718905705.0,2.068827,-0.4066645662239449,-0.4067078473707866,4.328115774361596e-05,MarketGridChoice,3
1718905705.25,2.056013,-0.42032205588457905,-0.4103719105905378,-0.00995014528324931,MarketGridChoice,3
1718905705.5,2.049606,-0.4271508007148963,-0.4146203004662576,-0.012530500237966638,MarketGridChoice,3
1718905705.75,2.041918,-0.43534486818102347,-0.4194062298062602,-0.015938638364216648,MarketGridChoice,3
1718905706.0,2.031667,-0.44627064674440386,-0.4246752700205067,-0.021595376713476992,MarketGridChoice,3
1718905706.25,2.027822,-0.45036874630310053,-0.43036678633020586,-0.020001959962597255,MarketGridChoice,3
1718905706.5,2.021415,-0.45719749113341734,-0.43641546992735647,-0.02078202119587813,MarketGridChoice,3
1718905706.75,2.009882,-0.4694896581582411,-0.44275291998224153,-0.026736738165919316,MarketGridChoice,3
1718905707.0,2.006038,-0.4735866918913047,-0.4493092296719559,-0.024277462209355262,MarketGridChoice,3
1718905707.25,1.994506,-0.4858777930904959,-0.45601453301850225,-0.029863260062068013,MarketGridChoice,3
1718905707.5,1.994506,-0.4858777930904959,-0.4628004730881152,-0.023077319992501816,MarketGridChoice,3
1718905707.75,1.995787,-0.4845124704546856,-0.469601556804589,-0.014910913640240546,MarketGridChoice,3
1718905708.0,1.991943,-0.4886095041877491,-0.476356367044883,-0.012253137133005812,MarketGridChoice,3
1718905708.25,1.98041,-0.5009016712125729,-0.48300860858531935,-0.0178930626173588,MarketGridChoice,3
1718905708.5,1.976566,-0.5049987049456365,-0.48950797062909074,-0.015490734306583948,MarketGridChoice,3
1718905708.75,1.972722,-0.5090957386787001,-0.49581079486993884,-0.013284943798697973,MarketGridChoice,3
1718905709.0,1.970159,-0.5118274497759535,-0.501880544158359,-0.009946905607394817,MarketGridChoice,3
1718905709.25,1.966315,-0.5159244835090171,-0.5076880726812405,-0.008236410817405214,MarketGridChoice,3
1718905709.5,1.96247,-0.5200225830677138,-0.5132117040010943,-0.006810879056040985,MarketGridChoice,3
1718905709.75,1.961189,-0.5213879057035239,-0.518437128194859,-0.0029507774978440636,MarketGridChoice,3
1718905710.0,1.968878,-0.5131927724117639,-0.5233571335673342,0.010164361166667829,MarketGridChoice,3
1718905710.25,1.965033,-0.5172908719704603,-0.5279711918933421,0.010680319934288116,MarketGridChoice,3
1718905710.5,1.96247,-0.5200225830677138,-0.5322849187941451,0.01226233573817514,MarketGridChoice,3
1718905710.75,1.957345,-0.5254849394365877,-0.5363094326391978,0.010824493214716072,MarketGridChoice,3
1718905711.0,1.956063,-0.5268513278980306,-0.5400606362870071,0.013209308401464327,MarketGridChoice,3
1718905711.25,1.948375,-0.535045395364158,-0.5435584460841337,0.008513050732859097,MarketGridChoice,3
1718905711.5,1.948375,-0.535045395364158,-0.5468259919079682,0.011780596557096339,MarketGridChoice,3
1718905711.75,1.944531,-0.5391424290972215,-0.5498888107645008,0.010746381680968805,MarketGridChoice,3
1718905712.0,1.944531,-0.5391424290972215,-0.5527740546413092,0.013631625558175157,MarketGridChoice,3
1718905712.25,1.936842,-0.5473375623889818,-0.5555097310730714,0.008172168698564044,MarketGridChoice,3
1718905712.5,1.936842,-0.5473375623889818,-0.5581239923056233,0.010786429931486551,MarketGridChoice,3
1718905712.75,1.930435,-0.5541663072192988,-0.5606444861482629,0.006478178944159193,MarketGridChoice,3
1718905713.0,1.931717,-0.5527999187578557,-0.5630977786858884,0.010297859943553363,MarketGridChoice,3
1718905713.25,1.921465,-0.5637267631468692,-0.5655088560832685,0.0017820929522170646,ForecastPage,3
1718905713.5,1.918903,-0.5664574084184896,-0.5679007098477895,0.0014433014453820846,ForecastPage,3
1718905713.75,1.915058,-0.5705555079771862,-0.5702940072098264,-0.00026150075104994924,ForecastPage,3
1718905714.0,1.909933,-0.5760178643460598,-0.5727068458048084,-0.003311018524754041,ForecastPage,3
1718905714.25,1.908651,-0.577384252807503,-0.5751545896552017,-0.0022296631356594136,ForecastPage,3
1718905714.5,1.90737,-0.5787495754433134,-0.577649781591117,-0.0010997938354536064,ForecastPage,3
1718905714.75,1.904807,-0.5814812865405669,-0.5802021257316253,-0.001279160792140921,ForecastPage,3
1718905715.0,1.900963,-0.5855783202736304,-0.5828185324747822,-0.00275978778202967,ForecastPage,3
1718905715.25,1.8984,-0.5883100313708837,-0.5855032176017507,-0.0028068137523319606,ForecastPage,3
1718905715.5,1.894556,-0.5924070651039475,-0.5882578465734446,-0.004149218513748524,ForecastPage,3
1718905715.75,1.890712,-0.596504098837011,-0.5910817148693608,-0.005422383950964603,ForecastPage,3
1718905716.0,1.891993,-0.5951387762012007,-0.5939719552683184,-0.0011668209162800335,ForecastPage,3
1718905716.25,1.888149,-0.5992358099342643,-0.5969237632761981,-0.002312046641555293,ForecastPage,3
1718905716.5,1.88046,-0.6074309432260245,-0.5999306324380245,-0.007500310771583928,ForecastPage,3
1718905716.75,1.88046,-0.6074309432260245,-0.6029845919989556,-0.004446351210747504,ForecastPage,3
1718905717.0,1.879179,-0.6087962658618349,-0.6060764402679485,-0.002719825577657046,ForecastPage,3
1718905717.25,1.876616,-0.6115279769590881,-0.6091959680552896,-0.002332008887656811,ForecastPage,3
1718905717.5,1.870209,-0.6183567217894052,-0.612332167664773,-0.006024554108572023,ForecastPage,3
1718905717.75,1.868928,-0.6197220444252155,-0.6154734240844693,-0.004248620324760238,ForecastPage,3
1718905718.0,1.867646,-0.6210884328866586,-0.618607686197994,-0.002480746672743596,ForecastPage,3
1718905718.25,1.859958,-0.6292825003527858,-0.6217226169938066,-0.007559883343113057,ForecastPage,3
1718905718.5,1.862521,-0.6265507892555323,-0.6248057228466986,-0.0017450663930111202,ForecastPage,3
1718905718.75,1.863802,-0.6251854666197222,-0.6278444629453868,0.002658996341456038,ForecastPage,3
1718905719.0,1.862521,-0.6265507892555323,-0.6308263408041084,0.004275551564349102,ForecastPage,3
1718905719.25,1.857395,-0.6320142114500393,-0.6337389804877664,0.001724769053493768,ForecastPage,3
1718905719.5,1.856114,-0.6333795340858493,-0.6365701906715446,0.00319065660146667,ForecastPage,3
1718905719.75,1.854832,-0.6347459225472926,-0.6393080199342737,0.004562097402766771,ForecastPage,3
1718905720.0,1.849707,-0.6402082789161664,-0.641940806755059,0.001732527854700492,ForecastPage,3
1718905720.25,1.845862,-0.644306378474863,-0.6444572275632233,0.00015084910419575076,ForecastPage,3
1718905720.5,1.845862,-0.644306378474863,-0.6468463459079495,0.0025399674489528087,ForecastPage,3
1718905720.75,1.848425,-0.6415746673776096,-0.6490976653933123,0.007522998031600836,ForecastPage,3
1718905721.0,1.8433,-0.6470370237464835,-0.6512011884923392,0.00416416476178342,ForecastPage,3
1718905721.25,1.838174,-0.6525004459409902,-0.6531474827342346,0.0006470368091963819,ForecastPage,3
1718905721.5,1.838174,-0.6525004459409902,-0.6549277550769618,0.002427309151938779,ForecastPage,3
1718905721.75,1.831767,-0.6593291907713072,-0.6565339345626319,-0.0027952561927048532,ForecastPage,3
1718905722.0,1.831767,-0.6593291907713072,-0.6579587626384639,-0.0013704281168839495,ForecastPage,3
1718905722.25,1.839455,-0.6511351233051799,-0.659195889841172,0.00806076655192444,ForecastPage,3
1718905722.5,1.835611,-0.6552321570382434,-0.6602399769080669,0.005007819885712427,ForecastPage,3
1718905722.75,1.8433,-0.6470370237464835,-0.661086797805661,0.014049774075006388,ForecastPage,3
1718905723.0,1.827923,-0.6634262245043708,-0.6617333416670024,-0.0016928828216155097,ForecastPage,3
1718905723.25,1.830485,-0.6606955792327505,-0.662177910223746,0.0014823310066573144,ForecastPage,3
1718905723.5,1.829204,-0.6620609018685605,-0.6624202070464184,0.0003593051934155456,ForecastPage,3
1718905723.75,1.827923,-0.6634262245043708,-0.6624614148166565,-0.0009648096722715423,ForecastPage,3
1718905724.0,1.81639,-0.6757183915291947,-0.6623042569965938,-0.013414134517281235,ForecastPage,3
1718905724.25,1.815109,-0.6770837141650047,-0.6619530406661653,-0.015130673483647682,ForecastPage,3
1718905724.5,1.815109,-0.6770837141650047,-0.6614136779798142,-0.015670036170128427,ForecastPage,3
1718905724.75,1.809983,-0.6825471363595117,-0.6606936846336476,-0.021853451710930165,ForecastPage,3
1718905725.0,1.812546,-0.6798154252622582,-0.6598021548824162,-0.020013270365030922,ForecastPage,3
1718905725.25,1.824078,-0.6675243240630673,-0.6587497139140901,-0.008774610134281241,ForecastPage,3
1718905725.5,1.835611,-0.6552321570382434,-0.6575484496541473,0.0023162926304938873,ForecastPage,3
1718905725.75,1.848425,-0.6415746673776096,-0.6562118271850061,0.014637159821890306,ForecastPage,3
1718905726.0,1.849707,-0.6402082789161664,-0.6547545897804655,0.014546310878704751,ForecastPage,3
1718905726.25,1.854832,-0.6347459225472926,-0.6531926509513966,0.018446728418428572,ForecastPage,3
1718905726.5,1.854832,-0.6347459225472926,-0.6515429818152091,0.016797059282167376,ForecastPage,3
1718905726.75,1.857395,-0.6320142114500393,-0.649823497547072,0.017809286111217598,ForecastPage,3
1718905727.0,1.852269,-0.637477633644546,-0.6480529457202632,0.010575312089844547,ForecastPage,3
1718905727.25,1.852269,-0.637477633644546,-0.6462507981167676,0.008773164486300741,ForecastPage,3
1718905727.5,1.844581,-0.6456717011106732,-0.6444371462302958,-0.0012345548663365864,ForecastPage,3
1718905727.75,1.844581,-0.6456717011106732,-0.6426325993373533,-0.003039101759307916,ForecastPage,3
1718905728.0,1.854832,-0.6347459225472926,-0.6408581828075395,0.00611226027423894,ForecastPage,3
1718905728.25,1.857395,-0.6320142114500393,-0.6391352333625216,0.007121021926462917,ForecastPage,3
1718905728.5,1.852269,-0.637477633644546,-0.6374852873401606,7.653709591215474e-06,ForecastPage,3
1718905728.75,1.852269,-0.637477633644546,-0.6359299577143827,-0.0015476759161845875,ForecastPage,3
1718905729.0,1.844581,-0.6456717011106732,-0.6344907956882154,-0.011180905408472205,ForecastPage,3
1718905729.25,1.844581,-0.6456717011106732,-0.6331891331404041,-0.012482567956273307,ForecastPage,3
1718905729.5,1.838174,-0.6525004459409902,-0.6320459030827362,-0.020454542844245274,ForecastPage,3
1718905729.75,1.835611,-0.6552321570382434,-0.6310814365722869,-0.02415072045193181,ForecastPage,3
1718905730.0,1.83433,-0.6565974796740538,-0.6303152361808284,-0.026282243479180168,ForecastPage,3
1718905730.25,1.835611,-0.6552321570382434,-0.6297657280686139,-0.025466428955559735,ForecastPage,3
1718905730.5,1.8433,-0.6470370237464835,-0.6294499968117401,-0.017587026920646412,ForecastPage,3
1718905730.75,1.857395,-0.6320142114500393,-0.6293835092205634,-0.002630702215350337,ForecastPage,3
1718905731.0,1.863802,-0.6251854666197222,-0.6295798352625527,0.004394368656985264,ForecastPage,3
1718905731.25,1.874053,-0.6142596880563416,-0.6300503756628363,0.015790687620680612,ForecastPage,3
1718905731.5,1.883023,-0.6046992321287713,-0.630804106621593,0.02610487450704248,ForecastPage,3
1718905731.75,1.88046,-0.6074309432260245,-0.6318473522383937,0.02441640902662951,ForecastPage,3
1718905732.0,1.879179,-0.6087962658618349,-0.6331835946277281,0.024387328780198583,ForecastPage,3
1718905732.25,1.874053,-0.6142596880563416,-0.6348133303912231,0.02055364234923726,ForecastPage,3
1718905732.5,1.87149,-0.6169913991535948,-0.6367339802012545,0.01974258106207051,ForecastPage,3
1718905732.75,1.858676,-0.630648888814229,-0.6389398559236111,0.008290967123851977,ForecastPage,3
1718905733.0,1.852269,-0.637477633644546,-0.6414221871664054,0.0039445535363917435,ForecastPage,3
1718905733.25,1.847144,-0.64293999001342,-0.6441692065914445,0.0012292165926220712,ForecastPage,3
1718905733.5,1.840737,-0.6497687348437368,-0.6471662909441728,-0.0026024438848985913,ForecastPage,3
1718905733.75,1.836892,-0.6538668344024334,-0.6503961526934185,-0.0034706816942780133,ForecastPage,3
1718905734.0,1.826641,-0.664792612965814,-0.6538390755217404,-0.010953537429260841,ForecastPage,3
1718905734.25,1.826641,-0.664792612965814,-0.6574731857255977,-0.007319427225321844,ForecastPage,3
1718905734.5,1.821516,-0.6702549693346879,-0.6612747508874915,-0.008980218432213036,ForecastPage,3
1718905734.75,1.820234,-0.6716213577961311,-0.6652184969532017,-0.0064028608278487885,ForecastPage,3
1718905735.0,1.815109,-0.6770837141650047,-0.6692779350439094,-0.007805779105907131,ForecastPage,3
1718905735.25,1.812546,-0.6798154252622582,-0.6734256898943942,-0.0063897353525574924,ForecastPage,3
1718905735.5,1.80742,-0.6852788474567649,-0.6776338226640648,-0.007645024777264253,ForecastPage,3
1718905735.75,1.804857,-0.6880105585540185,-0.6818741419448914,-0.006136416593550315,ForecastPage,3
1718905736.0,1.802294,-0.6907422696512717,-0.6861184980189187,-0.004623771616623279,ForecastPage,3
1718905736.25,1.799732,-0.6934729149228921,-0.6903390567303461,-0.0031338581766515664,ForecastPage,3
1718905736.5,1.795887,-0.6975710144815888,-0.6945085506685275,-0.0030624637969903033,ForecastPage,3
1718905736.75,1.792043,-0.7016680482146523,-0.6986005066484156,-0.003067541549977738,ForecastPage,3
1718905737.0,1.78948,-0.7043997593119058,-0.7025894496705265,-0.001810309624921647,ForecastPage,3
1718905737.25,1.786918,-0.7071304045835263,-0.7064510845985246,-0.00067931996833575,ForecastPage,3
1718905737.5,1.785636,-0.7084967930449694,-0.7101624576724654,0.0016656646443779315,ForecastPage,3
1718905737.75,1.779229,-0.7153255378752864,-0.7137021006502171,-0.0016234372079660974,ForecastPage,3
1718905738.0,1.781792,-0.712593826778033,-0.7170501608161143,0.004456334055407646,ForecastPage,3
1718905738.25,1.777948,-0.7166908605110965,-0.7201885202996309,0.0034976598060816456,ForecastPage,3
1718905738.5,1.776666,-0.7180572489725398,-0.7231009081014292,0.005043659146650538,ForecastPage,3
1718905738.75,1.772822,-0.7221542827056036,-0.7257730079322207,0.003618725244579234,ForecastPage,3
1718905739.0,1.776666,-0.7180572489725398,-0.7281925644439828,0.010135315489588879,ForecastPage,3
1718905739.25,1.767696,-0.7276177049001102,-0.7303494896963463,0.00273178481454419,ForecastPage,3
1718905739.5,1.765134,-0.7303483501717306,-0.7322359707868111,0.0018876206335275685,ForecastPage,3
1718905739.75,1.770259,-0.7248859938028568,-0.7338465785239384,0.00896058473964317,ForecastPage,3
1718905740.0,1.770259,-0.7248859938028568,-0.735178375885321,0.010292382101116085,ForecastPage,3
1718905740.25,1.775385,-0.71942257160835,-0.7362310238266193,0.01680845223698948,ForecastPage,3
1718905740.5,1.775385,-0.71942257160835,-0.7370068808456385,0.017584309256058417,ForecastPage,3
1718905740.75,1.768978,-0.726251316438667,-0.7375110916159692,0.011259775196107909,ForecastPage,3
1718905741.0,1.758727,-0.7371770950020478,-0.7377516590661847,0.0005745640829698997,ForecastPage,3
1718905741.25,1.744631,-0.7522009731241248,-0.7377394935938822,-0.014461479511384906,ForecastPage,3
1718905741.5,1.715159,-0.7836129861784563,-0.7374884327826915,-0.04612455337687914,ForecastPage,3
1718905741.75,1.738224,-0.7590297179544419,-0.7370152251343141,-0.022014492801205585,ForecastPage,3
1718905742.0,1.756164,-0.739908806099301,-0.7363394719839973,-0.003569334096333185,ForecastPage,3
1718905742.25,1.751038,-0.7453722282938077,-0.7354835228990187,-0.009888705375755272,ForecastPage,3
1718905742.5,1.761289,-0.734446449730427,-0.7344723213400463,2.5871628732862875e-05,ForecastPage,3
1718905742.75,1.761289,-0.734446449730427,-0.7333331990178674,-0.0011132506933472907,ForecastPage,3
1718905743.0,1.767696,-0.7276177049001102,-0.7320956190319803,0.004477914151199877,ForecastPage,3
1718905743.25,1.776666,-0.7180572489725398,-0.730790869407464,0.012733620454389038,ForecastPage,3
1718905743.5,1.777948,-0.7166908605110965,-0.7294517099804962,0.01276084948901424,ForecastPage,3
1718905743.75,1.770259,-0.7248859938028568,-0.7281119766938816,0.0032259829107984927,ForecastPage,3
1718905744.0,1.768978,-0.726251316438667,-0.7268061482628162,0.000554831844085754,ForecastPage,3
1718905744.25,1.767696,-0.7276177049001102,-0.7255688809011553,-0.0020488239788578706,MarketWaitPage,3
1718905744.5,1.766415,-0.7289830275359204,-0.7244345174232939,-0.004548510092377946,MarketWaitPage,3
1718905744.75,1.765134,-0.7303483501717306,-0.7234365776199417,-0.006911772531403598,MarketWaitPage,3
1718905745.0,1.763852,-0.7317147386331738,-0.7226072373913357,-0.00910750122133554,MarketWaitPage,3
1718905745.25,1.763852,-0.7317147386331738,-0.7219768047231415,-0.009737933889436211,RoundResultsPage,3
1718905745.5,1.763852,-0.7317147386331738,-0.7215732011938039,-0.010141537418707445,RoundResultsPage,3
1718905745.75,1.768978,-0.726251316438667,-0.7214214582680852,-0.004829858149883067,RoundResultsPage,3
1718905746.0,1.768978,-0.726251316438667,-0.7215432381010575,-0.004708078316907509,RoundResultsPage,3
1718905746.25,1.777948,-0.7166908605110965,-0.7219563888778906,0.005265528387464359,RoundResultsPage,3
1718905746.5,1.780511,-0.7139591494138433,-0.7226745447719225,0.008715395378681004,RoundResultsPage,3
1718905746.75,1.780511,-0.7139591494138433,-0.723706780350167,0.00974763095681902,RoundResultsPage,3
1718905747.0,1.783073,-0.7112285041422229,-0.7250573286473845,0.013828824525511412,RoundResultsPage,3
1718905747.25,1.779229,-0.7153255378752864,-0.7267253711560399,0.011399833300916984,RoundResultsPage,3
1718905747.5,1.774103,-0.7207889600697932,-0.7287049066666952,0.007915946616836379,RoundResultsPage,3
1718905747.75,1.770259,-0.7248859938028568,-0.7309847043028521,0.006098710519657401,RoundResultsPage,3
1718905748.0,1.765134,-0.7303483501717306,-0.7335483443111155,0.0031999941587327824,RoundResultsPage,3
1718905748.25,1.761289,-0.734446449730427,-0.7363743482867426,0.0019278985753092628,RoundResultsPage,3
1718905748.5,1.756164,-0.739908806099301,-0.7394363986268364,-0.00047240745386202803,RoundResultsPage,3
1718905748.75,1.749757,-0.746737550929618,-0.7427036451845024,-0.004033905726935674,RoundResultsPage,3
1718905749.0,1.747194,-0.7494692620268715,-0.7461410954031436,-0.003328166605994685,RoundResultsPage,3
1718905749.25,1.745912,-0.7508356504883147,-0.7497100826756239,-0.001125567795419351,RoundResultsPage,3
1718905749.5,1.740787,-0.7562980068571883,-0.7533688063131364,-0.00292920052724782,RoundResultsPage,3
1718905749.75,1.738224,-0.7590297179544419,-0.7570729353205686,-0.001956782617533434,RoundResultsPage,3
1718905750.0,1.739505,-0.7576643953186315,-0.7607762671439094,0.00311187184116426,RoundResultsPage,3
1718905750.25,1.73438,-0.7631267516875054,-0.7644314316601594,0.0013046799881051858,RoundResultsPage,3
1718905750.5,1.727973,-0.7699554965178225,-0.7679906299015673,-0.0019648666012134297,RoundResultsPage,3
1718905750.75,1.726691,-0.7713218849792656,-0.7714063963296202,8.451136501841112e-05,RoundResultsPage,3
1718905751.0,1.72541,-0.7726872076150757,-0.7746323728936018,0.0019451652928488012,RoundResultsPage,3
1718905751.25,1.724128,-0.7740535960765189,-0.7776240826236969,0.003570486561200681,RoundResultsPage,3
1718905751.5,1.722847,-0.7754189187123292,-0.7803396901225226,0.004920771423960769,RoundResultsPage,3
1718905751.75,1.717721,-0.780882340906836,-0.7827407360361549,0.001858395142879124,RoundResultsPage,3
1718905752.0,1.722847,-0.7754189187123292,-0.7847928324150144,0.009373913716090265,RoundResultsPage,3
1718905752.25,1.717721,-0.780882340906836,-0.7864663058335558,0.005583964940025637,RoundResultsPage,3
1718905752.5,1.717721,-0.780882340906836,-0.7877367752527966,0.0068544343592264155,RoundResultsPage,3
1718905752.75,1.713877,-0.7849793746398995,-0.7885856519182226,0.0036062772916112657,RoundResultsPage,3
1718905753.0,1.711314,-0.787711085737153,-0.7890005491331211,0.0012894634093439626,RoundResultsPage,3
1718905753.25,1.708752,-0.7904417310087734,-0.7889755905857966,-0.001466140409446393,RoundResultsPage,3
1718905753.5,1.70747,-0.7918081194702166,-0.7885116070910296,-0.003296512365435429,RoundResultsPage,3
1718905753.75,1.703626,-0.7959051532032801,-0.7876162131768268,-0.008288940012415097,RoundResultsPage,3
1718905754.0,1.703626,-0.7959051532032801,-0.7863037569372147,-0.009601396251677797,RoundResultsPage,3
1718905754.25,1.704907,-0.79453983056747,-0.7845951389903053,-0.009944691562368909,RoundResultsPage,3
1718905754.5,1.6985,-0.8013685753977872,-0.7825174992141675,-0.01885107616836279,RoundResultsPage,3
1718905754.75,1.6985,-0.8013685753977872,-0.7801037731419794,-0.021264802240042936,RoundResultsPage,3
1718905755.0,1.695938,-0.8040992206694075,-0.7773921234173218,-0.026707097235773688,RoundResultsPage,3
1718905755.25,1.701063,-0.7986368643005336,-0.7744252554472425,-0.024211608836400448,RoundResultsPage,3
1718905755.5,1.699782,-0.800002186936344,-0.7712496302203581,-0.02875255669849418,RoundResultsPage,3
1718905755.75,1.702345,-0.7972704758390905,-0.7679145910204102,-0.029355884800574605,RoundResultsPage,3
1718905756.0,1.702345,-0.7972704758390905,-0.7644714242694476,-0.03279905155091862,RoundResultsPage,3
1718905756.25,1.74335,-0.7535662957599351,-0.760972377758643,0.0074060820180466315,RiskPage1,3
1718905756.5,1.774103,-0.7207889600697932,-0.7574696618303245,0.036680701780471545,RiskPage1,3
1718905756.75,1.771541,-0.7235196053414136,-0.7540144604245245,0.030494855103632014,RiskPage1,3
1718905757.0,1.779229,-0.7153255378752864,-0.7506559790986307,0.03533044124441815,RiskPage1,3
1718905757.25,1.780511,-0.7139591494138433,-0.7474405560643339,0.03348140667208212,RiskPage1,3
1718905757.5,1.780511,-0.7139591494138433,-0.7444108599912856,0.030451710599510448,RiskPage1,3
1718905757.75,1.776666,-0.7180572489725398,-0.7416051949631379,0.02354794601309618,RiskPage1,3
1718905758.0,1.776666,-0.7180572489725398,-0.7390569287900426,0.020999679840378576,RiskPage1,3
1718905758.25,1.772822,-0.7221542827056036,-0.7367940561708177,0.014639773488411573,RiskPage1,3
1718905758.5,1.774103,-0.7207889600697932,-0.7348389032453401,0.01404994319900767,RiskPage1,3
1718905758.75,1.767696,-0.7276177049001102,-0.7332079751473176,0.005590270270873096,RiskPage1,3
1718905759.0,1.763852,-0.7317147386331738,-0.7319119434885745,0.00019720487921412108,RiskPage1,3
1718905759.25,1.758727,-0.7371770950020478,-0.7309557664678716,-0.006221328510270355,RiskPage1,3
1718905759.5,1.757445,-0.7385434834634909,-0.730338930648014,-0.008204552791531032,RiskPage1,3
1718905759.75,1.756164,-0.739908806099301,-0.7300558004881099,-0.00985300558725268,RiskPage1,3
1718905760.0,1.756164,-0.739908806099301,-0.730096059509362,-0.00981274656605064,RiskPage1,3
1718905760.25,1.754882,-0.7412751945607441,-0.7304452255214258,-0.010829969015519171,RiskPage1,3
1718905760.5,1.753601,-0.7426405171965544,-0.7310852216100517,-0.011555295562828784,RiskPage1,3
1718905760.75,1.754882,-0.7412751945607441,-0.7319949845234229,-0.009280210013805783,RiskPage1,3
1718905761.0,1.752319,-0.7440069056579977,-0.7331510926135478,-0.010855813021122901,RiskPage1,3
1718905761.25,1.754882,-0.7412751945607441,-0.7345283964991725,-0.006746798038460709,RiskPage1,3
1718905761.5,1.752319,-0.7440069056579977,-0.7361006370221385,-0.007906268612990264,RiskPage1,3
1718905761.75,1.754882,-0.7412751945607441,-0.7378410367739103,-0.003434157764231137,RiskPage1,3
1718905762.0,1.752319,-0.7440069056579977,-0.7397228533810796,-0.004284052254602974,RiskPage1,3
1718905762.25,1.747194,-0.7494692620268715,-0.7417198847737971,-0.007749377231064048,RiskPage2,3
1718905762.5,1.749757,-0.746737550929618,-0.7438069187456652,-0.0029306321622595815,RiskPage2,3
1718905762.75,1.752319,-0.7440069056579977,-0.7459601211850185,0.0019532155483903517,RiskPage2,3
1718905763.0,1.748475,-0.7481039393910612,-0.7481573593622344,5.34199922170844e-05,RiskPage2,3
1718905763.25,1.749757,-0.746737550929618,-0.7503784585496102,0.0036409076407131705,RiskPage2,3
1718905763.5,1.742068,-0.7549326842213783,-0.7526053919925831,-0.0023272922083895546,RiskPage2,3
1718905763.75,1.738224,-0.7590297179544419,-0.7548224058202323,-0.00420731211410694,RiskPage2,3
1718905764.0,1.739505,-0.7576643953186315,-0.7570160818700852,-0.0006483134287289184,RiskPage2,3
1718905764.25,1.736943,-0.7603950405902521,-0.7591753426069481,-0.0012196979637492515,RiskPage2,3
1718905764.5,1.735661,-0.7617614290516953,-0.7612914033369926,-0.0004700256953839854,RiskPage2,3
1718905764.75,1.735661,-0.7617614290516953,-0.7633576777495252,0.0015962487169419379,RiskPage2,3
1718905765.0,1.735661,-0.7617614290516953,-0.7653696434471816,0.003608214414423683,RiskPage2,3
1718905765.25,1.733098,-0.7644931401489485,-0.7673246745383088,0.002831534408157567,RiskPage2,3
1718905765.5,1.731817,-0.7658584627847589,-0.7692218485563711,0.003363385790307279,RiskPage2,3
1718905765.75,1.730536,-0.7672237854205689,-0.771061734942826,0.003837949540891065,RiskPage2,3
1718905766.0,1.731817,-0.7658584627847589,-0.7728461720946106,0.006987709328467973,RiskPage2,3
1718905766.25,1.727973,-0.7699554965178225,-0.7745780395567622,0.004622543057582603,RiskPage2,3
1718905766.5,1.72541,-0.7726872076150757,-0.7762610313635668,0.0035738237672039777,RiskPage2,3
1718905766.75,1.722847,-0.7754189187123292,-0.7778994358329212,0.002480517139415307,RiskPage2,3
1718905767.0,1.720284,-0.7781506298095827,-0.7794979263384251,0.0013472965478117833,RiskPage2,3
1718905767.25,1.719003,-0.7795159524453927,-0.7810613667645938,0.0015454143383469184,RiskPage3,3
1718905767.5,1.715159,-0.7836129861784563,-0.7825946345326006,-0.0010183516265088923,RiskPage3,3
1718905767.75,1.715159,-0.7836129861784563,-0.7841024633005045,0.0004894771416146591,RiskPage3,3
1718905768.0,1.713877,-0.7849793746398995,-0.7855893067177462,0.0006099320976443645,RiskPage3,3
1718905768.25,1.713877,-0.7849793746398995,-0.7870592239652335,0.002079849345366573,RiskPage3,3
1718905768.5,1.710033,-0.7890764083729633,-0.7885157872494223,-0.0005606211032786639,RiskPage3,3
1718905768.75,1.703626,-0.7959051532032801,-0.7899620109472371,-0.005943142235565177,RiskPage3,3
1718905769.0,1.703626,-0.7959051532032801,-0.7914003017227973,-0.004504851459813197,RiskPage3,3
1718905769.25,1.706189,-0.7931734421060269,-0.7928324286592197,-0.0003410134259779936,RiskPage3,3
1718905769.5,1.710033,-0.7890764083729633,-0.794259512266086,0.0051831039140726645,RiskPage3,3
1718905769.75,1.702345,-0.7972704758390905,-0.7956820311229743,-0.0015884446950904716,RiskPage3,3
1718905770.0,1.701063,-0.7986368643005336,-0.7970998448825627,-0.001537019396919019,RiskPage3,3
1718905770.25,1.6985,-0.8013685753977872,-0.7985122323660012,-0.002856343010759205,RiskPage3,3
1718905770.5,1.6985,-0.8013685753977872,-0.7999179435298464,-0.0014506318469903693,RiskPage3,3
1718905770.75,1.694656,-0.8054656091308506,-0.8013152641656431,-0.00415034494438228,RiskPage3,3
1718905771.0,1.697219,-0.8027338980335972,-0.802702092306704,-3.180570623802746e-05,RiskPage3,3
1718905771.25,1.690812,-0.8095626428639142,-0.8040760254514453,-0.005486617392022839,RiskPage3,3
1718905771.5,1.68953,-0.8109290313253574,-0.8054344578517284,-0.005494573453424599,RiskPage3,3
1718905771.75,1.688249,-0.8122943539611676,-0.8067746872365686,-0.00551966670466166,RiskPage3,3
1718905772.0,1.692093,-0.808197320228104,-0.8080940304213408,-0.0001032897871110312,RiskPage3,3
1718905772.25,1.694656,-0.8054656091308506,-0.8093899472605228,0.003924338149029769,RiskPage3,3
1718905772.5,1.697219,-0.8027338980335972,-0.8106601723038541,0.007926274289318537,RiskPage3,3
1718905772.75,1.695938,-0.8040992206694075,-0.8119028532782196,0.007803632627584265,RiskPage3,3
1718905773.0,1.693375,-0.8068309317666608,-0.8131166951191312,0.006285763370966881,RiskPage3,3
1718905773.25,1.690812,-0.8095626428639142,-0.8143011077172503,0.0047384648715761545,RiskPage4,3
1718905773.5,1.68953,-0.8109290313253574,-0.8154563548537679,0.004527323546418343,RiskPage4,3
1718905773.75,1.688249,-0.8122943539611676,-0.8165837010206464,0.004289347077281506,RiskPage4,3
1718905774.0,1.686968,-0.8136596765969778,-0.8176855520140265,0.004025875434675766,RiskPage4,3
1718905774.25,1.686968,-0.8136596765969778,-0.8187655844073204,0.005105907827824956,RiskPage4,3
1718905774.5,1.685686,-0.815026065058421,-0.8198288583052286,0.004802793264176744,RiskPage4,3
1718905774.75,1.680561,-0.8204884214272948,-0.8208819071966086,0.0003934857866016283,RiskPage4,3
1718905775.0,1.679279,-0.821854809888738,-0.8219327983051408,7.798843364065222e-05,RiskPage4,3
1718905775.25,1.677998,-0.8232201325245482,-0.8229911566222906,-0.00022897588503926927,RiskPage4,3
1718905775.5,1.677998,-0.8232201325245482,-0.8240681458332789,0.0008480133259581113,RiskPage4,3
1718905775.75,1.674154,-0.827317166257612,-0.8251763996418661,-0.00214076659848328,RiskPage4,3
1718905776.0,1.672872,-0.8286835547190551,-0.8263298975815404,-0.0023536571201946497,RiskPage4,3
1718905776.25,1.672872,-0.8286835547190551,-0.8275437802772431,-0.0011397744244174858,RiskPage4,3
1718905776.5,1.667747,-0.8341459110879288,-0.8288341002937555,-0.005311810776692181,RiskPage4,3
1718905776.75,1.667747,-0.8341459110879288,-0.8302175061689018,-0.0039284049014530744,RiskPage4,3
1718905777.0,1.656214,-0.8464380781127525,-0.8317108589699067,-0.014727219125179193,RiskPage4,3
1718905777.25,1.66134,-0.8409746559182458,-0.833330782709943,-0.007643873190549658,RiskPage4,3
1718905777.5,1.656214,-0.8464380781127525,-0.8350931521886307,-0.011344925906292602,RiskPage4,3
1718905777.75,1.654932,-0.8478044665741957,-0.8370125242293659,-0.010791942326937644,RiskPage4,3
1718905778.0,1.651088,-0.8519015003072595,-0.839101520813936,-0.012799979475382882,RiskPage4,3
1718905778.25,1.65237,-0.8505351118458163,-0.8413701751803433,-0.009164936647499088,PreMarketWait,4
1718905778.5,1.649807,-0.8532668229430697,-0.843825254461039,-0.009441568464039426,PreMarketWait,4
1718905778.75,1.647244,-0.8559985340403231,-0.8464695747975833,-0.009528959224748206,PreMarketWait,4
1718905779.0,1.645963,-0.8573638566761332,-0.8493013269734246,-0.008062529684734195,PreMarketWait,4
1718905779.25,1.6434,-0.8600955677733867,-0.8523134323594299,-0.00778213539601678,PreMarketWait,4
1718905779.5,1.644681,-0.8587302451375763,-0.8554929502716222,-0.0032372948480655092,PreMarketWait,4
1718905779.75,1.6434,-0.8600955677733867,-0.8588205586079275,-0.0012750091476381648,PreMarketWait,4
1718905780.0,1.645963,-0.8573638566761332,-0.8622701297789434,0.004906273120549637,PreMarketWait,4
1718905780.25,1.647244,-0.8559985340403231,-0.8658084234062551,0.009809889383580041,PreMarketWait,4
1718905780.5,1.645963,-0.8573638566761332,-0.8693949159774988,0.012031059318916942,PreMarketWait,4
1718905780.75,1.645963,-0.8573638566761332,-0.8729817855923865,0.015617928933708902,PreMarketWait,4
1718905781.0,1.640837,-0.8628272788706399,-0.8765140671129815,0.01368678825970922,PreMarketWait,4
1718905781.25,1.639556,-0.8641926015064503,-0.8799299894856474,0.015737387996489542,PreMarketWait,4
1718905781.5,1.635711,-0.8682907010651469,-0.8831615028070201,0.014870801759106392,PreMarketWait,4
1718905781.75,1.636993,-0.8669243126037037,-0.8861349979658495,0.0192106853793381,PreMarketWait,4
1718905782.0,1.631867,-0.8723877347982105,-0.8887722165295383,0.016384481748498003,PreMarketWait,4
1718905782.25,1.633149,-0.8710213463367673,-0.8909913430936091,0.019969996774006578,MarketGridChoice,4
1718905782.5,1.633149,-0.8710213463367673,-0.8927082667176984,0.02168692039810309,MarketGridChoice,4
1718905782.75,1.630586,-0.8737530574340205,-0.8938379924849288,0.020084935068096405,MarketGridChoice,4
1718905783.0,1.630586,-0.8737530574340205,-0.8942961788037511,0.020543121386939502,MarketGridChoice,4
1718905783.25,1.628023,-0.876484768531274,-0.8940007709933407,0.01751600247929557,MarketGridChoice,4
1718905783.5,1.629304,-0.8751194458954638,-0.8928736971349851,0.017754251256763828,MarketGridChoice,4
1718905783.75,1.62546,-0.8792164796285276,-0.890842588317817,0.011626108706534221,MarketGridChoice,4
1718905784.0,1.620335,-0.8846788359974012,-0.8878424824427115,0.0031636464625411473,MarketGridChoice,4
1718905784.25,1.615209,-0.8901422581919082,-0.8838174688503632,-0.00632478932434683,MarketGridChoice,4
1718905784.5,1.621616,-0.8833135133615911,-0.878722230368319,-0.004591282976125828,MarketGridChoice,4
1718905784.75,1.612646,-0.8928739692891614,-0.8725234400567411,-0.0203505292153432,MarketGridChoice,4
1718905785.0,1.612646,-0.8928739692891614,-0.8652009720594224,-0.027672997212746374,MarketGridChoice,4
1718905785.25,1.620335,-0.8846788359974012,-0.856748889564974,-0.027929946415531818,MarketGridChoice,4
1718905785.5,1.626742,-0.8778500911670843,-0.847176177921254,-0.030673913229042102,MarketGridChoice,4
1718905785.75,1.624179,-0.8805818022643376,-0.8365071973274553,-0.0440746049202065,MarketGridChoice,4
1718905786.0,1.628023,-0.876484768531274,-0.8247818370922657,-0.051702931422445905,MarketGridChoice,4
1718905786.25,1.624179,-0.8805818022643376,-0.8120553619729507,-0.0685264402749344,MarketGridChoice,4
1718905786.5,1.628023,-0.876484768531274,-0.7983979503221151,-0.07808681819280919,MarketGridChoice,4
1718905786.75,1.644681,-0.8587302451375763,-0.7838939333263945,-0.0748363117949244,MarketGridChoice,4
1718905787.0,1.681842,-0.8191230987914846,-0.7686407541073222,-0.05048234466798449,MarketGridChoice,4
1718905787.25,1.730536,-0.7672237854205689,-0.7527476743661816,-0.014476111038273905,MarketGridChoice,4
1718905787.5,1.785636,-0.7084967930449694,-0.7363342640186021,0.027837470989700408,MarketGridChoice,4
1718905787.75,1.850988,-0.6388429562803561,-0.7195287152915434,0.08068575902723259,MarketGridChoice,4
1718905788.0,1.88943,-0.5978704872984543,-0.7024660265304574,0.10459553924805419,MarketGridChoice,4
1718905788.25,1.909933,-0.5760178643460598,-0.6852861021562949,0.10926823782632374,MarketGridChoice,4
1718905788.5,1.915058,-0.5705555079771862,-0.6681318137654203,0.09757630580439458,MarketGridChoice,4
1718905788.75,1.897119,-0.589675354006694,-0.6511470635461707,0.061471709555745394,MarketGridChoice,4
1718905789.0,1.868928,-0.6197220444252155,-0.6344748855538911,0.014752841145089124,MarketGridChoice,4
1718905789.25,1.879179,-0.6087962658618349,-0.6182556136983907,0.009459347853149946,MarketGridChoice,4
1718905789.5,1.883023,-0.6046992321287713,-0.6026251383640654,-0.0020740937478976457,MarketGridChoice,4
1718905789.75,1.886867,-0.6006021983957075,-0.5877132671241214,-0.012888931254534254,MarketGridChoice,4
1718905790.0,1.891993,-0.5951387762012007,-0.5736421995608874,-0.021496576622993688,MarketGridChoice,4
1718905790.25,1.904807,-0.5814812865405669,-0.560525122085954,-0.020956164437006413,MarketGridChoice,4
1718905790.5,1.904807,-0.5814812865405669,-0.548464926005906,-0.03301636051675433,MarketGridChoice,4
1718905790.75,1.903526,-0.582846609176377,-0.5375530509060783,-0.04529355825208521,MarketGridChoice,4
1718905791.0,1.899681,-0.5869447087350737,-0.5278684556331155,-0.05907625308343691,MarketGridChoice,4
1718905791.25,1.890712,-0.596504098837011,-0.5194767205756696,-0.07702737824251817,MarketGridChoice,4
1718905791.5,1.890712,-0.596504098837011,-0.5124292873232937,-0.0840748114946046,MarketGridChoice,4
1718905791.75,1.909933,-0.5760178643460598,-0.5067628447903573,-0.06925501953631924,MarketGridChoice,4
1718905792.0,1.948375,-0.535045395364158,-0.5024988740859389,-0.0325465212585897,MarketGridChoice,4
1718905792.25,1.997069,-0.4831460819932424,-0.49964336725222674,0.01649728527883118,MarketGridChoice,4
1718905792.5,2.040636,-0.4367112566424664,-0.4981867368796951,0.06147548025726114,MarketGridChoice,4
1718905792.75,2.063702,-0.4121269225928188,-0.4981039339551369,0.08597701138250202,MarketGridChoice,4
1718905793.0,2.070109,-0.405298177762502,-0.4993547896651748,0.09405661192297204,MarketGridChoice,4
1718905793.25,2.066265,-0.4093952114955655,-0.5018845930699264,0.09248938159473763,MarketGridChoice,4
1718905793.5,2.047043,-0.4298825118121496,-0.5056249106963038,0.07574239890456863,MarketGridChoice,4
1718905793.75,2.018852,-0.4599292022306711,-0.5104946465912296,0.05056544438096902,MarketGridChoice,4
1718905794.0,1.98938,-0.49134121528500263,-0.5164013328518638,0.025060117587225816,MarketGridChoice,4
1718905794.25,1.967596,-0.5145591608732071,-0.523242631846922,0.008683470993991867,MarketGridChoice,4
1718905794.5,1.943249,-0.5405088175586648,-0.5309080229846758,-0.009600794553840448,MarketGridChoice,4
1718905794.75,1.924028,-0.5609950520496156,-0.5392806395910116,-0.021714412438623248,MarketGridChoice,4
1718905795.0,1.908651,-0.577384252807503,-0.5482392156956073,-0.029145037092120647,MarketGridChoice,4
1718905795.25,1.897119,-0.589675354006694,-0.5576600985646949,-0.03201525542246609,MarketGridChoice,4
1718905795.5,1.888149,-0.5992358099342643,-0.5674192807713133,-0.031816529143694455,MarketGridChoice,4
1718905795.75,1.876616,-0.6115279769590881,-0.5773944054190908,-0.034133571521048345,MarketGridChoice,4
1718905796.0,1.872772,-0.6156250106921517,-0.5874666996830018,-0.028158310990536353,MarketGridChoice,4
1718905796.25,1.861239,-0.6279171777169755,-0.5975227948745387,-0.03039438282418251,MarketGridChoice,4
1718905796.5,1.858676,-0.630648888814229,-0.6074563955105148,-0.02319249328583859,MarketGridChoice,4
1718905796.75,1.853551,-0.6361112451831028,-0.6171697650773679,-0.018941480088253144,MarketGridChoice,4
1718905797.0,1.849707,-0.6402082789161664,-0.6265750020494681,-0.01363327684962147,MarketGridChoice,4
1718905797.25,1.8433,-0.6470370237464835,-0.6355950859670196,-0.011441937762800437,MarketGridChoice,4
1718905797.5,1.839455,-0.6511351233051799,-0.6441646797575387,-0.006970443531396076,MarketGridChoice,4
1718905797.75,1.83433,-0.6565974796740538,-0.6522306807785788,-0.004366798879649577,MarketGridChoice,4
1718905798.0,1.830485,-0.6606955792327505,-0.6597525190903313,-0.0009430601270109008,MarketGridChoice,4
1718905798.25,1.826641,-0.664792612965814,-0.6667022070952686,0.0019095941444532494,MarketGridChoice,4
1718905798.5,1.824078,-0.6675243240630673,-0.6730641498041808,0.005539825755715605,MarketGridChoice,4
1718905798.75,1.815109,-0.6770837141650047,-0.6788347295326894,0.00175101538190911,MarketGridChoice,4
1718905799.0,1.809983,-0.6825471363595117,-0.6840216827589201,0.001474546413279574,MarketGridChoice,4
1718905799.25,1.80742,-0.6852788474567649,-0.6886432901678068,0.0033644427245904003,MarketGridChoice,4
1718905799.5,1.803576,-0.6893758811898285,-0.6927274035777329,0.0033515224011668905,MarketGridChoice,4
1718905799.75,1.794606,-0.6989363371173991,-0.6963103355103297,-0.00262600159404976,MarketGridChoice,4
1718905800.0,1.794606,-0.6989363371173991,-0.6994356386477689,0.0004993015431969221,MarketGridChoice,4
1718905800.25,1.790762,-0.7030333708504627,-0.7021528033463253,-0.0008805674914458411,MarketGridChoice,4
1718905800.5,1.792043,-0.7016680482146523,-0.7045159017589552,0.0028478535569209686,MarketGridChoice,4
1718905800.75,1.794606,-0.6989363371173991,-0.7065822069756078,0.007645869870820346,MarketGridChoice,4
1718905801.0,1.795887,-0.6975710144815888,-0.7084108149248125,0.010839800455900616,MarketGridChoice,4
1718905801.25,1.793325,-0.7003016597532091,-0.7100612956007062,0.009759635860314222,MarketGridChoice,4
1718905801.5,1.792043,-0.7016680482146523,-0.7115923985030942,0.009924350301476072,MarketGridChoice,4
1718905801.75,1.788199,-0.7057650819477159,-0.7130608350405057,0.00729575310611804,MarketGridChoice,4
1718905802.0,1.790762,-0.7030333708504627,-0.7145201581058367,0.011486787269070521,MarketGridChoice,4
1718905802.25,1.790762,-0.7030333708504627,-0.7160197561670794,0.012986385330749417,MarketGridChoice,4
1718905802.5,1.788199,-0.7057650819477159,-0.7176039761074449,0.011838894174356226,MarketGridChoice,4
1718905802.75,1.781792,-0.712593826778033,-0.7193113857896305,0.0067175590267658705,MarketGridChoice,4
1718905803.0,1.772822,-0.7221542827056036,-0.7211741840013278,-0.0009800986885319732,MarketGridChoice,4
1718905803.25,1.774103,-0.7207889600697932,-0.7232177621600989,0.0024288021066466306,ForecastPage,4
1718905803.5,1.768978,-0.726251316438667,-0.725460419010156,-0.0007908974115634866,ForecastPage,4
1718905803.75,1.765134,-0.7303483501717306,-0.7279132266126748,-0.0024351235415047377,ForecastPage,4
1718905804.0,1.761289,-0.734446449730427,-0.7305800432730256,-0.003866406439261224,ForecastPage,4
1718905804.25,1.760008,-0.7358117723662374,-0.7334576666951373,-0.0023541056523961375,ForecastPage,4
1718905804.5,1.756164,-0.739908806099301,-0.736536118616296,-0.0033726874637725474,ForecastPage,4
1718905804.75,1.756164,-0.739908806099301,-0.7397990504505825,-0.00010975562900174957,ForecastPage,4
1718905805.0,1.753601,-0.7426405171965544,-0.7432242580403624,0.0005837408639567908,ForecastPage,4
1718905805.25,1.748475,-0.7481039393910612,-0.7467842924611229,-0.0013196469094166711,ForecastPage,4
1718905805.5,1.745912,-0.7508356504883147,-0.7504471529234493,-0.00038849754403549874,ForecastPage,4
1718905805.75,1.738224,-0.7590297179544419,-0.7541770471493278,-0.0048526707840444196,ForecastPage,4
1718905806.0,1.73438,-0.7631267516875054,-0.7579352041561683,-0.005191547510098605,ForecastPage,4
1718905806.25,1.731817,-0.7658584627847589,-0.7616807241516206,-0.004177738611802631,ForecastPage,4
1718905806.5,1.729254,-0.7685901738820121,-0.7653714502131312,-0.003218723647518601,ForecastPage,4
1718905806.75,1.73438,-0.7631267516875054,-0.7689648465781979,0.005838094912012658,ForecastPage,4
1718905807.0,1.731817,-0.7658584627847589,-0.772418868676027,0.006560405912481387,ForecastPage,4
1718905807.25,1.724128,-0.7740535960765189,-0.7756928104581662,0.0016392144026939216,ForecastPage,4
1718905807.5,1.724128,-0.7740535960765189,-0.7787481151126336,0.004694519056941569,ForecastPage,4
1718905807.75,1.720284,-0.7781506298095827,-0.7815491358694924,0.0033985060804719094,ForecastPage,4
1718905808.0,1.71644,-0.7822476635426463,-0.7840638343424159,0.0018161708200314097,ForecastPage,4
1718905808.25,1.712596,-0.7863446972757098,-0.7862644047309013,-8.029252487221853e-05,ForecastPage,4
1718905808.5,1.706189,-0.7931734421060269,-0.7881278132657691,-0.005045628820662077,ForecastPage,4
1718905808.75,1.706189,-0.7931734421060269,-0.7896362435475635,-0.003537198539212939,ForecastPage,4
1718905809.0,1.706189,-0.7931734421060269,-0.7907774399262153,-0.0023960021609019445,ForecastPage,4
1718905809.25,1.6985,-0.8013685753977872,-0.7915449428105356,-0.00982363256867097,ForecastPage,4
1718905809.5,1.694656,-0.8054656091308506,-0.7919382117713966,-0.013527397341185163,ForecastPage,4
1718905809.75,1.695938,-0.8040992206694075,-0.7919626344901409,-0.012136586161287658,ForecastPage,4
1718905810.0,1.693375,-0.8068309317666608,-0.791629421964926,-0.0152015097840202,ForecastPage,4
1718905810.25,1.699782,-0.800002186936344,-0.7909553928646771,-0.009046794054189065,ForecastPage,4
1718905810.5,1.701063,-0.7986368643005336,-0.7899626524336837,-0.008674211849579814,ForecastPage,4
1718905810.75,1.695938,-0.8040992206694075,-0.7886781738007042,-0.015421046851611268,ForecastPage,4
1718905811.0,1.710033,-0.7890764083729633,-0.7871332918248739,-0.0019431165311455654,ForecastPage,4
1718905811.25,1.727973,-0.7699554965178225,-0.7853631216063397,0.0154076251053421,ForecastPage,4
1718905811.5,1.733098,-0.7644931401489485,-0.7834059154000235,0.018912775267810916,ForecastPage,4
1718905811.75,1.731817,-0.7658584627847589,-0.7813023728126192,0.015443910044539207,ForecastPage,4
1718905812.0,1.73438,-0.7631267516875054,-0.7790949197888877,0.015968168118037543,ForecastPage,4
1718905812.25,1.724128,-0.7740535960765189,-0.7768269720128583,0.002773375953005912,ForecastPage,4
1718905812.5,1.71644,-0.7822476635426463,-0.7745421980328062,-0.007705465493126534,ForecastPage,4
1718905812.75,1.713877,-0.7849793746398995,-0.7722837967768121,-0.012695577846290357,ForecastPage,4
1718905813.0,1.715159,-0.7836129861784563,-0.7700938032737733,-0.01351918288776676,ForecastPage,4
1718905813.25,1.724128,-0.7740535960765189,-0.7680124354162368,-0.006041160643212327,ForecastPage,4
1718905813.5,1.742068,-0.7549326842213783,-0.7660774935247279,0.011144809320604337,ForecastPage,4
1718905813.75,1.742068,-0.7549326842213783,-0.7643238232711481,0.009391139067236959,ForecastPage,4
1718905814.0,1.749757,-0.746737550929618,-0.762782851131643,0.01604530021972632,ForecastPage,4
1718905814.25,1.74335,-0.7535662957599351,-0.7614821999120504,0.007915904170066322,ForecastPage,4
1718905814.5,1.744631,-0.7522009731241248,-0.7604453900042076,0.00824441689829143,ForecastPage,4
1718905814.75,1.742068,-0.7549326842213783,-0.7596916299219619,0.004758945719050844,ForecastPage,4
1718905815.0,1.744631,-0.7522009731241248,-0.7592356974044766,0.007034724299072591,ForecastPage,4
1718905815.25,1.747194,-0.7494692620268715,-0.7590879100514296,0.009618648043522426,ForecastPage,4
1718905815.5,1.74335,-0.7535662957599351,-0.7592541821578329,0.005687886417091253,ForecastPage,4
1718905815.75,1.74335,-0.7535662957599351,-0.7597361622232597,0.006169866482728268,ForecastPage,4
1718905816.0,1.739505,-0.7576643953186315,-0.7605314435910812,0.0028670482920412623,ForecastPage,4
1718905816.25,1.738224,-0.7590297179544419,-0.7616338388944303,0.0026041209597422303,ForecastPage,4
1718905816.5,1.731817,-0.7658584627847589,-0.7630337075110686,-0.0028247552538033273,ForecastPage,4
1718905816.75,1.72541,-0.7726872076150757,-0.7647183241167884,-0.007968883478298362,ForecastPage,4
1718905817.0,1.72541,-0.7726872076150757,-0.7666722757218082,-0.006014931873208798,ForecastPage,4
1718905817.25,1.721566,-0.7767842413481395,-0.7688778743040697,-0.00790636702397399,ForecastPage,4
1718905817.5,1.719003,-0.7795159524453927,-0.7713155723215355,-0.008200380103757442,ForecastPage,4
1718905817.75,1.724128,-0.7740535960765189,-0.7739643689714537,-8.922708499504127e-05,ForecastPage,4
1718905818.0,1.717721,-0.780882340906836,-0.7768021960254509,-0.00408014486137938,ForecastPage,4
1718905818.25,1.712596,-0.7863446972757098,-0.7798062733498726,-0.0065384239059315934,ForecastPage,4
1718905818.5,1.710033,-0.7890764083729633,-0.7829534257636107,-0.006122982589582222,ForecastPage,4
1718905818.75,1.703626,-0.7959051532032801,-0.7862203546386995,-0.009684798544978666,ForecastPage,4
1718905819.0,1.702345,-0.7972704758390905,-0.7895838595660323,-0.00768661625365617,ForecastPage,4
1718905819.25,1.702345,-0.7972704758390905,-0.7930210074433286,-0.004249468376588947,ForecastPage,4
1718905819.5,1.695938,-0.8040992206694075,-0.7965092484419913,-0.007589972208499723,ForecastPage,4
1718905819.75,1.695938,-0.8040992206694075,-0.8000264804123743,-0.004072740238397863,ForecastPage,4
1718905820.0,1.690812,-0.8095626428639142,-0.8035510653274757,-0.006011577518105194,ForecastPage,4
1718905820.25,1.688249,-0.8122943539611676,-0.8070618032784955,-0.0052325506646559855,ForecastPage,4
1718905820.5,1.688249,-0.8122943539611676,-0.810537871261898,-0.0017564826815788675,ForecastPage,4
1718905820.75,1.681842,-0.8191230987914846,-0.8139587354812927,-0.005164363292826696,ForecastPage,4
1718905821.0,1.680561,-0.8204884214272948,-0.8173040470775068,-0.0031843743327393346,ForecastPage,4
1718905821.25,1.685686,-0.815026065058421,-0.8205535320499296,0.005527467008259783,ForecastPage,4
1718905821.5,1.679279,-0.821854809888738,-0.8236868866002087,0.0018320767279516783,ForecastPage,4
1718905821.75,1.681842,-0.8191230987914846,-0.8266836891817576,0.007560590406517284,ForecastPage,4
1718905822.0,1.676716,-0.8245865209859913,-0.8295233401528955,0.004936819182950622,ForecastPage,4
1718905822.25,1.679279,-0.821854809888738,-0.832185039102139,0.01033022922929315,ForecastPage,4
1718905822.5,1.676716,-0.8245865209859913,-0.8346478086557477,0.010061287685540958,ForecastPage,4
1718905822.75,1.675435,-0.8259518436218016,-0.8368905719241979,0.01093872831812178,ForecastPage,4
1718905823.0,1.670309,-0.8314152658163083,-0.838892288746911,0.007477022946318671,ForecastPage,4
1718905823.25,1.666465,-0.8355122995493719,-0.8406321536190352,0.005119854085418938,ForecastPage,4
1718905823.5,1.669028,-0.8327805884521187,-0.8420898557079046,0.009309267271628157,ForecastPage,4
1718905823.75,1.667747,-0.8341459110879288,-0.8432458987737529,0.00909998770179564,ForecastPage,4
1718905824.0,1.665184,-0.8368776221851822,-0.8440819761823889,0.007204354013344825,ForecastPage,4
1718905824.25,1.671591,-0.8300488773548652,-0.8445813936152431,0.014532516276713514,ForecastPage,4
1718905824.5,1.666465,-0.8355122995493719,-0.844729529619775,0.009217230086960798,ForecastPage,4
1718905824.75,1.66134,-0.8409746559182458,-0.8445143218776927,0.0035396659762450605,ForecastPage,4
1718905825.0,1.662621,-0.8396093332824357,-0.8439267650821006,0.004317431816717128,ForecastPage,4
1718905825.25,1.660058,-0.842341044379689,-0.8429614046943622,0.0006203603319891175,ForecastPage,4
1718905825.5,1.658777,-0.8437063670154993,-0.8416168096819489,-0.0020895573159636985,ForecastPage,4
1718905825.75,1.65237,-0.8505351118458163,-0.8398960066928353,-0.010639105135118827,ForecastPage,4
1718905826.0,1.656214,-0.8464380781127525,-0.8378068580526667,-0.008631220041945624,ForecastPage,4
1718905826.25,1.663902,-0.8382440106466255,-0.8353623665051801,-0.0028816441230265256,ForecastPage,4
1718905826.5,1.660058,-0.842341044379689,-0.8325808907534095,-0.009760153607584417,ForecastPage,4
1718905826.75,1.665184,-0.8368776221851822,-0.8294862575706244,-0.007391364595593159,ForecastPage,4
1718905827.0,1.651088,-0.8519015003072595,-0.8261077584855738,-0.025793741802464507,ForecastPage,4
1718905827.25,1.669028,-0.8327805884521187,-0.8224800217429473,-0.010300566689713325,ForecastPage,4
1718905827.5,1.677998,-0.8232201325245482,-0.8186427533231534,-0.00457737918172621,ForecastPage,4
1718905827.75,1.686968,-0.8136596765969778,-0.8146403441866005,0.0009806676094691585,ForecastPage,4
1718905828.0,1.693375,-0.8068309317666608,-0.810521344480902,0.003690412734226805,ForecastPage,4
1718905828.25,1.694656,-0.8054656091308506,-0.8063378091046772,0.0008721999939063784,ForecastPage,4
1718905828.5,1.685686,-0.815026065058421,-0.802144522667188,-0.012881542371108974,ForecastPage,4
1718905828.75,1.680561,-0.8204884214272948,-0.797998115461427,-0.02249030594575288,ForecastPage,4
1718905829.0,1.684405,-0.8163913876942314,-0.7939560855508142,-0.022435302123366585,ForecastPage,4
1718905829.25,1.681842,-0.8191230987914846,-0.7900757454311055,-0.02904735334044821,ForecastPage,4
1718905829.5,1.692093,-0.808197320228104,-0.7864131149152431,-0.021784205293101603,ForecastPage,4
1718905829.75,1.70747,-0.7918081194702166,-0.7830217847941053,-0.008786334656570466,ForecastPage,4
1718905830.0,1.735661,-0.7617614290516953,-0.779951778292313,0.01819034925989929,ForecastPage,4
1718905830.25,1.735661,-0.7617614290516953,-0.7772484391761929,0.015487010143486208,ForecastPage,4
1718905830.5,1.73438,-0.7631267516875054,-0.7749513763988781,0.01182462473004218,ForecastPage,4
1718905830.75,1.735661,-0.7617614290516953,-0.7730934952553613,0.011332066221998277,ForecastPage,4
1718905831.0,1.719003,-0.7795159524453927,-0.7717001441206477,-0.007815808306760517,ForecastPage,4
1718905831.25,1.706189,-0.7931734421060269,-0.7707884039902609,-0.02238503809813334,ForecastPage,4
1718905831.5,1.693375,-0.8068309317666608,-0.7703665453127161,-0.036464386436660966,ForecastPage,4
1718905831.75,1.745912,-0.7508356504883147,-0.7704336730698493,0.019598022598479526,ForecastPage,4
1718905832.0,1.790762,-0.7030333708504627,-0.7709795767431639,0.06794620590932463,ForecastPage,4
1718905832.25,1.803576,-0.6893758811898285,-0.7719847966594561,0.08260891548595359,ForecastPage,4
1718905832.5,1.79845,-0.6948393033843353,-0.7734209121771242,0.078581608808847,ForecastPage,4
1718905832.75,1.780511,-0.7139591494138433,-0.7752510502798741,0.06129190088185382,ForecastPage,4
1718905833.0,1.765134,-0.7303483501717306,-0.777430605594403,0.047082255438294814,ForecastPage,4
1718905833.25,1.713877,-0.7849793746398995,-0.7799081550605242,-0.005071219563918705,MarketWaitPage,4
1718905833.5,1.6985,-0.8013685753977872,-0.7826265430165027,-0.018742032365958762,MarketWaitPage,4
1718905833.75,1.692093,-0.808197320228104,-0.7855241059015133,-0.02267321431135968,MarketWaitPage,4
1718905834.0,1.697219,-0.8027338980335972,-0.7885360006067734,-0.01419789741165002,MarketWaitPage,4
1718905834.25,1.697219,-0.8027338980335972,-0.7915955970378765,-0.011138300980566155,MarketWaitPage,4
1718905834.5,1.685686,-0.815026065058421,-0.7946358938013877,-0.020390171241859406,MarketWaitPage,4
1718905834.75,1.686968,-0.8136596765969778,-0.7975909160651403,-0.016068760516605766,MarketWaitPage,4
1718905835.0,1.672872,-0.8286835547190551,-0.8003970564465323,-0.028286498257196688,MarketWaitPage,4
1718905835.25,1.65237,-0.8505351118458163,-0.8029943231094799,-0.047540788720882785,MarketWaitPage,4
1718905835.5,1.630586,-0.8737530574340205,-0.8053274639400532,-0.06842559347835778,MarketWaitPage,4
1718905835.75,1.589581,-0.9174572375131762,-0.8073469415399838,-0.11011029595740328,MarketWaitPage,4
1718905836.0,1.635711,-0.8682907010651469,-0.8090097405851858,-0.05928096046397443,MarketWaitPage,4
1718905836.25,1.693375,-0.8068309317666608,-0.810279996502598,0.0034490647521315254,MarketWaitPage,4
1718905836.5,1.71644,-0.7822476635426463,-0.8111294419573881,0.028881778431146754,MarketWaitPage,4
1718905836.75,1.721566,-0.7767842413481395,-0.811537674754833,0.03475343342330538,MarketWaitPage,4
1718905837.0,1.717721,-0.780882340906836,-0.8114922569033214,0.030609916013293957,MarketWaitPage,4
1718905837.25,1.720284,-0.7781506298095827,-0.810988659368403,0.03283802957580853,RoundResultsPage,4
1718905837.5,1.712596,-0.7863446972757098,-0.8100300703229955,0.02368537306443078,RoundResultsPage,4
1718905837.75,1.703626,-0.7959051532032801,-0.808627086537799,0.012721933351793724,RoundResultsPage,4
1718905838.0,1.708752,-0.7904417310087734,-0.8067973081681384,0.01635557717673931,RoundResultsPage,4
1718905838.25,1.70747,-0.7918081194702166,-0.8045648568379169,0.012756737385143116,RoundResultsPage,4
1718905838.5,1.710033,-0.7890764083729633,-0.8019598358490914,0.012883427493610884,RoundResultsPage,4
1718905838.75,1.70747,-0.7918081194702166,-0.799017749772459,0.00720963031974052,RoundResultsPage,4
1718905839.0,1.711314,-0.787711085737153,-0.7957788987803645,0.008067813060704442,RoundResultsPage,4
1718905839.25,1.704907,-0.79453983056747,-0.7922877610108174,-0.0022520695391803174,RoundResultsPage,4
1718905839.5,1.70747,-0.7918081194702166,-0.7885923741285995,-0.00321574532417682,RoundResultsPage,4
1718905839.75,1.701063,-0.7986368643005336,-0.7847437251731149,-0.013893139110016807,RoundResultsPage,4
1718905840.0,1.713877,-0.7849793746398995,-0.7807951558286372,-0.004184218793899852,RoundResultsPage,4
1718905840.25,1.717721,-0.780882340906836,-0.776801788459546,-0.004080552429963569,RoundResultsPage,4
1718905840.5,1.729254,-0.7685901738820121,-0.7728199766224808,0.004229802757767302,RoundResultsPage,4
1718905840.75,1.733098,-0.7644931401489485,-0.7689067822680254,0.0044136421363606005,RoundResultsPage,4
1718905841.0,1.744631,-0.7522009731241248,-0.7651194804298872,0.01291850732304899,RoundResultsPage,4
1718905841.25,1.747194,-0.7494692620268715,-0.7615150908296271,0.012045828820066457,RoundResultsPage,4
1718905841.5,1.748475,-0.7481039393910612,-0.7581499344851955,0.010045995111492522,RoundResultsPage,4
1718905841.75,1.753601,-0.7426405171965544,-0.7550792121217124,0.012438694942586166,RoundResultsPage,4
1718905842.0,1.748475,-0.7481039393910612,-0.7523565999970638,0.004252660623521292,RoundResultsPage,4
1718905842.25,1.745912,-0.7508356504883147,-0.7500338577530808,-0.0008017927176071265,RoundResultsPage,4
1718905842.5,1.74335,-0.7535662957599351,-0.7481604421783422,-0.005405853563843671,RoundResultsPage,4
1718905842.75,1.748475,-0.7481039393910612,-0.7467831204110699,-0.001320818962108779,RoundResultsPage,4
1718905843.0,1.742068,-0.7549326842213783,-0.745945576191739,-0.008987108011615256,RoundResultsPage,4
1718905843.25,1.742068,-0.7549326842213783,-0.7456880033367428,-0.009244680866465347,RoundResultsPage,4
1718905843.5,1.735661,-0.7617614290516953,-0.7460466816555118,-0.01571474737786757,RoundResultsPage,4
1718905843.75,1.735661,-0.7617614290516953,-0.7470535320529949,-0.014707896980244401,RoundResultsPage,4
1718905844.0,1.73438,-0.7631267516875054,-0.7487356495008417,-0.014391102168078148,RoundResultsPage,4
1718905844.25,1.731817,-0.7658584627847589,-0.751114814852684,-0.014743647913375303,RoundResultsPage,4
1718905844.5,1.730536,-0.7672237854205689,-0.7542069890259109,-0.013016796375862899,RoundResultsPage,4
1718905844.75,1.730536,-0.7672237854205689,-0.7580217957583839,-0.009201989643313625,RoundResultsPage,4
1718905845.0,1.721566,-0.7767842413481395,-0.7625620018457886,-0.014222239483421021,RoundResultsPage,4
1718905845.25,1.722847,-0.7754189187123292,-0.7678230063431348,-0.007595912350220051,RoundResultsPage,4
1718905845.5,1.721566,-0.7767842413481395,-0.7737923525458651,-0.002991888783265421,RoundResultsPage,4
1718905845.75,1.713877,-0.7849793746398995,-0.7804492785340699,-0.004530096086790709,RoundResultsPage,4
1718905846.0,1.71644,-0.7822476635426463,-0.7877643235607443,0.005516660037165854,RoundResultsPage,4
1718905846.25,1.704907,-0.79453983056747,-0.7956990085006498,0.0011591779522776438,RoundResultsPage,4
1718905846.5,1.701063,-0.7986368643005336,-0.80420560888035,0.005568744598945272,RoundResultsPage,4
1718905846.75,1.706189,-0.7931734421060269,-0.8132270386388271,0.020053596551960182,RoundResultsPage,4
1718905847.0,1.693375,-0.8068309317666608,-0.8226968617065985,0.01586592995912646,RoundResultsPage,4
1718905847.25,1.694656,-0.8054656091308506,-0.8325394467539101,0.027073837642271482,RoundResultsPage,4
1718905847.5,1.674154,-0.827317166257612,-0.8426702780933216,0.015353111854935646,RoundResultsPage,4
1718905847.75,1.648525,-0.8546332114045128,-0.8529964328159046,-0.0016367785693823765,RoundResultsPage,4
1718905848.0,1.636993,-0.8669243126037037,-0.8634172309192871,-0.00350708166521063,RoundResultsPage,4
1718905848.25,1.622897,-0.8819481907257808,-0.873825061599339,-0.008123129107279517,RiskPage1,4
1718905848.5,1.61649,-0.8887769355560978,-0.884106385167734,-0.0046705503692731805,RiskPage1,4
1718905848.75,1.610083,-0.8956056803864149,-0.894142906327408,-0.0014627740400183415,RiskPage1,4
1718905849.0,1.604958,-0.9010680367552886,-0.903812910833092,0.002744874096657744,RiskPage1,4
1718905849.25,1.599832,-0.9065314589497956,-0.9129927538819981,0.0064612949508912505,RiskPage1,4
1718905849.5,1.592144,-0.9147255264159226,-0.9215584848933807,0.006832958495952252,RiskPage1,4
1718905849.75,1.590862,-0.9160919148773659,-0.9293875896195161,0.013295674760425466,RiskPage1,4
1718905850.0,1.590862,-0.9160919148773659,-0.9363608267785424,0.020268911919214688,RiskPage1,4
1718905850.25,1.589581,-0.9174572375131762,-0.9423641326336772,0.024906895138291647,RiskPage1,4
1718905850.5,1.587018,-0.9201889486104294,-0.9472905632178507,0.027101614624962196,RiskPage1,4
1718905850.75,1.579329,-0.9283840819021897,-0.9510422403082593,0.022658158423367585,RiskPage1,4
1718905851.0,1.574204,-0.9338464382710635,-0.9535322639228212,0.019685825668827685,RiskPage1,4
1718905851.25,1.57036,-0.9379434720041271,-0.9546865512109604,0.016743079223697943,RiskPage1,4
1718905851.5,1.57036,-0.9379434720041271,-0.9544455593449795,0.016502087357540905,RiskPage1,4
1718905851.75,1.57036,-0.9379434720041271,-0.9527658485971918,0.01482237660961099,RiskPage1,4
1718905852.0,1.562671,-0.9461386052958873,-0.9496214414168979,0.0034828361374531665,RiskPage1,4
1718905852.25,1.557545,-0.9516020274903941,-0.9450049341871252,-0.006597093286887063,RiskPage1,4
1718905852.5,1.557545,-0.9516020274903941,-0.9389283206068035,-0.012673706867222728,RiskPage1,4
1718905852.75,1.556264,-0.9529673501262041,-0.9314234894413914,-0.02154386066840918,RiskPage1,4
1718905853.0,1.549857,-0.9597960949565212,-0.9225423648001654,-0.03725373013986512,RiskPage1,4
1718905853.25,1.549857,-0.9597960949565212,-0.9123566641556032,-0.04743943078428982,RiskPage1,4
1718905853.5,1.544731,-0.965259517151028,-0.9009572579676839,-0.06430225916653125,RiskPage1,4
1718905853.75,1.546013,-0.9638931286895848,-0.8884531248753035,-0.07544000379724092,RiskPage1,4
1718905854.0,1.540887,-0.9693565508840918,-0.8749699077329606,-0.09438664313382786,RiskPage1,4
1718905854.25,1.539606,-0.9707218735199018,-0.8606480879587143,-0.11007378554359536,RiskPage2,4
1718905854.5,1.630586,-0.8737530574340205,-0.8456408082548765,-0.02811224916124793,RiskPage2,4
1718905854.75,1.633149,-0.8710213463367673,-0.830111386180797,-0.0409099601377657,RiskPage2,4
1718905855.0,1.645963,-0.8573638566761332,-0.8142305726149718,-0.04313328404265292,RiskPage2,4
1718905855.25,1.744631,-0.7522009731241248,-0.7981736191250794,0.04597264601975405,RiskPage2,4
1718905855.5,1.777948,-0.7166908605110965,-0.7821172260107712,0.06542636551874462,RiskPage2,4
1718905855.75,1.793325,-0.7003016597532091,-0.7662364477791959,0.06593478804530054,RiskPage2,4
1718905856.0,1.802294,-0.6907422696512717,-0.7507016347440211,0.05995936511227461,RiskPage2,4
1718905856.25,1.804857,-0.6880105585540185,-0.7356754882350428,0.047664929700723564,RiskPage2,4
1718905856.5,1.815109,-0.6770837141650047,-0.7213103027499486,0.04422658860477571,RiskPage2,4
1718905856.75,1.831767,-0.6593291907713072,-0.7077454616590623,0.04841627090767658,RiskPage2,4
1718905857.0,1.838174,-0.6525004459409902,-0.6951052442831985,0.04260479836217728,RiskPage2,4
1718905857.25,1.849707,-0.6402082789161664,-0.6834969918179759,0.043288712921784545,RiskPage2,4
1718905857.5,1.857395,-0.6320142114500393,-0.6730096681616123,0.04099545673151504,RiskPage2,4
1718905857.75,1.857395,-0.6320142114500393,-0.6637128396703329,0.0316986282401657,RiskPage2,4
1718905858.0,1.853551,-0.6361112451831028,-0.6556560856441168,0.019544840480782227,RiskPage2,4
1718905858.25,1.853551,-0.6361112451831028,-0.6488688393428279,0.012757594179359743,RiskPage2,4
1718905858.5,1.854832,-0.6347459225472926,-0.6433606479282525,0.008614725400436878,RiskPage2,4
1718905858.75,1.852269,-0.637477633644546,-0.6391218292573118,0.0016441956320669146,RiskPage2,4
1718905859.0,1.848425,-0.6415746673776096,-0.6361244941917062,-0.005450173166789286,RiskPage2,4
1718905859.25,1.844581,-0.6456717011106732,-0.6343238952459401,-0.0113478058458109,RiskPage3,4
1718905859.5,1.8433,-0.6470370237464835,-0.6336600561065089,-0.013376967621242724,RiskPage3,4
1718905859.75,1.838174,-0.6525004459409902,-0.6340596318939098,-0.018440814028530914,RiskPage3,4
1718905860.0,1.836892,-0.6538668344024334,-0.6354379470213626,-0.01842888736269084,RiskPage3,4
1718905860.25,1.83433,-0.6565974796740538,-0.6377011560912892,-0.0188963235645372,RiskPage3,4
1718905860.5,1.826641,-0.664792612965814,-0.6407484733775759,-0.024044139570144195,RiskPage3,4
1718905860.75,1.824078,-0.6675243240630673,-0.644474417945969,-0.023049906099117584,RiskPage3,4
1718905861.0,1.826641,-0.664792612965814,-0.6487710242161631,-0.016021588731763445,RiskPage3,4
1718905861.25,1.817671,-0.6743530688933843,-0.6535299715962213,-0.020823097279350396,RiskPage3,4
1718905861.5,1.815109,-0.6770837141650047,-0.6586445915376017,-0.018439122609649396,RiskPage3,4
1718905861.75,1.811264,-0.6811818137237013,-0.6640117157747325,-0.01717009793125983,RiskPage3,4
1718905862.0,1.809983,-0.6825471363595117,-0.6695333354350649,-0.013013800906768298,RiskPage3,4
1718905862.25,1.80742,-0.6852788474567649,-0.6751180469486187,-0.010160800490483457,RiskPage3,4
1718905862.5,1.804857,-0.6880105585540185,-0.6806822670743318,-0.0073282914620234375,RiskPage3,4
1718905862.75,1.797169,-0.6962046260201455,-0.6861512057304049,-0.010053420272058588,RiskPage3,4
1718905863.0,1.793325,-0.7003016597532091,-0.6914595915208422,-0.008842068214646295,RiskPage3,4
1718905863.25,1.790762,-0.7030333708504627,-0.6965521507649106,-0.006481220067773188,RiskPage3,4
1718905863.5,1.788199,-0.7057650819477159,-0.7013838463543339,-0.0043812355755256166,RiskPage3,4
1718905863.75,1.786918,-0.7071304045835263,-0.7059198877932783,-0.001210516772296789,RiskPage3,4
1718905864.0,1.785636,-0.7084967930449694,-0.7101355282373291,0.0016387352104211047,RiskPage3,4
1718905864.25,1.780511,-0.7139591494138433,-0.7140156681690843,5.651877342566919e-05,RiskPage4,4
1718905864.5,1.780511,-0.7139591494138433,-0.717554288473817,0.003595139078291277,RiskPage4,4
1718905864.75,1.779229,-0.7153255378752864,-0.7207537380717293,0.005428200214900227,RiskPage4,4
1718905865.0,1.779229,-0.7153255378752864,-0.7236239029060231,0.00829836504933779,RiskPage4,4
1718905865.25,1.777948,-0.7166908605110965,-0.7261812839785321,0.009490423486182141,RiskPage4,4
1718905865.5,1.779229,-0.7153255378752864,-0.7284480122837036,0.013122474427308694,RiskPage4,4
1718905865.75,1.772822,-0.7221542827056036,-0.7304508279511142,0.008296545264544045,RiskPage4,4
1718905866.0,1.775385,-0.71942257160835,-0.7322200497189237,0.01279747812974277,RiskPage4,4
1718905866.25,1.771541,-0.7235196053414136,-0.7337885590964518,0.010268953774332418,RiskPage4,4
1718905866.5,1.768978,-0.726251316438667,-0.7351908213189977,0.008939504899735193,RiskPage4,4
1718905866.75,1.767696,-0.7276177049001102,-0.7364619625470649,0.008844257666450313,RiskPage4,4
1718905867.0,1.767696,-0.7276177049001102,-0.7376369198140823,0.01001921493353615,RiskPage4,4
1718905867.25,1.763852,-0.7317147386331738,-0.7387496770799431,0.007034938466374912,RiskPage4,4
1718905867.5,1.761289,-0.734446449730427,-0.7398325974972667,0.005386147786456333,RiskPage4,4
1718905867.75,1.760008,-0.7358117723662374,-0.7409158587334659,0.005104086386823584,RiskPage4,4
1718905868.0,1.760008,-0.7358117723662374,-0.7420269949988452,0.006215222652147829,RiskPage4,4
1718905868.25,1.757445,-0.7385434834634909,-0.7431905463863332,0.004647062942294939,RiskPage4,4
1718905868.5,1.749757,-0.746737550929618,-0.7444278133006477,-0.0023097376096348106,RiskPage4,4
1718905868.75,1.745912,-0.7508356504883147,-0.7457567112032661,-0.00507893926585532,RiskPage4,4
1718905869.0,1.751038,-0.7453722282938077,-0.747191718674852,0.0018194904000746097,RiskPage4,4
1718905869.25,1.747194,-0.7494692620268715,-0.7487439099370323,-0.0007253520709870759,PreMarketWait,5
1718905869.5,1.745912,-0.7508356504883147,-0.7504210615024453,-0.00041458896720483925,PreMarketWait,5
1718905869.75,1.740787,-0.7562980068571883,-0.7522278215406967,-0.004070185298017774,PreMarketWait,5
1718905870.0,1.739505,-0.7576643953186315,-0.7541659298524688,-0.0034984654478778902,PreMarketWait,5
1718905870.25,1.739505,-0.7576643953186315,-0.7562344760251076,-0.0014299192754217357,PreMarketWait,5
1718905870.5,1.73438,-0.7631267516875054,-0.7584301833895288,-0.004696568280045596,PreMarketWait,5
1718905870.75,1.729254,-0.7685901738820121,-0.7607477067949047,-0.00784246706933098,PreMarketWait,5
1718905871.0,1.729254,-0.7685901738820121,-0.7631799329426981,-0.0054102409216706185,PreMarketWait,5
1718905871.25,1.72541,-0.7726872076150757,-0.7657182730470954,-0.0069689345504452375,PreMarketWait,5
1718905871.5,1.724128,-0.7740535960765189,-0.7683529388796031,-0.005700657179460809,PreMarketWait,5
1718905871.75,1.721566,-0.7767842413481395,-0.771073194768107,-0.005711046562626047,PreMarketWait,5
1718905872.0,1.717721,-0.780882340906836,-0.7738675798037294,-0.007014761085713313,PreMarketWait,5
1718905872.25,1.712596,-0.7863446972757098,-0.7767240963062065,-0.0096206009520848,PreMarketWait,5
1718905872.5,1.713877,-0.7849793746398995,-0.7796303624522292,-0.005349012170185288,PreMarketWait,5
1718905872.75,1.713877,-0.7849793746398995,-0.7825737288221781,-0.0024056458001271135,PreMarketWait,5
1718905873.0,1.708752,-0.7904417310087734,-0.78554136040787,-0.004900370583158001,PreMarketWait,5
1718905873.25,1.708752,-0.7904417310087734,-0.7885202872849002,-0.0019214437059370346,MarketGridChoice,5
1718905873.5,1.704907,-0.79453983056747,-0.7914974286280219,-0.0030424019212843337,MarketGridChoice,5
1718905873.75,1.704907,-0.79453983056747,-0.7944595959843997,-8.02345646458689e-05,MarketGridChoice,5
1718905874.0,1.701063,-0.7986368643005336,-0.7973934826750251,-0.0012433816067963202,MarketGridChoice,5
1718905874.25,1.706189,-0.7931734421060269,-0.8002856468356356,0.007112204748629164,MarketGridChoice,5
1718905874.5,1.703626,-0.7959051532032801,-0.803122495909878,0.007217342725940039,MarketGridChoice,5
1718905874.75,1.6985,-0.8013685753977872,-0.8058902803536943,0.004521704975577848,MarketGridChoice,5
1718905875.0,1.695938,-0.8040992206694075,-0.8085751038994258,0.0044758832500192,MarketGridChoice,5
1718905875.25,1.694656,-0.8054656091308506,-0.8111629569771478,0.0056973478666252474,MarketGridChoice,5
1718905875.5,1.693375,-0.8068309317666608,-0.8136397788328511,0.006808847086837399,MarketGridChoice,5
1718905875.75,1.68953,-0.8109290313253574,-0.8159915525633565,0.005062521258952823,MarketGridChoice,5
1718905876.0,1.688249,-0.8122943539611676,-0.8182044357558236,0.005910081815900864,MarketGridChoice,5
1718905876.25,1.68953,-0.8109290313253574,-0.8202649277260978,0.009335896422258502,MarketGridChoice,5
1718905876.5,1.68953,-0.8109290313253574,-0.8221600725470882,0.011231041243501945,MarketGridChoice,5
1718905876.75,1.683123,-0.8177577761556745,-0.8238776952009644,0.006119919067292062,MarketGridChoice,5
1718905877.0,1.680561,-0.8204884214272948,-0.8254066663371779,0.004918244932093529,MarketGridChoice,5
1718905877.25,1.677998,-0.8232201325245482,-0.8267371893387887,0.003517056836637755,MarketGridChoice,5
1718905877.5,1.677998,-0.8232201325245482,-0.8278611017645544,0.004640969262570354,MarketGridChoice,5
1718905877.75,1.677998,-0.8232201325245482,-0.8287721818156212,0.005552049313786541,MarketGridChoice,5
1718905878.0,1.672872,-0.8286835547190551,-0.8294664493378516,0.0007828946416446932,MarketGridChoice,5
1718905878.25,1.674154,-0.827317166257612,-0.8299424500677292,0.0026252838330879866,MarketGridChoice,5
1718905878.5,1.670309,-0.8314152658163083,-0.8302015114066124,-0.0012137543866117227,MarketGridChoice,5
1718905878.75,1.669028,-0.8327805884521187,-0.8302479580036949,-0.002532630425232774,MarketGridChoice,5
1718905879.0,1.666465,-0.8355122995493719,-0.8300892758741212,-0.005423023651957424,MarketGridChoice,5
1718905879.25,1.662621,-0.8396093332824357,-0.829736214696837,-0.00987311856220572,MarketGridChoice,5
1718905879.5,1.66134,-0.8409746559182458,-0.8292028193344709,-0.011771836560283985,MarketGridChoice,5
1718905879.75,1.657495,-0.8450727554769425,-0.8285063834846124,-0.01656637196874206,MarketGridChoice,5
1718905880.0,1.658777,-0.8437063670154993,-0.8276673206762107,-0.016039046315603857,MarketGridChoice,5
1718905880.25,1.656214,-0.8464380781127525,-0.8267089505088017,-0.01972912758017055,MarketGridChoice,5
1718905880.5,1.657495,-0.8450727554769425,-0.8256572010105775,-0.019415554442492104,MarketGridChoice,5
1718905880.75,1.656214,-0.8464380781127525,-0.8245402311516149,-0.021897846937178174,MarketGridChoice,5
1718905881.0,1.658777,-0.8437063670154993,-0.8233879807545662,-0.020318386236896097,MarketGridChoice,5
1718905881.25,1.669028,-0.8327805884521187,-0.8222316581408373,-0.010548930287178791,MarketGridChoice,5
1718905881.5,1.675435,-0.8259518436218016,-0.8211031786653151,-0.0048486649323326286,MarketGridChoice,5
1718905881.75,1.688249,-0.8122943539611676,-0.8200345696503402,0.0077402157133616995,MarketGridChoice,5
1718905882.0,1.699782,-0.800002186936344,-0.8190573589610296,0.019055172048892188,MarketGridChoice,5
1718905882.25,1.704907,-0.79453983056747,-0.8182019654293102,0.023662134886044208,MarketGridChoice,5
1718905882.5,1.704907,-0.79453983056747,-0.8174971094455006,0.02295727890220999,MarketGridChoice,5
1718905882.75,1.704907,-0.79453983056747,-0.8169692612771497,0.022429430733810804,MarketGridChoice,5
1718905883.0,1.704907,-0.79453983056747,-0.8166421431055817,0.022102312562169744,MarketGridChoice,5
1718905883.25,1.697219,-0.8027338980335972,-0.8165362985198824,0.013802400510245571,MarketGridChoice,5
1718905883.5,1.697219,-0.8027338980335972,-0.8166687404510203,0.013934842441261669,MarketGridChoice,5
1718905883.75,1.686968,-0.8136596765969778,-0.8170526854610215,0.0033930088877371506,MarketGridChoice,5
1718905884.0,1.686968,-0.8136596765969778,-0.8176973791169586,0.004037702543507889,MarketGridChoice,5
1718905884.25,1.679279,-0.821854809888738,-0.8186080140507089,-0.0032467958146880187,MarketGridChoice,5
1718905884.5,1.680561,-0.8204884214272948,-0.819785739375042,-0.0007026820291161917,MarketGridChoice,5
1718905884.75,1.677998,-0.8232201325245482,-0.8212277574982523,-0.0019923750033820652,MarketGridChoice,5
1718905885.0,1.672872,-0.8286835547190551,-0.822927502117796,-0.00575605257858807,MarketGridChoice,5
1718905885.25,1.674154,-0.827317166257612,-0.8248748893087845,-0.0024422769264208473,MarketGridChoice,5
1718905885.5,1.675435,-0.8259518436218016,-0.827056632160785,0.001104788561102972,MarketGridChoice,5
1718905885.75,1.670309,-0.8314152658163083,-0.8294566083445221,-0.001958657449975018,MarketGridChoice,5
1718905886.0,1.665184,-0.8368776221851822,-0.8320562692879337,-0.004821352875764901,MarketGridChoice,5
1718905886.25,1.663902,-0.8382440106466255,-0.8348350792851065,-0.003408931340379397,MarketGridChoice,5
1718905886.5,1.657495,-0.8450727554769425,-0.837770972830181,-0.007301782625978385,MarketGridChoice,5
1718905886.75,1.656214,-0.8464380781127525,-0.8408408187408806,-0.005597259351452591,MarketGridChoice,5
1718905887.0,1.656214,-0.8464380781127525,-0.8440208801887787,-0.0024171979039193936,MarketGridChoice,5
1718905887.25,1.649807,-0.8532668229430697,-0.8472872605535431,-0.005979562369831149,MarketGridChoice,5
1718905887.5,1.645963,-0.8573638566761332,-0.8506163260254408,-0.006747530631343002,MarketGridChoice,5
1718905887.75,1.647244,-0.8559985340403231,-0.8539850970486168,-0.0020134369726828878,MarketGridChoice,5
1718905888.0,1.6434,-0.8600955677733867,-0.8573716019801991,-0.0027239657744641908,MarketGridChoice,5
1718905888.25,1.638274,-0.8655589899678934,-0.8607551876910879,-0.0048038022583512426,MarketGridChoice,5
1718905888.5,1.640837,-0.8628272788706399,-0.8641167832088349,0.001289504356414184,MarketGridChoice,5
1718905888.75,1.63443,-0.869656023700957,-0.8674391138600269,-0.002216909822908599,MarketGridChoice,5
1718905889.0,1.633149,-0.8710213463367673,-0.8707068646732574,-0.0003144816456492135,MarketGridChoice,5
1718905889.25,1.631867,-0.8723877347982105,-0.8739067930251491,0.0015190582446735102,MarketGridChoice,5
1718905889.5,1.630586,-0.8737530574340205,-0.8770277916293063,0.003274734212927726,MarketGridChoice,5
1718905889.75,1.624179,-0.8805818022643376,-0.8800609039671226,-0.0005208982796366659,MarketGridChoice,5
1718905890.0,1.621616,-0.8833135133615911,-0.8829992951331559,-0.0003142182108945655,MarketGridChoice,5
1718905890.25,1.617772,-0.8874105470946547,-0.8858381818167694,-0.0015723652603599038,MarketGridChoice,5
1718905890.5,1.615209,-0.8901422581919082,-0.8885747257718469,-0.0015675324025339558,MarketGridChoice,5
1718905890.75,1.610083,-0.8956056803864149,-0.8912078956447155,-0.004397784724158387,MarketGridChoice,5
1718905891.0,1.613927,-0.8915086466533514,-0.8937383024400163,0.0022296558042271676,MarketGridChoice,5
1718905891.25,1.610083,-0.8956056803864149,-0.8961680142012753,0.0005623338324480575,MarketGridChoice,5
1718905891.5,1.608802,-0.896971003022225,-0.8985003556571911,0.0015293526525806322,MarketGridChoice,5
1718905891.75,1.606239,-0.8997027141194784,-0.900739698623733,0.0010369845218957622,MarketGridChoice,5
1718905892.0,1.606239,-0.8997027141194784,-0.9028912488466868,0.0031885347448745377,MarketGridChoice,5
1718905892.25,1.603676,-0.9024344252167318,-0.9049608347170942,0.0025264095180527,MarketGridChoice,5
1718905892.5,1.602395,-0.903799747852542,-0.906954702898704,0.003154955063877904,MarketGridChoice,5
1718905892.75,1.601113,-0.9051661363139852,-0.908879325383972,0.0037131890877338987,MarketGridChoice,5
1718905893.0,1.597269,-0.9092631700470488,-0.9107412218602676,0.001478051831008402,MarketGridChoice,5
1718905893.25,1.598551,-0.9078967815856056,-0.912546800542127,0.004650018974373327,MarketGridChoice,5
1718905893.5,1.598551,-0.9078967815856056,-0.9143022198335738,0.006405438265910694,MarketGridChoice,5
1718905893.75,1.592144,-0.9147255264159226,-0.9160132723540725,0.0012877459562192347,MarketGridChoice,5
1718905894.0,1.589581,-0.9174572375131762,-0.917685292022015,0.00022805452707987724,MarketGridChoice,5
1718905894.25,1.587018,-0.9201889486104294,-0.9193230840725057,-0.0008658645194584945,ForecastPage,5
1718905894.5,1.585736,-0.9215553370718725,-0.9209308771244077,-0.0006244599287171747,ForecastPage,5
1718905894.75,1.585736,-0.9215553370718725,-0.9225122957345356,0.0009569586817543428,ForecastPage,5
1718905895.0,1.584455,-0.9229206597076829,-0.9240703513051409,0.00114969161695357,ForecastPage,5
1718905895.25,1.583174,-0.924285982343493,-0.9256074487546603,0.0013214664311251502,ForecastPage,5
1718905895.5,1.583174,-0.924285982343493,-0.9271254060245041,0.0028394237014840082,ForecastPage,5
1718905895.75,1.578048,-0.9297494045379999,-0.9286254832786153,-0.00112392123835171,ForecastPage,5
1718905896.0,1.574204,-0.9338464382710635,-0.9301084185626494,-0.0037380196867861553,ForecastPage,5
1718905896.25,1.571641,-0.9365781493683167,-0.9315744667341568,-0.005003682611914575,ForecastPage,5
1718905896.5,1.57036,-0.9379434720041271,-0.9330234386622223,-0.0049200333190340464,ForecastPage,5
1718905896.75,1.57036,-0.9379434720041271,-0.9344547380264918,-0.0034887339541467364,ForecastPage,5
1718905897.0,1.57036,-0.9379434720041271,-0.9358673935112632,-0.0020760784687818114,ForecastPage,5
1718905897.25,1.565234,-0.9434068941986339,-0.9372600847667136,-0.0061468094072849675,ForecastPage,5
1718905897.5,1.566515,-0.9420415715628235,-0.9386311611631292,-0.0034104103745606126,ForecastPage,5
1718905897.75,1.566515,-0.9420415715628235,-0.9399786530582129,-0.0020629184790443393,ForecastPage,5
1718905898.0,1.565234,-0.9434068941986339,-0.9413002759953587,-0.002106618177350146,ForecastPage,5
1718905898.25,1.567797,-0.9406751831013803,-0.9425934289164308,0.0019182458412560547,ForecastPage,5
1718905898.5,1.565234,-0.9434068941986339,-0.9438551880721968,0.00044829389996924474,ForecastPage,5
1718905898.75,1.56139,-0.9475039279316975,-0.9450822988178647,-0.0024216290873054834,ForecastPage,5
1718905899.0,1.562671,-0.9461386052958873,-0.946271167869007,0.00013256259969147955,ForecastPage,5
1718905899.25,1.563952,-0.944773282660077,-0.947417858852453,0.002644576218922199,ForecastPage,5
1718905899.5,1.56139,-0.9475039279316975,-0.9485180941121407,0.0010141662069009026,ForecastPage,5
1718905899.75,1.562671,-0.9461386052958873,-0.9495672657193546,0.003428660449780966,ForecastPage,5
1718905900.0,1.557545,-0.9516020274903941,-0.950560458490406,-0.001041568973863863,ForecastPage,5
1718905900.25,1.557545,-0.9516020274903941,-0.9514924875368616,-0.00010953992763322292,ForecastPage,5
1718905900.5,1.557545,-0.9516020274903941,-0.9523579524731582,0.0007559250084146075,ForecastPage,5
1718905900.75,1.551138,-0.9584307723207112,-0.9531513098958926,-0.005279462399428323,ForecastPage,5
1718905901.0,1.566515,-0.9420415715628235,-0.9538669651385803,0.011825393600888556,ForecastPage,5
1718905901.25,1.571641,-0.9365781493683167,-0.9544993836013175,0.017921234257888222,ForecastPage,5
1718905901.5,1.571641,-0.9365781493683167,-0.9550432211610171,0.01846507181736787,ForecastPage,5
1718905901.75,1.560108,-0.9488703163931406,-0.955493472298583,0.006623155929923056,ForecastPage,5
1718905902.0,1.542169,-0.9679901624226486,-0.9558456336739307,-0.01214452872438463,ForecastPage,5
1718905902.25,1.533199,-0.977550618350219,-0.9560958800118586,-0.021454738314131153,ForecastPage,5
1718905902.5,1.526792,-0.984379363180536,-0.9562412484251642,-0.02813811473120205,ForecastPage,5
1718905902.75,1.54345,-0.9666248397868383,-0.9562798267715806,-0.010345012991104446,ForecastPage,5
1718905903.0,1.553701,-0.9556990612234576,-0.956210941333428,0.0005118801341466722,ForecastPage,5
1718905903.25,1.567797,-0.9406751831013803,-0.9560353389607782,0.015360155883631668,ForecastPage,5
1718905903.5,1.571641,-0.9365781493683167,-0.9557553587110381,0.019177209367041217,ForecastPage,5
1718905903.75,1.57036,-0.9379434720041271,-0.9553750878246822,0.017431615844983858,ForecastPage,5
1718905904.0,1.571641,-0.9365781493683167,-0.9549004965205065,0.018322347176741954,ForecastPage,5
1718905904.25,1.567797,-0.9406751831013803,-0.9543395455742893,0.01366436249759018,ForecastPage,5
1718905904.5,1.558827,-0.9502356390289509,-0.9537022600380719,0.003466621033927685,ForecastPage,5
1718905904.75,1.553701,-0.9556990612234576,-0.9530007618897305,-0.002698299308805394,ForecastPage,5
1718905905.0,1.549857,-0.9597960949565212,-0.9522492540178259,-0.00754684091367386,ForecastPage,5
1718905905.25,1.554983,-0.9543326727620145,-0.9514639478757124,-0.0028687248612014097,ForecastPage,5
1718905905.5,1.56139,-0.9475039279316975,-0.9506629274767355,0.0031589995701929766,ForecastPage,5
1718905905.75,1.553701,-0.9556990612234576,-0.9498659431979084,-0.0058331180003686,ForecastPage,5
1718905906.0,1.556264,-0.9529673501262041,-0.9490941301205186,-0.003873219980509027,ForecastPage,5
1718905906.25,1.553701,-0.9556990612234576,-0.9483696473465656,-0.007329413851749478,ForecastPage,5
1718905906.5,1.551138,-0.9584307723207112,-0.9477152368659174,-0.010715535429714339,ForecastPage,5
1718905906.75,1.549857,-0.9597960949565212,-0.9471537030839385,-0.012642391847593297,ForecastPage,5
1718905907.0,1.554983,-0.9543326727620145,-0.9467073170182378,-0.007625355718902262,ForecastPage,5
1718905907.25,1.547294,-0.9625278060537747,-0.9463971523858118,-0.016130653643227858,ForecastPage,5
1718905907.5,1.542169,-0.9679901624226486,-0.9462423642594175,-0.02174779813865947,ForecastPage,5
1718905907.75,1.53448,-0.9761852957144086,-0.94625942458806,-0.029925871101963403,ForecastPage,5
1718905908.0,1.531917,-0.978917006811662,-0.946461332547151,-0.03245567424033319,ForecastPage,5
1718905908.25,1.531917,-0.978917006811662,-0.9468568212821279,-0.03206018550558236,ForecastPage,5
1718905908.5,1.533199,-0.977550618350219,-0.9474495859736446,-0.030101032352863783,ForecastPage,5
1718905908.75,1.539606,-0.9707218735199018,-0.9482375610785345,-0.022484312417909966,ForecastPage,5
1718905909.0,1.55242,-0.957064383859268,-0.9492122768444918,-0.007852106991581679,ForecastPage,5
1718905909.25,1.567797,-0.9406751831013803,-0.9503583264906018,0.009683143412145344,ForecastPage,5
1718905909.5,1.578048,-0.9297494045379999,-0.951652975527089,0.0219035710117369,ForecastPage,5
1718905909.75,1.594706,-0.9119948811443023,-0.9530659433302199,0.04107106220828645,ForecastPage,5
1718905910.0,1.597269,-0.9092631700470488,-0.9545593841402831,0.04529621411532502,ForecastPage,5
1718905910.25,1.603676,-0.9024344252167318,-0.9560880900655586,0.053653664870645275,ForecastPage,5
1718905910.5,1.601113,-0.9051661363139852,-0.957599932531023,0.052433796238596814,ForecastPage,5
1718905910.75,1.592144,-0.9147255264159226,-0.9590365511106403,0.04431102471603754,ForecastPage,5
1718905911.0,1.587018,-0.9201889486104294,-0.9603342901391002,0.04014534154977892,ForecastPage,5
1718905911.25,1.578048,-0.9297494045379999,-0.9614253743047412,0.031675969787671635,ForecastPage,5
1718905911.5,1.571641,-0.9365781493683167,-0.9622393050132898,0.02566115566576373,ForecastPage,5
1718905911.75,1.565234,-0.9434068941986339,-0.9627044501178952,0.019297555939952055,ForecastPage,5
1718905912.0,1.562671,-0.9461386052958873,-0.9627497910421108,0.016611185766854407,ForecastPage,5
1718905912.25,1.554983,-0.9543326727620145,-0.9623067837381413,0.00797411099673819,ForecastPage,5
1718905912.5,1.549857,-0.9597960949565212,-0.9613112836255404,0.001515188689650851,ForecastPage,5
1718905912.75,1.544731,-0.965259517151028,-0.9597054798910764,-0.005554037239262333,ForecastPage,5
1718905913.0,1.542169,-0.9679901624226486,-0.957439781488308,-0.010550380913560496,ForecastPage,5
1718905913.25,1.542169,-0.9679901624226486,-0.9544745959893574,-0.013515566412392283,ForecastPage,5
1718905913.5,1.546013,-0.9638931286895848,-0.9507819431875728,-0.013111185480971062,ForecastPage,5
1718905913.75,1.540887,-0.9693565508840918,-0.9463468480465911,-0.02300970281630008,ForecastPage,5
1718905914.0,1.537043,-0.9734535846171554,-0.9411684622036413,-0.03228512239214042,ForecastPage,5
1718905914.25,1.539606,-0.9707218735199018,-0.9352608696816215,-0.035461003816724575,ForecastPage,5
1718905914.5,1.537043,-0.9734535846171554,-0.9286535406225217,-0.044800043972891224,ForecastPage,5
1718905914.75,1.530636,-0.9802823294474722,-0.9213914065560154,-0.05889092286952741,ForecastPage,5
1718905915.0,1.53448,-0.9761852957144086,-0.9135345417390045,-0.0626507539532918,ForecastPage,5
1718905915.25,1.53448,-0.9761852957144086,-0.9051574471580265,-0.0710278485340955,ForecastPage,5
1718905915.5,1.539606,-0.9707218735199018,-0.8963479465185021,-0.07437392697895223,ForecastPage,5
1718905915.75,1.539606,-0.9707218735199018,-0.8872057165179578,-0.08351615697935472,ForecastPage,5
1718905916.0,1.558827,-0.9502356390289509,-0.8778404864028255,-0.07239515260341736,ForecastPage,5
1718905916.25,1.60752,-0.8983373914836682,-0.8683699536583389,-0.029967437802527683,ForecastPage,5
1718905916.5,1.660058,-0.842341044379689,-0.8589174730428781,0.016576428686059234,ForecastPage,5
1718905916.75,1.713877,-0.7849793746398995,-0.8496095843986463,0.06463020978166079,ForecastPage,5
1718905917.0,1.760008,-0.7358117723662374,-0.8405734501485721,0.1047616778052691,ForecastPage,5
1718905917.25,1.761289,-0.734446449730427,-0.8319342756795981,0.09748782597210351,ForecastPage,5
1718905917.5,1.768978,-0.726251316438667,-0.8238127847338294,0.09756146831807125,ForecastPage,5
1718905917.75,1.733098,-0.7644931401489485,-0.8163228176289281,0.05182967750284437,ForecastPage,5
1718905918.0,1.730536,-0.7672237854205689,-0.8095691130694362,0.04234532767166879,ForecastPage,5
1718905918.25,1.736943,-0.7603950405902521,-0.8036453251731799,0.04325028460564796,ForecastPage,5
1718905918.5,1.72541,-0.7726872076150757,-0.7986323168852596,0.025945109292807078,ForecastPage,5
1718905918.75,1.720284,-0.7781506298095827,-0.7945967599053161,0.016446130118246874,ForecastPage,5
1718905919.0,1.717721,-0.780882340906836,-0.7915900602139361,0.01070771932949377,ForecastPage,5
1718905919.25,1.710033,-0.7890764083729633,-0.7896476177235426,0.0005712093728463818,ForecastPage,5
1718905919.5,1.704907,-0.79453983056747,-0.7887884188569506,-0.005751411688382894,ForecastPage,5
1718905919.75,1.704907,-0.79453983056747,-0.7890149522356077,-0.0055248783098579965,ForecastPage,5
1718905920.0,1.697219,-0.8027338980335972,-0.7903134303152948,-0.012420467696430171,ForecastPage,5
1718905920.25,1.694656,-0.8054656091308506,-0.7926542938375623,-0.012811315271548187,ForecastPage,5
1718905920.5,1.690812,-0.8095626428639142,-0.7959929714017548,-0.013569671440552888,ForecastPage,5
1718905920.75,1.681842,-0.8191230987914846,-0.800270863283413,-0.018852235486601133,ForecastPage,5
1718905921.0,1.672872,-0.8286835547190551,-0.8054165167678838,-0.023267037929839862,ForecastPage,5
1718905921.25,1.667747,-0.8341459110879288,-0.8113469596396392,-0.022798951427100006,ForecastPage,5
1718905921.5,1.660058,-0.842341044379689,-0.8179691589481821,-0.024371885410460474,ForecastPage,5
1718905921.75,1.656214,-0.8464380781127525,-0.825181573615123,-0.021256504476725606,ForecastPage,5
1718905922.0,1.649807,-0.8532668229430697,-0.8328757716834523,-0.02039105123885234,ForecastPage,5
1718905922.25,1.645963,-0.8573638566761332,-0.8409380858473634,-0.01642577080813639,ForecastPage,5
1718905922.5,1.642118,-0.8614619562348299,-0.8492512841348917,-0.012210672079424369,ForecastPage,5
1718905922.75,1.631867,-0.8723877347982105,-0.8576962360409642,-0.014691498736835652,ForecastPage,5
1718905923.0,1.630586,-0.8737530574340205,-0.8661535578299434,-0.007599499583749149,ForecastPage,5
1718905923.25,1.622897,-0.8819481907257808,-0.8745052239669522,-0.007442966738560094,ForecastPage,5
1718905923.5,1.622897,-0.8819481907257808,-0.8826361345406258,0.0006879438350792071,ForecastPage,5
1718905923.75,1.61649,-0.8887769355560978,-0.8904356309740699,0.0016586954381975147,ForecastPage,5
1718905924.0,1.61649,-0.8887769355560978,-0.8977989541779134,0.009022018642058023,ForecastPage,5
1718905924.25,1.61649,-0.8887769355560978,-0.9046286404998471,0.015851704964033743,ForecastPage,5
1718905924.5,1.613927,-0.8915086466533514,-0.9108358513229614,0.01932720468996151,ForecastPage,5
1718905924.75,1.610083,-0.8956056803864149,-0.9163416319537859,0.020735951587814817,ForecastPage,5
1718905925.0,1.603676,-0.9024344252167318,-0.9210780945571874,0.018643669361016843,ForecastPage,5
1718905925.25,1.604958,-0.9010680367552886,-0.9249895184219142,0.023921481687327977,MarketWaitPage,5
1718905925.5,1.598551,-0.9078967815856056,-0.9280333589023092,0.020136577337567792,MarketWaitPage,5
1718905925.75,1.595988,-0.9106284926828591,-0.9301811541357887,0.019552661473974716,MarketWaitPage,5
1718905926.0,1.592144,-0.9147255264159226,-0.931419316259988,0.01669378986530813,MarketWaitPage,5
1718905926.25,1.592144,-0.9147255264159226,-0.9317497915365511,0.017024265142082416,MarketWaitPage,5
1718905926.5,1.587018,-0.9201889486104294,-0.9311905717216375,0.011001623132882051,MarketWaitPage,5
1718905926.75,1.585736,-0.9215553370718725,-0.9297760373929636,0.008220700342989266,MarketWaitPage,5
1718905927.0,1.587018,-0.9201889486104294,-0.9275571129248528,0.00736816433654517,MarketWaitPage,5
1718905927.25,1.583174,-0.924285982343493,-0.9246012125545455,0.0003152302333924925,RoundResultsPage,5
1718905927.5,1.578048,-0.9297494045379999,-0.9209919576410097,-0.008757446874441945,RoundResultsPage,5
1718905927.75,1.576767,-0.93111472717381,-0.9168286468909148,-0.014286080260151532,RoundResultsPage,5
1718905928.0,1.575485,-0.9324811156352533,-0.9122254640920368,-0.02025565152029174,RoundResultsPage,5
1718905928.25,1.574204,-0.9338464382710635,-0.9073104117886155,-0.02653602645935821,RoundResultsPage,5
1718905928.5,1.571641,-0.9365781493683167,-0.9022239643426883,-0.03435418500239161,RoundResultsPage,5
1718905928.75,1.580611,-0.9270176934407465,-0.8971174398794498,-0.029900253537931958,RoundResultsPage,5
1718905929.0,1.590862,-0.9160919148773659,-0.8921510975830287,-0.02394081727086479,RoundResultsPage,5
1718905929.25,1.585736,-0.9215553370718725,-0.8874919745059661,-0.03406336254234599,RoundResultsPage,5
1718905929.5,1.563952,-0.944773282660077,-0.8833114842503098,-0.06146179838613658,RoundResultsPage,5
1718905929.75,1.610083,-0.8956056803864149,-0.8797828083088803,-0.015822872053849826,RoundResultsPage,5
1718905930.0,1.599832,-0.9065314589497956,-0.8770781192387095,-0.02945333968736135,RoundResultsPage,5
1718905930.25,1.602395,-0.903799747852542,-0.8753656828703229,-0.02843406495846557,RoundResultsPage,5
1718905930.5,1.615209,-0.8901422581919082,-0.8748068941131212,-0.015335364055012953,RoundResultsPage,5
1718905930.75,1.612646,-0.8928739692891614,-0.8755533072746308,-0.017320661990743162,RoundResultsPage,5
1718905931.0,1.604958,-0.9010680367552886,-0.8777437268701143,-0.023324309861379313,RoundResultsPage,5
1718905931.25,1.599832,-0.9065314589497956,-0.8815014283966509,-0.025030030529347515,RoundResultsPage,5
1718905931.5,1.619053,-0.8860452244588444,-0.8869315802545933,0.0008863558195449841,RoundResultsPage,5
1718905931.75,1.622897,-0.8819481907257808,-0.8941189377162405,0.01217074701425475,RoundResultsPage,5
1718905932.0,1.603676,-0.9024344252167318,-0.9031258773817179,0.0006914521887837225,RoundResultsPage,5
1718905932.25,1.619053,-0.8860452244588444,-0.9139908357657771,0.027945611330738904,RoundResultsPage,5
1718905932.5,1.640837,-0.8628272788706399,-0.9267272084146821,0.06389992956786432,RoundResultsPage,5
1718905932.75,1.624179,-0.8805818022643376,-0.9413227562212673,0.06074095398077724,RoundResultsPage,5
1718905933.0,1.613927,-0.8915086466533514,-0.9577395534438865,0.06623090681442145,RoundResultsPage,5
1718905933.25,1.608802,-0.896971003022225,-0.9759144975097102,0.07894349451142844,RoundResultsPage,5
1718905933.5,1.60752,-0.8983373914836682,-0.9957603842954124,0.09742299283576673,RoundResultsPage,5
1718905933.75,1.608802,-0.896971003022225,-1.0171675346657705,0.12019653166767476,RoundResultsPage,5
1718905934.0,1.602395,-0.903799747852542,-1.0400059391722556,0.1362061913439813,RoundResultsPage,5
1718905934.25,1.481942,-1.0321816428183879,-1.0641278686390585,0.03194622584511293,RoundResultsPage,5
1718905934.5,1.437093,-1.079982856630607,-1.0893708796734602,0.009388023067509042,RoundResultsPage,5
1718905934.75,1.407621,-1.1113948696849385,-1.1155611268025654,0.00416625714253796,RoundResultsPage,5
1718905935.0,1.445864,-1.0706345000039936,-1.1425168778421027,0.0718823778633225,RoundResultsPage,5
1718905935.25,1.532999,-0.977763783476809,-1.1700521170152953,0.19228833356405567,RoundResultsPage,5
1718905935.5,1.3882,-1.1320942693024796,-1.1979801118443179,0.06588584256782304,RoundResultsPage,5
1718905935.75,1.368979,-1.1525805037934307,-1.2261168153964028,0.07353631162943576,RoundResultsPage,5
1718905936.0,1.372823,-1.1484834700603672,-1.2542839755941577,0.10580050556079618,RoundResultsPage,5
1718905936.25,1.245964,-1.283693044030897,-1.2823118286851296,-0.0013812153181618145,RoundResultsPage,5
1718905936.5,0.857697,-1.6975179650598797,-1.310041265447405,-0.3874766995842209,RoundResultsPage,5
1718905936.75,0.775588,-1.7850318419558526,-1.3373253771036104,-0.44770646482330323,RoundResultsPage,5
1718905937.0,0.729457,-1.8341994442295149,-1.3640303137574892,-0.470169130442376,RoundResultsPage,5
1718905937.25,0.689734,-1.876537235847227,-1.3900354213391406,-0.4865018144777108,RoundResultsPage,5
1718905937.5,0.773025,-1.787763553053106,-1.4152326623998184,-0.37253089062217937,RoundResultsPage,5
1718905937.75,0.760211,-1.80142104271374,-1.4395253692873546,-0.3618956733945469,RoundResultsPage,5
1718905938.0,0.785839,-1.7741060633924721,-1.4628264219165348,-0.3112796414433802,RoundResultsPage,5
1718905938.25,1.098503,-1.4408607576914831,-1.4850559826582055,0.04419522499997797,RiskPage1,5
1718905938.5,1.499584,-1.0133783470018665,-1.5061389539124617,0.4927606069445183,RiskPage1,5
1718905938.75,1.481743,-1.032393742119345,-1.5260023462183907,0.49360860413359525,RiskPage1,5
1718905939.0,1.443301,-1.0733662111012472,-1.5445727536753189,0.4712065426091956,RiskPage1,5
1718905939.25,1.384356,-1.1361913030355435,-1.5617741278192196,0.42558282481931037,RiskPage1,5
1718905939.5,1.134481,-1.4025144830691723,-1.5775260215382523,0.175011538505148,RiskPage1,5
1718905939.75,1.135763,-1.401148094607729,-1.5917424434653928,0.19059434889407745,RiskPage1,5
1718905940.0,1.126793,-1.4107085505352996,-1.6043314239741708,0.1936228734755352,RiskPage1,5
1718905940.25,1.087069,-1.4530474079786446,-1.615195350082321,0.16214794214049139,RiskPage1,5
1718905940.5,1.076818,-1.4639731865420254,-1.624232081500216,0.16025889499505472,RiskPage1,5
1718905940.75,1.078099,-1.4626078639062152,-1.6313368163858541,0.1687289525164518,RiskPage1,5
1718905941.0,0.806441,-1.7521479237024158,-1.6364046351954462,-0.1157432884703023,RiskPage1,5
1718905941.25,0.555186,-2.019941943109517,-1.6393336161124905,-0.3806083269605897,RiskPage1,5
1718905941.5,1.024181,-1.5200750503836666,-1.6400283873755883,0.119953337028057,RiskPage1,5
1718905941.75,1.074156,-1.466810414376941,-1.638403961447377,0.17159354710621513,RiskPage1,5
1718905942.0,0.762774,-1.7986893316164867,-1.6343896837694731,-0.1642996478116288,RiskPage1,5
1718905942.25,0.529558,-2.047256922430785,-1.6279331246037358,-0.41932379779207885,RiskPage1,5
1718905942.5,0.84094,-1.7153780051912393,-1.6190037456502133,-0.09637425950647338,RiskPage1,5
1718905942.75,0.878101,-1.6757708588451476,-1.6075961832297416,-0.06817467558126056,RiskPage1,5
1718905943.0,0.893478,-1.6593816580872602,-1.593733006181533,-0.0656486518719692,RiskPage1,5
1718905943.25,0.902447,-1.6498222679853227,-1.5774668282274749,-0.07235543972445205,RiskPage2,5
1718905943.5,0.898603,-1.6539193017183864,-1.5588816800250411,-0.09503762166028543,RiskPage2,5
1718905943.75,0.762774,-1.7986893316164867,-1.538093574100513,-0.2605957574832256,RiskPage2,5
1718905944.0,0.961392,-1.5869971760510266,-1.5152502252048412,-0.0717469508137274,RiskPage2,5
1718905944.25,1.061342,-1.480467904037575,-1.4905299184378542,0.010062014432466654,RiskPage2,5
1718905944.5,1.078,-1.4627133806438772,-1.4641395468013143,0.001426166189372191,RiskPage2,5
1718905944.75,1.081845,-1.458615281085181,-1.4363118676249305,-0.02230341342854933,RiskPage2,5
1718905945.0,1.084407,-1.4558846358135604,-1.4073020525397713,-0.04858258324230464,RiskPage2,5
1718905945.25,1.081845,-1.458615281085181,-1.377383627553062,-0.0812316535008327,RiskPage2,5
1718905945.5,1.106191,-1.432666690225356,-1.3468439178118097,-0.08582277238243821,RiskPage2,5
1718905945.75,1.25996,-1.268775748472115,-1.3159791255212858,0.0472033770801225,RiskPage2,5
1718905946.0,1.406041,-1.113078874185001,-1.2850891789053591,0.17201030475117435,RiskPage2,5
1718905946.25,1.461141,-1.0543518818094013,-1.2544724946889108,0.20012061291021085,RiskPage2,5
1718905946.5,1.418954,-1.0993158677867048,-1.224420796022195,0.12510492826609465,RiskPage2,5
1718905946.75,1.348477,-1.1744320609201921,-1.1952141220104768,0.020782061120808187,RiskPage2,5
1718905947.0,1.392044,-1.1279972355694161,-1.1671161544947704,0.03911891895580841,RiskPage2,5
1718905947.25,1.456115,-1.0597087214406131,-1.140369973337509,0.0806612519272847,RiskPage2,5
1718905947.5,1.480462,-1.0337590647551553,-1.1151943342846,0.08143526955976423,RiskPage2,5
1718905947.75,1.491994,-1.0214679635559645,-1.0917805444958135,0.07031258097008526,RiskPage2,5
1718905948.0,1.495839,-1.017369863997268,-1.0702899908425463,0.05292012687540615,RiskPage2,5
1718905948.25,1.504808,-1.0078104738953306,-1.050852355708026,0.04304188184267903,RiskPage2,5
1718905948.5,1.48815,-1.025564997289028,-1.033564534902587,0.00799953764335519,RiskPage2,5
1718905948.75,1.499683,-1.0132728302642042,-1.0184902530427846,0.005217422808139104,RiskPage2,5
1718905949.0,1.495839,-1.017369863997268,-1.0056603539146383,-0.01170951005336164,RiskPage2,5
1718905949.25,1.50609,-1.0064440854338874,-0.9950737274224819,-0.011370357982483113,RiskPage3,5
1718905949.5,1.513778,-0.99825001796776,-0.9866988210490647,-0.011551196890172876,RiskPage3,5
1718905949.75,1.517622,-0.9941529842346964,-0.980475672506705,-0.013677311699919578,RiskPage3,5
1718905950.0,1.518904,-0.9927865957732532,-0.9763183915057285,-0.016468204239947125,RiskPage3,5
1718905950.25,1.51506,-0.9968836295063168,-0.9741180122783372,-0.02276561720093216,RiskPage3,5
1718905950.5,1.517622,-0.9941529842346964,-0.9737456345922243,-0.020407349615981785,RiskPage3,5
1718905950.75,1.511215,-1.0009817290650136,-0.975055769355196,-0.025925959683901142,RiskPage3,5
1718905951.0,1.50609,-1.0064440854338874,-0.9778898054120865,-0.0285542799964629,RiskPage3,5
1718905951.25,1.499683,-1.0132728302642042,-0.9820795166066146,-0.031193313632822142,RiskPage3,5
1718905951.5,1.493276,-1.0201015750945213,-0.9874505324365369,-0.032651042633767266,RiskPage3,5
1718905951.75,1.485587,-1.0282967083862815,-0.9938257014583023,-0.03447100690428023,RiskPage3,5
1718905952.0,1.484306,-1.0296620310220919,-1.001028283760165,-0.028633747238703045,RiskPage3,5
1718905952.25,1.483024,-1.031028419483535,-1.0088849170594258,-0.022143502401308815,RiskPage3,5
1718905952.5,1.47021,-1.044685909144169,-1.0172283100106398,-0.02745759911109226,RiskPage3,5
1718905952.75,1.463803,-1.051514653974486,-1.0258996258494062,-0.025615028102938753,RiskPage3,5
1718905953.0,1.459959,-1.0556116877075494,-1.034750529257837,-0.020861158427795047,RiskPage3,5
1718905953.25,1.456115,-1.0597087214406131,-1.0436448790548272,-0.016063842364019237,RiskPage3,5
1718905953.5,1.452271,-1.0638057551736766,-1.0524600587362307,-0.011345696415759506,RiskPage3,5
1718905953.75,1.450989,-1.0651721436351198,-1.0610879457832356,-0.0040841978302120765,RiskPage3,5
1718905954.0,1.454834,-1.0610740440764235,-1.0694355288083355,0.008361484753630325,RiskPage3,5
1718905954.25,1.445864,-1.0706345000039936,-1.0774251888342838,0.00679068885210765,RiskPage4,5
1718905954.5,1.440738,-1.0760979221985005,-1.0849946671618138,0.00889674498527493,RiskPage4,5
1718905954.75,1.435612,-1.0815613443930072,-1.092096747288885,0.01053540291801899,RiskPage4,5
1718905955.0,1.431768,-1.085658378126071,-1.0986986821661113,0.013040304062388597,RiskPage4,5
1718905955.25,1.429205,-1.0883900892233243,-1.104781400728496,0.016391311527746512,RiskPage4,5
1718905955.5,1.421517,-1.0965841566894516,-1.1103385291889818,0.013754372522344106,RiskPage4,5
1718905955.75,1.42408,-1.093852445592198,-1.1153752630969913,0.021522817527850922,RiskPage4,5
1718905956.0,1.412547,-1.106144612617022,-1.1199071257573099,0.01376251316358515,RiskPage4,5
1718905956.25,1.408703,-1.1102416463500855,-1.1239586473913832,0.013717001064820558,RiskPage4,5
1718905956.5,1.403577,-1.1157050685445922,-1.1275619975397262,0.011856929018858937,RiskPage4,5
1718905956.75,1.39717,-1.1225338133749092,-1.1307556007961703,0.008221787445157364,RiskPage4,5
1718905957.0,1.394607,-1.1252655244721628,-1.13358276317925,0.008317238731118518,RiskPage4,5
1718905957.25,1.389482,-1.1307278808410364,-1.1360903334224524,0.00536245260554101,RiskPage4,5
1718905957.5,1.386919,-1.13345959193829,-1.1383274203276188,0.004867828413504013,RiskPage4,5
1718905957.75,1.377949,-1.1430200478658603,-1.1403441841807656,-0.002675863660913984,RiskPage4,5
1718905958.0,1.375386,-1.1457517589631137,-1.1421907171647943,-0.0035610417741734,RiskPage4,5
1718905958.25,1.371542,-1.1498487926961773,-1.1439160247880378,-0.005932767884060655,RiskPage4,5
1718905958.5,1.37026,-1.1512151811576206,-1.1455671176291247,-0.005648063504505925,RiskPage4,5
1718905958.75,1.366416,-1.155312214890684,-1.1471882202003378,-0.00812399466645659,RiskPage4,5
1718905959.0,1.368979,-1.1525805037934307,-1.1488201014504131,-0.0037604023192329018,RiskPage4,5
1718905959.25,1.37026,-1.1512151811576206,-1.1504995293373892,-0.0007156517965505801,RiskPage4,5
1718905959.5,1.371542,-1.1498487926961773,-1.1522588499605955,0.0024100572880003356,RiskPage4,5
1718905959.75,1.375386,-1.1457517589631137,-1.154125689899631,0.008373930960008946,RiskPage4,5
1718905960.0,1.374105,-1.147117081598924,-1.1561227786234842,0.009005697047972324,RiskPage4,5
1718905960.25,1.368979,-1.1525805037934307,-1.158267886077181,0.005687382307097127,PreMarketWait,6
1718905960.5,1.366416,-1.155312214890684,-1.160573868823948,0.005261653956562777,PreMarketWait,6
1718905960.75,1.366416,-1.155312214890684,-1.1630488164427524,0.007736601575338372,PreMarketWait,6
1718905961.0,1.361291,-1.1607745712595579,-1.165696288301335,0.004921717065042967,PreMarketWait,6
1718905961.25,1.357446,-1.1648726708182546,-1.1685156294024628,0.0036429586075014224,PreMarketWait,6
1718905961.5,1.351039,-1.1717014156485714,-1.171502352797287,-0.00019906282792560813,PreMarketWait,6
1718905961.75,1.343351,-1.1798954831146988,-1.174648575132557,-0.0052469079586745454,PreMarketWait,6
1718905962.0,1.344632,-1.1785301604788885,-1.1779434912993625,-0.0005866691559044245,PreMarketWait,6
1718905962.25,1.335662,-1.188090616406459,-1.18137387391969,-0.0067167424629445,PreMarketWait,6
1718905962.5,1.330537,-1.1935529727753327,-1.1849245835653142,-0.008628389185940067,PreMarketWait,6
1718905962.75,1.330537,-1.1935529727753327,-1.188579076152738,-0.0049738965982101535,PreMarketWait,6
1718905963.0,1.320286,-1.2044787513387132,-1.1923198948798135,-0.012158856434155256,PreMarketWait,6
1718905963.25,1.320286,-1.2044787513387132,-1.1961291353291799,-0.00834961598437613,MarketGridChoice,6
1718905963.5,1.317723,-1.2072104624359667,-1.1999888739109719,-0.007221588499373896,MarketGridChoice,6
1718905963.75,1.313879,-1.2113074961690304,-1.2038815515899526,-0.007425944552944789,MarketGridChoice,6
1718905964.0,1.312597,-1.2126738846304734,-1.2077903067681885,-0.004883577835593867,MarketGridChoice,6
1718905964.25,1.310034,-1.215405595727727,-1.2116992531964457,-0.003706342503991107,MarketGridChoice,6
1718905964.5,1.307472,-1.2181362409993475,-1.2155937007892714,-0.0025425401821507704,MarketGridChoice,6
1718905964.75,1.304909,-1.2208679520966006,-1.219460319150154,-0.0014076329178553853,MarketGridChoice,6
1718905965.0,1.301064,-1.2249660516552974,-1.2232872454140729,-0.0016788062119444456,MarketGridChoice,6
1718905965.25,1.298502,-1.2276966969269176,-1.22706413963664,-0.0006325572602929435,MarketGridChoice,6
1718905965.5,1.294657,-1.2317947964856144,-1.2307821923649194,-0.0010126040899988413,MarketGridChoice,6
1718905965.75,1.290813,-1.2358918302186779,-1.2344340901879078,-0.0014577399993645217,MarketGridChoice,6
1718905966.0,1.290813,-1.2358918302186779,-1.2380139459652484,0.002122115778673066,MarketGridChoice,6
1718905966.25,1.289532,-1.2372571528544882,-1.2415172010569777,0.0042600482352675925,MarketGridChoice,6
1718905966.5,1.284406,-1.242720575048995,-1.244940507215085,0.0022199321995146097,MarketGridChoice,6
1718905966.75,1.280562,-1.2468176087820586,-1.2482815958446625,0.0014639870966384801,MarketGridChoice,6
1718905967.0,1.285688,-1.241354186587552,-1.2515391421014899,0.010184955548537452,MarketGridChoice,6
1718905967.25,1.283125,-1.244085897684805,-1.2547126307767955,0.010626733127099063,MarketGridChoice,6
1718905967.5,1.280562,-1.2468176087820586,-1.2578022301515326,0.010984621405024469,MarketGridChoice,6
1718905967.75,1.271592,-1.256378064709629,-1.2608086790160173,0.004430614342303565,MarketGridChoice,6
1718905968.0,1.266466,-1.2618414869041357,-1.263733190895277,0.0018917040273341637,MarketGridChoice,6
1718905968.25,1.262622,-1.2659385206371994,-1.2665773782608367,0.0006388576600140673,MarketGridChoice,6
1718905968.5,1.260059,-1.2686702317344527,-1.2693431982195176,0.0006729665215257745,MarketGridChoice,6
1718905968.75,1.258778,-1.270035554370263,-1.2720329199175504,0.0019973655837288145,MarketGridChoice,6
1718905969.0,1.257497,-1.2714008770060732,-1.2746491127359443,0.0032482357661862593,MarketGridChoice,6
1718905969.25,1.254934,-1.2741325881033265,-1.2771946533137981,0.0030620652465504316,MarketGridChoice,6
1718905969.5,1.248527,-1.2809613329336436,-1.2796727485407136,-0.0012885843571982963,MarketGridChoice,6
1718905969.75,1.243401,-1.2864247551281505,-1.282086970923881,-0.004337784168993203,MarketGridChoice,6
1718905970.0,1.239557,-1.290521788861214,-1.2844413021762033,-0.0060804866502916135,MarketGridChoice,6
1718905970.25,1.24212,-1.2877900777639606,-1.28674018050362,-0.0010498972262742846,MarketGridChoice,6
1718905970.5,1.239557,-1.290521788861214,-1.288988546898545,-0.0015332419293416569,MarketGridChoice,6
1718905970.75,1.240838,-1.2891564662254036,-1.2911918857639098,0.0020354195710183083,MarketGridChoice,6
1718905971.0,1.236994,-1.2932534999584675,-1.2933562553778593,0.00010275545102463122,MarketGridChoice,6
1718905971.25,1.23315,-1.297350533691531,-1.2954883040377583,-0.0018622296230679063,MarketGridChoice,6
1718905971.5,1.230587,-1.3000822447887843,-1.2975952681739316,-0.0024869765851093656,MarketGridChoice,6
1718905971.75,1.225461,-1.3055456669832912,-1.2996849492873757,-0.005860717667149414,MarketGridChoice,6
1718905972.0,1.226743,-1.304179278521848,-1.3017656672358604,-0.0024136112581991027,MarketGridChoice,6
1718905972.25,1.225461,-1.3055456669832912,-1.3038461881618446,-0.0016994787946198586,MarketGridChoice,6
1718905972.5,1.225461,-1.3055456669832912,-1.3059356262085475,0.0003899592511518732,MarketGridChoice,6
1718905972.75,1.22418,-1.3069109896191013,-1.3080433190843201,0.001132329490229338,MarketGridChoice,6
1718905973.0,1.21521,-1.316471445546672,-1.3101786784838612,-0.006292767038620537,MarketGridChoice,6
1718905973.25,1.211366,-1.3205684792797354,-1.3123510173345596,-0.00821746192172376,MarketGridChoice,6
1718905973.5,1.211366,-1.3205684792797354,-1.314569356789793,-0.0059991224671286526,MarketGridChoice,6
1718905973.75,1.210085,-1.3219338019155455,-1.3168422168220675,-0.005091585071188725,MarketGridChoice,6
1718905974.0,1.212647,-1.319203156643925,-1.3191773951533958,-2.5761468639950644e-05,MarketGridChoice,6
1718905974.25,1.212647,-1.319203156643925,-1.3215817400611032,0.002378583438798718,MarketGridChoice,6
1718905974.5,1.210085,-1.3219338019155455,-1.3240609232677731,0.0021271213737151613,MarketGridChoice,6
1718905974.75,1.20624,-1.326031901474242,-1.3266192196197908,0.0005873181670417791,MarketGridChoice,6
1718905975.0,1.20624,-1.326031901474242,-1.329259300548772,0.003227399096166829,MarketGridChoice,6
1718905975.25,1.203677,-1.3287636125714954,-1.331982048381211,0.0032184358316305704,MarketGridChoice,6
1718905975.5,1.201115,-1.3314942578431161,-1.3347863984168875,0.00329214059609111,MarketGridChoice,6
1718905975.75,1.198552,-1.3342259689403693,-1.337669215348961,0.0034432464314328873,MarketGridChoice,6
1718905976.0,1.193426,-1.3396893911348762,-1.3406252100670928,0.0009358189556821217,MarketGridChoice,6
1718905976.25,1.189582,-1.3437864248679399,-1.3436469021924482,-0.00013952265131591916,MarketGridChoice,6
1718905976.5,1.187019,-1.3465181359651932,-1.3467246328657796,0.0002064969255367497,MarketGridChoice,6
1718905976.75,1.183175,-1.3506151696982567,-1.3498466313722601,-0.0007685383002306828,MarketGridChoice,6
1718905977.0,1.183175,-1.3506151696982567,-1.352999138160145,0.0023839684884873692,MarketGridChoice,6
1718905977.25,1.174205,-1.3601756256258273,-1.3561665857084506,-0.004009039889946319,MarketGridChoice,6
1718905977.5,1.175486,-1.358810302990017,-1.3593318375287657,0.0005215345669925147,MarketGridChoice,6
1718905977.75,1.169079,-1.365639047820334,-1.3624764843505068,-0.0031625634408009584,MarketGridChoice,6
1718905978.0,1.170361,-1.3642726593588907,-1.3655811952367398,0.0013085359076159516,MarketGridChoice,6
1718905978.25,1.170361,-1.3642726593588907,-1.3686261200051508,0.004353460676717155,MarketGridChoice,6
1718905978.5,1.174205,-1.3601756256258273,-1.3715913378790356,0.01141571228429588,MarketGridChoice,6
1718905978.75,1.169079,-1.365639047820334,-1.3744573457603981,0.008818297971714274,MarketGridChoice,6
1718905979.0,1.167798,-1.3670043704561443,-1.3772055779045218,0.010201207480517272,MarketGridChoice,6
1718905979.25,1.167798,-1.3670043704561443,-1.3798189471042686,0.012814576680677403,MarketGridChoice,6
1718905979.5,1.163954,-1.3711014041892078,-1.3822823958087378,0.011180991652417701,MarketGridChoice,6
1718905979.75,1.162672,-1.372467792650651,-1.384583443973945,0.012115651356435235,MarketGridChoice,6
1718905980.0,1.157547,-1.3779301490195246,-1.3867127189592798,0.008782569973069141,MarketGridChoice,6
1718905980.25,1.157547,-1.3779301490195246,-1.3886644515400162,0.01073430255389994,MarketGridChoice,6
1718905980.5,1.154984,-1.3806618601167782,-1.3904369212061094,0.009775061122760918,MarketGridChoice,6
1718905980.75,1.15114,-1.3847588938498419,-1.3920328334651584,0.00727393964870039,MarketGridChoice,6
1718905981.0,1.15114,-1.3847588938498419,-1.393459611964426,0.008700718147858395,MarketGridChoice,6
1718905981.25,1.147295,-1.3888569934085384,-1.394729588990117,0.00587259561468111,MarketGridChoice,6
1718905981.5,1.056316,-1.4858247436687866,-1.395860079382279,-0.08996466425363686,MarketGridChoice,6
1718905981.75,1.103728,-1.4352918187593142,-1.3968733251967143,-0.03841849353002055,MarketGridChoice,6
1718905982.0,1.126793,-1.4107085505352996,-1.39779630158571,-0.0129122489173568,MarketGridChoice,6
1718905982.25,1.12423,-1.413440261632553,-1.398660378302897,-0.014779883297819877,MarketGridChoice,6
1718905982.5,1.129356,-1.407976839438046,-1.3995008357862921,-0.008476003620358386,MarketGridChoice,6
1718905982.75,1.129356,-1.407976839438046,-1.4003562396610565,-0.007620599746071972,MarketGridChoice,6
1718905983.0,1.125512,-1.4120738731711098,-1.4012676824347718,-0.010806190705928717,MarketGridChoice,6
1718905983.25,1.128074,-1.4093432278994893,-1.4022779058929964,-0.007065321976615255,MarketGridChoice,6
1718905983.5,1.12423,-1.413440261632553,-1.403430322074766,-0.010009939528454139,MarketGridChoice,6
1718905983.75,1.129356,-1.407976839438046,-1.4047679546005167,-0.0032088848087450856,MarketGridChoice,6
1718905984.0,1.126793,-1.4107085505352996,-1.4063323254462035,-0.00437622506085608,MarketGridChoice,6
1718905984.25,1.12423,-1.413440261632553,-1.408162314924693,-0.005277946680150378,ForecastPage,6
1718905984.5,1.126793,-1.4107085505352996,-1.4102930245736516,-0.00041552593444752796,ForecastPage,6
1718905984.75,1.129356,-1.407976839438046,-1.4127546737926373,0.004777834381311136,ForecastPage,6
1718905985.0,1.129356,-1.407976839438046,-1.4155715613676767,0.007594721955905025,ForecastPage,6
1718905985.25,1.130637,-1.4066115168022362,-1.4187611224303636,0.012149605653997649,ForecastPage,6
1718905985.5,1.130637,-1.4066115168022362,-1.422333109900362,0.01572159312363599,ForecastPage,6
1718905985.75,1.125512,-1.4120738731711098,-1.4262889270610268,0.0142150539151131,ForecastPage,6
1718905986.0,1.122949,-1.4148055842683633,-1.4306211346556181,0.015815550412181727,ForecastPage,6
1718905986.25,1.119105,-1.4189026180014268,-1.435313151837681,0.01641053386095417,ForecastPage,6
1718905986.5,1.11526,-1.4230007175601234,-1.4403391655644096,0.01733844802879717,ForecastPage,6
1718905986.75,1.112697,-1.4257324286573767,-1.4456642577087708,0.019931829075750432,ForecastPage,6
1718905987.0,1.119105,-1.4189026180014268,-1.4512447534218786,0.03234213544468831,ForecastPage,6
1718905987.25,1.112697,-1.4257324286573767,-1.4570287882498725,0.0312963596166483,ForecastPage,6
1718905987.5,1.107572,-1.4311947850262505,-1.4629570853618987,0.03176230035975718,ForecastPage,6
1718905987.75,1.110135,-1.4284630739289972,-1.468963928163352,0.04050085425846697,ForecastPage,6
1718905988.0,1.06016,-1.4817277099357231,-1.4749783077689362,-0.006749402142618537,ForecastPage,6
1718905988.25,1.055034,-1.4871911321302298,-1.48092521954374,-0.006265912562207774,ForecastPage,6
1718905988.5,1.037094,-1.5063120439853706,-1.4867270784533406,-0.019584965507574322,ForecastPage,6
1718905988.75,1.01531,-1.529529989573575,-1.492305219539618,-0.03722477000926863,ForecastPage,6
1718905989.0,1.038376,-1.5049456555239276,-1.4975814476295206,-0.007364207869429592,ForecastPage,6
1718905989.25,1.028125,-1.515871434087308,-1.5024795994527604,-0.013391834609229838,ForecastPage,6
1718905989.5,0.999934,-1.5459181245058293,-1.5069270816416587,-0.03899104283846772,ForecastPage,6
1718905989.75,1.01531,-1.529529989573575,-1.5108563494790164,-0.0186736400684325,ForecastPage,6
1718905990.0,1.025562,-1.5186031451845614,-1.5142062935727805,-0.004396851585200416,ForecastPage,6
1718905990.25,1.01531,-1.529529989573575,-1.5169235046805194,-0.012606484865995776,ForecastPage,6
1718905990.5,1.019155,-1.5254318900148784,-1.518963390489967,-0.006468499497353952,ForecastPage,6
1718905990.75,1.019155,-1.5254318900148784,-1.5202911220973754,-0.0051407678894340204,ForecastPage,6
1718905991.0,1.028125,-1.515871434087308,-1.5208823920490682,0.005010957990351655,ForecastPage,6
1718905991.25,1.029406,-1.5145061114514977,-1.5207239699955608,0.006217858573184505,ForecastPage,6
1718905991.5,1.021718,-1.522700178917625,-1.519814046161425,-0.0028861327265432427,ForecastPage,6
1718905991.75,1.028125,-1.515871434087308,-1.5181623569005327,0.0022909228434227877,ForecastPage,6
1718905992.0,1.034532,-1.509042689256991,-1.5157900905590334,0.006747401332788302,ForecastPage,6
1718905992.25,1.044783,-1.4981169106936103,-1.5127295757066843,0.014612665044375896,ForecastPage,6
1718905992.5,1.035813,-1.5076773666211807,-1.5090237575365055,0.0013463909471892292,ForecastPage,6
1718905992.75,1.02428,-1.5199695336460046,-1.5047254718988021,-0.015244061714772193,ForecastPage,6
1718905993.0,1.02428,-1.5199695336460046,-1.4998965300643963,-0.020073003548615898,ForecastPage,6
1718905993.25,1.030687,-1.5131407888156876,-1.494606630944279,-0.01853415783786799,ForecastPage,6
1718905993.5,1.019155,-1.5254318900148784,-1.4889321211529274,-0.0364997688278873,ForecastPage,6
1718905993.75,1.01531,-1.529529989573575,-1.4829546269669114,-0.046575362572111034,ForecastPage,6
1718905994.0,1.012748,-1.5322606348451955,-1.476759585807181,-0.05550104900301708,ForecastPage,6
1718905994.25,1.055034,-1.4871911321302298,-1.4704347081956641,-0.01675642389917563,ForecastPage,6
1718905994.5,1.099883,-1.4393899183180108,-1.4640684039638625,0.024678485681575105,ForecastPage,6
1718905994.75,1.12423,-1.413440261632553,-1.457748208521597,0.04430794692503688,ForecastPage,6
1718905995.0,1.12423,-1.413440261632553,-1.4515592459110884,0.03811898431473227,ForecastPage,6
1718905995.25,1.128074,-1.4093432278994893,-1.445582764925856,0.03623953706270213,ForecastPage,6
1718905995.5,1.129356,-1.407976839438046,-1.4398947826679,0.03191794326626604,ForecastPage,6
1718905995.75,1.126793,-1.4107085505352996,-1.4345648666361186,0.02385631613724925,ForecastPage,6
1718905996.0,1.131919,-1.405245128340793,-1.429655082015347,0.02440995371095041,ForecastPage,6
1718905996.25,1.130637,-1.4066115168022362,-1.425219125572379,0.018607608806459622,ForecastPage,6
1718905996.5,1.128074,-1.4093432278994893,-1.421301661774605,0.01195843391131507,ForecastPage,6
1718905996.75,1.131919,-1.405245128340793,-1.41793787071443,0.012692742409688474,ForecastPage,6
1718905997.0,1.128074,-1.4093432278994893,-1.4151532113970573,0.005809983533447281,ForecastPage,6
1718905997.25,1.128074,-1.4093432278994893,-1.412963398140469,0.003620170276668954,ForecastPage,6
1718905997.5,1.125512,-1.4120738731711098,-1.4113745824162793,-0.0006992907193444746,ForecastPage,6
1718905997.75,1.128074,-1.4093432278994893,-1.410383727563539,0.0010404996993224349,ForecastPage,6
1718905998.0,1.126793,-1.4107085505352996,-1.4099791595342774,-0.0007293909659660258,ForecastPage,6
1718905998.25,1.12423,-1.413440261632553,-1.4101412732469125,-0.003298988350797673,ForecastPage,6
1718905998.5,1.120386,-1.4175372953656165,-1.410843371270887,-0.006693924060090386,ForecastPage,6
1718905998.75,1.120386,-1.4175372953656165,-1.4120526094603867,-0.005484685870781131,ForecastPage,6
1718905999.0,1.113979,-1.4243660401959335,-1.4137310227970188,-0.010635017364642028,ForecastPage,6
1718905999.25,1.113979,-1.4243660401959335,-1.4158366040756734,-0.008529436086151553,ForecastPage,6
1718905999.5,1.110135,-1.4284630739289972,-1.4183244081426238,-0.010138665752418768,ForecastPage,6
1718905999.75,1.110135,-1.4284630739289972,-1.4211476551215576,-0.007315418773630743,ForecastPage,6
1718906000.0,1.105009,-1.433926496123504,-1.4242588073777842,-0.009667688712050551,ForecastPage,6
1718906000.25,1.103728,-1.4352918187593142,-1.427610596798339,-0.007681221927438687,ForecastPage,6
1718906000.5,1.102446,-1.4366582072207574,-1.431156981224931,-0.005501225962415073,ForecastPage,6
1718906000.75,1.098602,-1.440755240953821,-1.4348540114852246,-0.00590122943529886,ForecastPage,6
1718906001.0,1.098602,-1.440755240953821,-1.4386605933456258,-0.0020946475749960454,ForecastPage,6
1718906001.25,1.090914,-1.4489493084199483,-1.442539131780305,-0.0064101766065227245,ForecastPage,6
1718906001.5,1.087069,-1.4530474079786446,-1.4464560481489839,-0.006591359796594847,ForecastPage,6
1718906001.75,1.080662,-1.4598761528089619,-1.450382164141187,-0.009493988634736668,ForecastPage,6
1718906002.0,1.078099,-1.4626078639062152,-1.4542929496253238,-0.008314914247850542,ForecastPage,6
1718906002.25,1.075537,-1.4653385091778357,-1.4581686347867135,-0.007169874358044669,ForecastPage,6
1718906002.5,1.075537,-1.4653385091778357,-1.461994190094118,-0.0033443190505678187,ForecastPage,6
1718906002.75,1.072974,-1.4680702202750888,-1.4657591806363093,-0.0023110396055211592,ForecastPage,6
1718906003.0,1.067848,-1.473533642469596,-1.4694575041503577,-0.004076138285835495,ForecastPage,6
1718906003.25,1.06913,-1.4721672540081527,-1.473087024555644,0.0009197705810740165,ForecastPage,6
1718906003.5,1.066567,-1.474898965105406,-1.4766491149554808,0.001750149883873649,ForecastPage,6
1718906003.75,1.062723,-1.4789959988384695,-1.4801481258282616,0.001152127023843201,ForecastPage,6
1718906004.0,1.06016,-1.4817277099357231,-1.4835907954724166,0.0018630855710314118,ForecastPage,6
1718906004.25,1.058878,-1.483094098397166,-1.4869856206772396,0.0038915223147285433,ForecastPage,6
1718906004.5,1.056316,-1.4858247436687866,-1.4903422060603224,0.004517462426531872,ForecastPage,6
1718906004.75,1.055034,-1.4871911321302298,-1.4936706105482063,0.006479478453326727,ForecastPage,6
1718906005.0,1.048627,-1.4940198769605468,-1.496980709095313,0.002960832170471753,ForecastPage,6
1718906005.25,1.047346,-1.495385199596357,-1.500281586961013,0.004896387400705379,ForecastPage,6
1718906005.5,1.04222,-1.5008486217908639,-1.5035809827277775,0.002732360973281835,ForecastPage,6
1718906005.75,1.040939,-1.502213944426674,-1.5068847947831765,0.004670850393154945,ForecastPage,6
1718906006.0,1.038376,-1.5049456555239276,-1.5101966642463742,0.005251008759340562,ForecastPage,6
1718906006.25,1.03325,-1.5104090777184342,-1.513517645336388,0.003108567655040211,ForecastPage,6
1718906006.5,1.030687,-1.5131407888156876,-1.5168459719938028,0.0037051832153385507,ForecastPage,6
1718906006.75,1.025562,-1.5186031451845614,-1.5201769272181718,0.0015737820709088223,ForecastPage,6
1718906007.0,1.026843,-1.5172378225487513,-1.5235028191083257,0.006264996596880324,ForecastPage,6
1718906007.25,1.021718,-1.522700178917625,-1.5268130650298348,0.004112886149451615,ForecastPage,6
1718906007.5,1.017873,-1.5267982784763217,-1.5300943827186395,0.0032961042794244994,ForecastPage,6
1718906007.75,1.016592,-1.5281636011121318,-1.533331084496678,0.005167483421449644,ForecastPage,6
1718906008.0,1.012748,-1.5322606348451955,-1.5365054681592791,0.004244833350719429,ForecastPage,6
1718906008.25,1.014029,-1.5308953122093851,-1.5395982955324765,0.008702983359399074,ForecastPage,6
1718906008.5,1.011466,-1.5336270233066387,-1.5425893472308367,0.008962323960121343,ForecastPage,6
1718906008.75,1.007622,-1.5377240570397022,-1.5454580398151763,0.007733982810962278,ForecastPage,6
1718906009.0,1.005059,-1.5404557681369557,-1.5481840894022196,0.007728321300271638,ForecastPage,6
1718906009.25,1.003778,-1.5418210907727659,-1.550748203870739,0.008927113132459252,ForecastPage,6
1718906009.5,1.002496,-1.5431874792342088,-1.5531327842063065,0.009945305006026563,ForecastPage,6
1718906009.75,0.998652,-1.5472845129672728,-1.5553226143017285,0.008038101367800036,ForecastPage,6
1718906010.0,0.996089,-1.550016224064526,-1.5573055177586352,0.007289293726853278,ForecastPage,6
1718906010.25,0.996089,-1.550016224064526,-1.5590729599959747,0.009056735963588889,ForecastPage,6
1718906010.5,0.994808,-1.5513815467003362,-1.5606205743432993,0.009239027674508998,ForecastPage,6
1718906010.75,0.961491,-1.5868916593133644,-1.5619485918609284,-0.024943067421459596,ForecastPage,6
1718906011.0,0.957647,-1.5909886930464279,-1.5630621564616354,-0.02792653655434288,ForecastPage,6
1718906011.25,0.95124,-1.5978174378767451,-1.5639715095712854,-0.03384592827547529,ForecastPage,6
1718906011.5,0.949959,-1.5991827605125553,-1.5646920320828897,-0.034490728400063814,ForecastPage,6
1718906011.75,0.946114,-1.6032808600712516,-1.5652441356850002,-0.038036724356931485,ForecastPage,6
1718906012.0,0.944833,-1.604646182707062,-1.5656530006468616,-0.03899318203104638,ForecastPage,6
1718906012.25,0.944833,-1.604646182707062,-1.565948162599897,-0.03869802007804893,ForecastPage,6
1718906012.5,0.94227,-1.6073778938043153,-1.5661629564865276,-0.041214937288572936,ForecastPage,6
1718906012.75,1.003679,-1.541926607510428,-1.5663338313342394,0.024407223853265887,ForecastPage,6
1718906013.0,1.00496,-1.5405612848746177,-1.566499554519669,0.025938269674887535,ForecastPage,6
1718906013.25,0.999834,-1.5460247070691246,-1.5667003283908827,0.02067562135211493,ForecastPage,6
1718906013.5,0.997272,-1.548755352340745,-1.566976845253804,0.018221492944067778,ForecastPage,6
1718906013.75,0.994709,-1.5514870634379985,-1.567369308655766,0.01588224524954887,ForecastPage,6
1718906014.0,0.993427,-1.5528534518994415,-1.567916449611874,0.015062997745092833,ForecastPage,6
1718906014.25,0.994709,-1.5514870634379985,-1.5686545660272218,0.0171675026228508,ForecastPage,6
1718906014.5,0.989583,-1.5569504856325052,-1.569616612233244,0.01266612663539931,ForecastPage,6
1718906014.75,0.985739,-1.5610475193655686,-1.5708313634504822,0.00978384412064941,ForecastPage,6
1718906015.0,0.985739,-1.5610475193655686,-1.5723226772730983,0.011275157944359022,ForecastPage,6
1718906015.25,0.981895,-1.5651445530986323,-1.574108871090453,0.008964318029737729,MarketWaitPage,6
1718906015.5,0.979332,-1.5678762641958859,-1.5762022308536898,0.008325966696779142,MarketWaitPage,6
1718906015.75,0.970362,-1.5774367201234563,-1.5786086628828726,0.0011719427993969952,MarketWaitPage,6
1718906016.0,0.966518,-1.5815337538565197,-1.5813274966010162,-0.0002062572145910286,MarketWaitPage,6
1718906016.25,0.963955,-1.5842654649537733,-1.5843514422691247,8.59773571029801e-05,RoundResultsPage,6
1718906016.5,0.960111,-1.5883624986868368,-1.5876667040580246,-0.0006957945863317115,RoundResultsPage,6
1718906016.75,0.958829,-1.5897288871482798,-1.5912532451843036,0.001524358079110469,RoundResultsPage,6
1718906017.0,0.960111,-1.5883624986868368,-1.5950851983927472,0.006722699749472528,RoundResultsPage,6
1718906017.25,0.953704,-1.5951912435171536,-1.5991314118026256,0.003940168329372166,RoundResultsPage,6
1718906017.5,0.954985,-1.5938259208813437,-1.6033561170590045,0.009530196221758712,RoundResultsPage,6
1718906017.75,0.956267,-1.5924595324199005,-1.6077197038554905,0.015260171479745593,RoundResultsPage,6
1718906018.0,0.952422,-1.596557631978597,-1.612179582246455,0.0156219503119342,RoundResultsPage,6
1718906018.25,0.960111,-1.5883624986868368,-1.6166911117883602,0.028328613145388978,RoundResultsPage,6
1718906018.5,0.94089,-1.6088487331777879,-1.6212085745086842,0.012359841374427409,RoundResultsPage,6
1718906018.75,0.939608,-1.6102151216392309,-1.6256861670936773,0.01547104549752911,RoundResultsPage,6
1718906019.0,0.925513,-1.625237933935675,-1.63007898664069,0.004841052747546963,RoundResultsPage,6
1718906019.25,0.899885,-1.6525529132569432,-1.6343439839892608,-0.01820892922578882,RoundResultsPage,6
1718906019.5,0.870412,-1.683965992136908,-1.6384408591840678,-0.045525132911654206,RoundResultsPage,6
1718906019.75,0.851191,-1.7044522266278588,-1.6423328751618174,-0.06211935142561183,RoundResultsPage,6
1718906020.0,0.871694,-1.6825996036754647,-1.645987568355959,-0.03661203527985985,RoundResultsPage,6
1718906020.25,0.884508,-1.6689421140148308,-1.6493773385315338,-0.019564775444441206,RoundResultsPage,6
1718906020.5,0.881945,-1.671673825112084,-1.6524799046175636,-0.019193920456442415,RoundResultsPage,6
1718906020.75,0.885789,-1.6675767913790205,-1.6552786183008479,-0.01229817304084508,RoundResultsPage,6
1718906021.0,0.887071,-1.666210402917577,-1.6577626323360368,-0.00844777054492226,RoundResultsPage,6
1718906021.25,0.888352,-1.664845080281767,-1.6599269255882927,-0.004918154657513777,RoundResultsPage,6
1718906021.5,0.888352,-1.664845080281767,-1.661772191499344,-0.0030728887470573216,RoundResultsPage,6
1718906021.75,0.887071,-1.666210402917577,-1.6633046007687298,-0.0029058021140057305,RoundResultsPage,6
1718906022.0,0.89604,-1.6566510128156398,-1.6645354524390088,0.007884439657764952,RoundResultsPage,6
1718906022.25,0.894759,-1.6580163354514499,-1.6654807301776373,0.007464394760223101,RoundResultsPage,6
1718906022.5,0.91398,-1.637530100960499,-1.6661605823032544,0.02863048137652168,RoundResultsPage,6
1718906022.75,0.906292,-1.6457241684266262,-1.666598744986522,0.020874576593484236,RoundResultsPage,6
1718906023.0,0.903729,-1.6484558795238795,-1.6668219280797945,0.018366048589414267,RoundResultsPage,6
1718906023.25,0.903729,-1.6484558795238795,-1.666859182258086,0.01840330276770261,RoundResultsPage,6
1718906023.5,0.897322,-1.6552846243541965,-1.6667412647002768,0.011456640379652834,RoundResultsPage,6
1718906023.75,0.894759,-1.6580163354514499,-1.6665000185601504,0.00848368314242164,RoundResultsPage,6
1718906024.0,0.892196,-1.6607480465487034,-1.6661677791464293,0.005419732631659978,RoundResultsPage,6
1718906024.25,0.893478,-1.6593816580872602,-1.6657768172184635,0.006395159165407616,RoundResultsPage,6
1718906024.5,0.888352,-1.664845080281767,-1.6653588272564472,0.0005137470092059747,RoundResultsPage,6
1718906024.75,0.892196,-1.6607480465487034,-1.6649444660997725,0.004196419585959605,RoundResultsPage,6
1718906025.0,0.887071,-1.666210402917577,-1.6645629450535595,-0.0016474578287247344,RoundResultsPage,6
1718906025.25,0.888352,-1.664845080281767,-1.664241676506578,-0.0006034037394619636,RoundResultsPage,6
1718906025.5,0.887071,-1.666210402917577,-1.664005974329381,-0.0022044285520094577,RoundResultsPage,6
1718906025.75,0.887071,-1.666210402917577,-1.66387880585933,-0.0023315970215829463,RoundResultsPage,6
1718906026.0,0.887071,-1.666210402917577,-1.6638805921450768,-0.002329810735350467,RoundResultsPage,6
1718906026.25,0.884508,-1.6689421140148308,-1.6640290523201977,-0.004913061657000596,RoundResultsPage,6
1718906026.5,0.883226,-1.6703085024762736,-1.6643390874967192,-0.005969414941450898,RoundResultsPage,6
1718906026.75,0.879382,-1.6744055362093373,-1.6648226993983783,-0.009582836772404194,RoundResultsPage,6
1718906027.0,0.887071,-1.666210402917577,-1.665488939066925,-0.0007214638116713329,RoundResultsPage,6
1718906027.25,0.881945,-1.671673825112084,-1.6663438813400338,-0.005329943732672489,RoundResultsPage,6
1718906027.5,0.880664,-1.6730391477478943,-1.6673906213744376,-0.0056485263337123556,RoundResultsPage,6
1718906027.75,0.879382,-1.6744055362093373,-1.6686292902239908,-0.005776245945267424,RoundResultsPage,6
1718906028.0,0.876819,-1.6771372473065909,-1.6700570873293845,-0.00708015993682541,RoundResultsPage,6
1718906028.25,0.878101,-1.6757708588451476,-1.6716683286859715,-0.0041025301185251915,RiskPage1,6
1718906028.5,0.878101,-1.6757708588451476,-1.6734545103811274,-0.0023163484231279053,RiskPage1,6
1718906028.75,0.874256,-1.6798689584038442,-1.6754043880835576,-0.004464570279176746,RiskPage1,6
1718906029.0,0.875538,-1.6785025699424008,-1.6775040738734108,-0.0009984960276829009,RiskPage1,6
1718906029.25,0.875538,-1.6785025699424008,-1.679737152475822,0.0012345825749099483,RiskPage1,6
1718906029.5,0.874256,-1.6798689584038442,-1.6820848194599,0.0022158610977152837,RiskPage1,6
1718906029.75,0.870412,-1.683965992136908,-1.6845260442573804,0.0005600521622950595,RiskPage1,6
1718906030.0,0.867849,-1.686697703234161,-1.6870377609179579,0.00034005772577828746,RiskPage1,6
1718906030.25,0.870412,-1.683965992136908,-1.6895950893410145,0.005629097246244783,RiskPage1,6
1718906030.5,0.867849,-1.686697703234161,-1.6921715893062874,0.005473886114422829,RiskPage1,6
1718906030.75,0.865287,-1.6894283485057817,-1.6947395489775554,0.005311200514233858,RiskPage1,6
1718906031.0,0.862724,-1.692160059603035,-1.6972703086892935,0.005110249128892762,RiskPage1,6
1718906031.25,0.85888,-1.6962570933360985,-1.6997346197705463,0.00347752647727214,RiskPage1,6
1718906031.5,0.856317,-1.698988804433352,-1.70210303694694,0.003114232556624278,RiskPage1,6
1718906031.75,0.856317,-1.698988804433352,-1.704346341532484,0.005357537142406646,RiskPage1,6
1718906032.0,0.856317,-1.698988804433352,-1.7064359912220686,0.007447186832258991,RiskPage1,6
1718906032.25,0.853754,-1.7017205155306054,-1.708344590866601,0.006624075379836629,RiskPage1,6
1718906032.5,0.852472,-1.7030869039920484,-1.7100463771974284,0.006959473249550513,RiskPage1,6
1718906032.75,0.84991,-1.7058175492636691,-1.7115177091090024,0.005700159889862482,RiskPage1,6
1718906033.0,0.84991,-1.7058175492636691,-1.7127375538583052,0.006920004639548482,RiskPage1,6
1718906033.25,0.846065,-1.7099156488223657,-1.7136879584523954,0.0037723096753427437,RiskPage2,6
1718906033.5,0.844784,-1.7112809714581758,-1.7143544946312912,0.0030735232188378618,RiskPage2,6
1718906033.75,0.84094,-1.7153780051912393,-1.7147266652719204,-0.0006513398731860165,RiskPage2,6
1718906034.0,0.843503,-1.712646294093986,-1.7147982597958806,0.0021519657484317905,RiskPage2,6
1718906034.25,0.839658,-1.7167443936526825,-1.7145676463076152,-0.0021767472981393554,RiskPage2,6
1718906034.5,0.84094,-1.7153780051912393,-1.7140379887578494,-0.0013400163860928008,RiskPage2,6
1718906034.75,0.834533,-1.7222067500215565,-1.7132173784446634,-0.008989371529258059,RiskPage2,6
1718906035.0,0.837096,-1.7194750389243032,-1.712118870643603,-0.007356168232767301,RiskPage2,6
1718906035.25,0.835814,-1.7208414273857462,-1.7107604190980028,-0.010081008239562247,RiskPage2,6
1718906035.5,0.833251,-1.7235731384829995,-1.7091647034847697,-0.01440843494985976,RiskPage2,6
1718906035.75,0.833251,-1.7235731384829995,-1.7073588477635953,-0.01621429067091321,RiskPage2,6
1718906036.0,0.829407,-1.7276701722160632,-1.7053740304614637,-0.02229614170606057,RiskPage2,6
1718906036.25,0.830689,-1.72630378375462,-1.7032449913591392,-0.02305879234696717,RiskPage2,6
1718906036.5,0.826844,-1.7304018833133168,-1.7010094426274438,-0.029392440637452524,RiskPage2,6
1718906036.75,0.824282,-1.733132528584937,-1.6987073960763754,-0.03442513246029308,RiskPage2,6
1718906037.0,0.838377,-1.7181097162884928,-1.6963804216664513,-0.02172929457397183,RiskPage2,6
1718906037.25,0.865287,-1.6894283485057817,-1.6940708555938098,0.004642507135865885,RiskPage2,6
1718906037.5,0.872975,-1.6812342810396546,-1.6918209788759537,0.010586697883885915,RiskPage2,6
1718906037.75,0.880664,-1.6730391477478943,-1.6896721892027626,0.016633041502194947,RiskPage2,6
1718906038.0,0.899885,-1.6525529132569432,-1.6876641896758673,0.035111276465991485,RiskPage2,6
1718906038.25,0.907573,-1.644358845790816,-1.685834217809924,0.041475372065925054,RiskPage3,6
1718906038.5,0.912699,-1.6388954235963094,-1.6842163367858185,0.04532091323609166,RiskPage3,6
1718906038.75,0.893478,-1.6593816580872602,-1.6828408085124547,0.02345915047156344,RiskPage3,6
1718906039.0,0.880664,-1.6730391477478943,-1.6817335647551568,0.008694417053441275,RiskPage3,6
1718906039.25,0.878101,-1.6757708588451476,-1.680915788688005,0.005144929888869946,RiskPage3,6
1718906039.5,0.874256,-1.6798689584038442,-1.6804036150263741,0.000534656668398921,RiskPage3,6
1718906039.75,0.876819,-1.6771372473065909,-1.680207952680939,0.003070705420092957,RiskPage3,6
1718906040.0,0.876819,-1.6771372473065909,-1.6803344298703031,0.0031971826093464464,RiskPage3,6
1718906040.25,0.871694,-1.6825996036754647,-1.6807834579830023,-0.001816145646933113,RiskPage3,6
1718906040.5,0.870412,-1.683965992136908,-1.681550407273287,-0.00241558481819878,RiskPage3,6
1718906040.75,0.869131,-1.6853313147727182,-1.682625884751875,-0.002705429975536046,RiskPage3,6
1718906041.0,0.865287,-1.6894283485057817,-1.683996102415489,-0.005432246045113535,RiskPage3,6
1718906041.25,0.866568,-1.6880630258699714,-1.6856433222566103,-0.0024197035683256197,RiskPage3,6
1718906041.5,0.862724,-1.692160059603035,-1.6875463633035084,-0.004613696254651719,RiskPage3,6
1718906041.75,0.860161,-1.6948917707002884,-1.689681155243482,-0.005210615412108165,RiskPage3,6
1718906042.0,0.856317,-1.698988804433352,-1.692021322952653,-0.006967481436191778,RiskPage3,6
1718906042.25,0.853754,-1.7017205155306054,-1.694538786460358,-0.007181729025939457,RiskPage3,6
1718906042.5,0.851191,-1.7044522266278588,-1.6972043614770194,-0.007247865106731019,RiskPage3,6
1718906042.75,0.851191,-1.7044522266278588,-1.6999883465675687,-0.00446388001636964,RiskPage3,6
1718906043.0,0.843503,-1.712646294093986,-1.702861084307447,-0.009785209742781317,RiskPage3,6
1718906043.25,0.847347,-1.7085492603609223,-1.7057934852579288,-0.002755775059357776,RiskPage3,6
1718906043.5,0.843503,-1.712646294093986,-1.7087575052812602,-0.003888788769155386,RiskPage3,6
1718906043.75,0.84094,-1.7153780051912393,-1.7117265685224794,-0.0036514366251832655,RiskPage3,6
1718906044.0,0.84094,-1.7153780051912393,-1.714675930254771,-0.0007020748927994216,RiskPage3,6
1718906044.25,0.837096,-1.7194750389243032,-1.717582975665079,-0.0018920632153651999,RiskPage4,6
1718906044.5,0.830689,-1.72630378375462,-1.7204274525008807,-0.005876331209583424,RiskPage4,6
1718906044.75,0.828126,-1.7290354948518734,-1.7231916372709182,-0.0058438575363915606,RiskPage4,6
1718906045.0,0.828126,-1.7290354948518734,-1.7258604363625505,-0.0031750584442413812,RiskPage4,6
1718906045.25,0.829407,-1.7276701722160632,-1.728421424978599,0.0007512528082428394,RiskPage4,6
1718906045.5,0.825563,-1.7317672059491267,-1.730864828176589,-0.0009023777261057578,RiskPage4,6
1718906045.75,0.828126,-1.7290354948518734,-1.7331834494789717,0.004147954674339999,RiskPage4,6
1718906046.0,0.823,-1.7344989170463803,-1.7353725534816151,0.0008736364833485067,RiskPage4,6
1718906046.25,0.820437,-1.7372306281436336,-1.7374297095960152,0.0001990815014002315,RiskPage4,6
1718906046.5,0.819156,-1.7385959507794437,-1.7393546045081656,0.0007586537786466339,RiskPage4,6
1718906046.75,0.819156,-1.7385959507794437,-1.7411488311258445,0.0025528803971991334,RiskPage4,6
1718906047.0,0.823,-1.7344989170463803,-1.742815661725479,0.008316744730704973,RiskPage4,6
1718906047.25,0.823,-1.7344989170463803,-1.744359812711754,0.009860895717690343,RiskPage4,6
1718906047.5,0.817874,-1.739962339240887,-1.745787207882706,0.005824868694719447,RiskPage4,6
1718906047.75,0.815312,-1.7426929845125074,-1.7471047463734797,0.004411761914303123,RiskPage4,6
1718906048.0,0.812749,-1.7454246956097605,-1.7483200805710224,0.0028953850148503366,RiskPage4,6
1718906048.25,0.810186,-1.7481564067070143,-1.7494414083021173,0.0012850016487678095,RiskPage4,6
1718906048.5,0.802498,-1.7563504741731415,-1.750477282557237,-0.005873191562341411,RiskPage4,6
1718906048.75,0.808905,-1.7495217293428245,-1.7514364409768317,0.0019147116873018876,RiskPage4,6
1718906049.0,0.810186,-1.7481564067070143,-1.7523276563353472,0.004171249681210541,RiskPage4,6
1718906049.25,0.807623,-1.7508881178042677,-1.7531596083350123,0.0022714905830794204,PreMarketWait,7
1718906049.5,0.808905,-1.7495217293428245,-1.7539407761757202,0.0044190468845852725,PreMarketWait,7
1718906049.75,0.808905,-1.7495217293428245,-1.7546793506033531,0.005157621311495478,PreMarketWait,7
1718906050.0,0.80506,-1.7536198289015208,-1.75538316346563,0.0017633346143000137,PreMarketWait,7
1718906050.25,0.801216,-1.7577168626345845,-1.7560596322410853,-0.0016572303441173674,PreMarketWait,7
1718906050.5,0.802498,-1.7563504741731415,-1.7567157165808305,0.0003652424562485137,PreMarketWait,7
1718906050.75,0.797372,-1.7618138963676482,-1.7573578836447628,-0.004456012675146724,PreMarketWait,7
1718906051.0,0.796091,-1.7631792190034583,-1.75799207894973,-0.005187140006794044,PreMarketWait,7
1718906051.25,0.796091,-1.7631792190034583,-1.7586236995918363,-0.004555519365461291,PreMarketWait,7
1718906051.5,0.793528,-1.7659109301007119,-1.759257567059048,-0.006653362996232142,PreMarketWait,7
1718906051.75,0.793528,-1.7659109301007119,-1.7598978973989448,-0.0060130326570103,PreMarketWait,7
1718906052.0,0.792246,-1.767277318562155,-1.7605482672214754,-0.00672905129653769,PreMarketWait,7
1718906052.25,0.789684,-1.7700079638337753,-1.7612115748582602,-0.008796388931922753,MarketGridChoice,7
1718906052.5,0.792246,-1.767277318562155,-1.7618899969201252,-0.005387321598918302,MarketGridChoice,7
1718906052.75,0.787121,-1.772739674931029,-1.7625849414386023,-0.01015473344972587,MarketGridChoice,7
1718906053.0,0.790965,-1.7686426411979652,-1.7632969996853398,-0.005345641470265486,MarketGridChoice,7
1718906053.25,0.797372,-1.7618138963676482,-1.7640258995717253,0.0022120032461675834,MarketGridChoice,7
1718906053.5,0.798653,-1.7604485737318383,-1.7647704641732964,0.004321890483350956,MarketGridChoice,7
1718906053.75,0.803779,-1.7549851515373311,-1.765528579336112,0.010543427840547563,MarketGridChoice,7
1718906054.0,0.803779,-1.7549851515373311,-1.7662971744535656,0.011312022957946023,MarketGridChoice,7
1718906054.25,0.801216,-1.7577168626345845,-1.7670722203246658,0.009355357731807035,MarketGridChoice,7
1718906054.5,0.797372,-1.7618138963676482,-1.767848747524584,0.006034851198746062,MarketGridChoice,7
1718906054.75,0.794809,-1.7645456074649017,-1.768620887975882,0.004075280552945548,MarketGridChoice,7
1718906055.0,0.794809,-1.7645456074649017,-1.769381941470755,0.004836334048041667,MarketGridChoice,7
1718906055.25,0.794809,-1.7645456074649017,-1.7701244678388295,0.005578860416399041,MarketGridChoice,7
1718906055.5,0.790965,-1.7686426411979652,-1.770840404356624,0.00219776320146092,MarketGridChoice,7
1718906055.75,0.789684,-1.7700079638337753,-1.7715212069182564,0.0015132431276495542,MarketGridChoice,7
1718906056.0,0.789684,-1.7700079638337753,-1.772158012485517,0.002150048695300111,MarketGridChoice,7
1718906056.25,0.787121,-1.772739674931029,-1.7727418194534446,2.1445663764443727e-06,MarketGridChoice,7
1718906056.5,0.784558,-1.775471386028282,-1.7732636818417296,-0.002207704142190757,MarketGridChoice,7
1718906056.75,0.784558,-1.775471386028282,-1.7737149126809768,-0.0017564733025602556,MarketGridChoice,7
1718906057.0,0.780714,-1.7795684197613457,-1.7740872916252928,-0.005481128090956884,MarketGridChoice,7
1718906057.25,0.778151,-1.7823001308585993,-1.774373271698145,-0.007926859115052368,MarketGridChoice,7
1718906057.5,0.778151,-1.7823001308585993,-1.7745661801649733,-0.007733950647979973,MarketGridChoice,7
1718906057.75,0.775588,-1.7850318419558526,-1.7746604088083857,-0.010371433101654125,MarketGridChoice,7
1718906058.0,0.781995,-1.7782030971255356,-1.7746515893294275,-0.0035515077502203812,MarketGridChoice,7
1718906058.25,0.783276,-1.7768377744897255,-1.774536750164924,-0.0023010242789414928,MarketGridChoice,7
1718906058.5,0.784558,-1.775471386028282,-1.774314451636975,-0.0011569343455835532,MarketGridChoice,7
1718906058.75,0.790965,-1.7686426411979652,-1.7739848969716752,0.005342255819189989,MarketGridChoice,7
1718906059.0,0.792246,-1.767277318562155,-1.7735500172810967,0.006272698764079674,MarketGridChoice,7
1718906059.25,0.797372,-1.7618138963676482,-1.773013529052427,0.011199632729486582,MarketGridChoice,7
1718906059.5,0.794809,-1.7645456074649017,-1.7723809630108345,0.007835355590133033,MarketGridChoice,7
1718906059.75,0.793528,-1.7659109301007119,-1.7716596634246091,0.005748733367525195,MarketGridChoice,7
1718906060.0,0.792246,-1.767277318562155,-1.7708587570354972,0.003581438516346923,MarketGridChoice,7
1718906060.25,0.792246,-1.767277318562155,-1.7699890908786398,0.002711772358830079,MarketGridChoice,7
1718906060.5,0.789684,-1.7700079638337753,-1.7690631383710083,-0.0009448254211043873,MarketGridChoice,7
1718906060.75,0.788402,-1.7713743522952186,-1.768094873258999,-0.0032794789952510723,MarketGridChoice,7
1718906061.0,0.783276,-1.7768377744897255,-1.7670996113774708,-0.009738163071980315,MarketGridChoice,7
1718906061.25,0.780714,-1.7795684197613457,-1.7660938207187904,-0.013474599002964894,MarketGridChoice,7
1718906061.5,0.787121,-1.772739674931029,-1.765094901054369,-0.007644773837733218,MarketGridChoice,7
1718906061.75,0.784558,-1.775471386028282,-1.7641209352796097,-0.011350450710382511,MarketGridChoice,7
1718906062.0,0.789684,-1.7700079638337753,-1.763190415724163,-0.006817548071925518,MarketGridChoice,7
1718906062.25,0.787121,-1.772739674931029,-1.7623219498152374,-0.010417725078667407,MarketGridChoice,7
1718906062.5,0.790965,-1.7686426411979652,-1.7615339506182168,-0.007108690543140566,MarketGridChoice,7
1718906062.75,0.801216,-1.7577168626345845,-1.7608443188165288,0.003127456218091445,MarketGridChoice,7
1718906063.0,0.80506,-1.7536198289015208,-1.760270123544797,0.0066502946790286555,MarketGridChoice,7
1718906063.25,0.80506,-1.7536198289015208,-1.7598272900778151,0.006207461211724899,MarketGridChoice,7
1718906063.5,0.806342,-1.752253440440078,-1.759530302642116,0.007276862237223124,MarketGridChoice,7
1718906063.75,0.803779,-1.7549851515373311,-1.7593919305241925,0.004406779021876345,MarketGridChoice,7
1718906064.0,0.80506,-1.7536198289015208,-1.7594229852009737,0.005803156334367671,MarketGridChoice,7
1718906064.25,0.806342,-1.752253440440078,-1.7596321154447376,0.007378675039534217,MarketGridChoice,7
1718906064.5,0.80506,-1.7536198289015208,-1.7600256463045674,0.006405817437931328,MarketGridChoice,7
1718906064.75,0.802498,-1.7563504741731415,-1.760607466594621,0.004256992456415436,MarketGridChoice,7
1718906065.0,0.80506,-1.7536198289015208,-1.7613789680819227,0.007759139215421158,MarketGridChoice,7
1718906065.25,0.80506,-1.7536198289015208,-1.7623390380196864,0.008719209153291399,MarketGridChoice,7
1718906065.5,0.802498,-1.7563504741731415,-1.7634841050738184,0.00713363093592364,MarketGridChoice,7
1718906065.75,0.797372,-1.7618138963676482,-1.7648082370988183,0.002994340766542089,MarketGridChoice,7
1718906066.0,0.792246,-1.767277318562155,-1.7663032876953513,-0.0009740308313117528,MarketGridChoice,7
1718906066.25,0.792246,-1.767277318562155,-1.7679590870875403,0.0006817685609860527,MarketGridChoice,7
1718906066.5,0.787121,-1.772739674931029,-1.7697636716529823,-0.0029760032423518943,MarketGridChoice,7
1718906066.75,0.781995,-1.7782030971255356,-1.771703545471198,-0.00649955161856692,MarketGridChoice,7
1718906067.0,0.785839,-1.7741060633924721,-1.7737639665574816,-0.0003420967991647154,MarketGridChoice,7
1718906067.25,0.780714,-1.7795684197613457,-1.7759292500298345,-0.0036391696956535515,MarketGridChoice,7
1718906067.5,0.779432,-1.7809348082227892,-1.7781830803103382,-0.0027517278765862886,MarketGridChoice,7
1718906067.75,0.775588,-1.7850318419558526,-1.7805088245696774,-0.004523017350326399,MarketGridChoice,7
1718906068.0,0.773025,-1.787763553053106,-1.7828898399584194,-0.004873713058871421,MarketGridChoice,7
1718906068.25,0.770462,-1.7904952641503595,-1.7853097677024743,-0.005185496412113987,MarketGridChoice,7
1718906068.5,0.769181,-1.7918605867861694,-1.7877528078429157,-0.004107778907528308,MarketGridChoice,7
1718906068.75,0.770462,-1.7904952641503595,-1.7902039692389096,-0.0002912948757644897,MarketGridChoice,7
1718906069.0,0.765337,-1.7959576205192331,-1.792649290389749,-0.003308330093824751,MarketGridChoice,7
1718906069.25,0.764055,-1.7973240089806766,-1.7950760276286182,-0.0022479813164022573,MarketGridChoice,7
1718906069.5,0.761493,-1.8000546542522968,-1.797472808259264,-0.0025818459573494915,MarketGridChoice,7
1718906069.75,0.761493,-1.8000546542522968,-1.7998297472150782,-0.0002249070014725841,MarketGridChoice,7
1718906070.0,0.757648,-1.8041527538109934,-1.8021385267916539,-0.0020142269834939478,MarketGridChoice,7
1718906070.25,0.756367,-1.8055180764468035,-1.804392439916001,-0.0011256364948203721,MarketGridChoice,7
1718906070.5,0.756367,-1.8055180764468035,-1.80658639824814,0.0010683218374936024,MarketGridChoice,7
1718906070.75,0.752523,-1.8096151101798672,-1.8087169071463585,-0.00089820299713804,MarketGridChoice,7
1718906071.0,0.753804,-1.8082497875440569,-1.8107820101519434,0.0025322226445091862,MarketGridChoice,7
1718906071.25,0.752523,-1.8096151101798672,-1.8127812061525157,0.0031660960095596952,MarketGridChoice,7
1718906071.5,0.751241,-1.8109814986413104,-1.8147153427596063,0.0037338441555307476,MarketGridChoice,7
1718906071.75,0.744834,-1.8178102434716275,-1.816586489686271,-0.0012237537477625526,MarketGridChoice,7
1718906072.0,0.746116,-1.8164438550101842,-1.8183977960419606,0.0019539410697665786,MarketGridChoice,7
1718906072.25,0.739709,-1.8232725998405013,-1.8201533354889692,-0.0031192643131066197,MarketGridChoice,7
1718906072.5,0.744834,-1.8178102434716275,-1.8218579431453767,0.004047699712650952,MarketGridChoice,7
1718906072.75,0.74099,-1.821907277204691,-1.823517047989553,0.001609770824279164,MarketGridChoice,7
1718906073.0,0.74099,-1.821907277204691,-1.825136504331864,0.0032292271671386014,MarketGridChoice,7
1718906073.25,0.737146,-1.8260043109377546,-1.8267224256774568,0.0007181147802428987,MarketGridChoice,7
1718906073.5,0.734583,-1.828736022035008,-1.8282810240178375,-0.0004549979760350119,MarketGridChoice,7
1718906073.75,0.733302,-1.830101344670818,-1.8298184572705818,-0.0002828873584916425,MarketGridChoice,7
1718906074.0,0.733302,-1.830101344670818,-1.8313406872514977,0.0012393426230453675,MarketGridChoice,7
1718906074.25,0.730739,-1.8328330557680717,-1.8328533502265474,2.0294501472257077e-05,ForecastPage,7
1718906074.5,0.729457,-1.8341994442295149,-1.834361641762163,0.00016219757628445353,ForecastPage,7
1718906074.75,0.726894,-1.836931155326768,-1.8358702172779604,-0.001060938004524266,ForecastPage,7
1718906075.0,0.725613,-1.8382964779625783,-1.8373831094083712,-0.0009133685092746395,ForecastPage,7
1718906075.25,0.724332,-1.8396618005983887,-1.8389036630015076,-0.0007581375513034895,ForecastPage,7
1718906075.5,0.721769,-1.842393511695642,-1.8404344883253312,-0.001959023324099238,ForecastPage,7
1718906075.75,0.721769,-1.842393511695642,-1.841977432811021,-0.0004160788377969137,ForecastPage,7
1718906076.0,0.721769,-1.842393511695642,-1.8435335714362702,0.0011400597880297067,ForecastPage,7
1718906076.25,0.719206,-1.8451252227928954,-1.8451032156296308,-2.2007115337147488e-05,ForecastPage,7
1718906076.5,0.717925,-1.8464905454287055,-1.8466859403526192,0.00019539497229799103,ForecastPage,7
1718906076.75,0.715362,-1.849222256525959,-1.848280628782201,-0.0009416276950002247,ForecastPage,7
1718906077.0,0.71408,-1.8505886449874023,-1.8498855337686182,-0.0007031111697471857,ForecastPage,7
1718906077.25,0.716643,-1.847856933890149,-1.8514983549813366,0.003641421140401658,ForecastPage,7
1718906077.5,0.71408,-1.8505886449874023,-1.8531163303793812,0.002527685441264465,ForecastPage,7
1718906077.75,0.710236,-1.8546856787204657,-1.8547363403519512,5.066168073561178e-05,ForecastPage,7
1718906078.0,0.711518,-1.8533192902590228,-1.856355022573259,0.0030357323633458597,ForecastPage,7
1718906078.25,0.705111,-1.8601480350893396,-1.8579688953089364,-0.0021791397315356355,ForecastPage,7
1718906078.5,0.706392,-1.8587827124535292,-1.8595744866120956,0.0007917742070955064,ForecastPage,7
1718906078.75,0.706392,-1.8587827124535292,-1.8611684665695196,0.00238575416408865,ForecastPage,7
1718906079.0,0.702548,-1.8628797461865931,-1.8627477795149732,-0.00013196662404060046,ForecastPage,7
1718906079.25,0.702548,-1.8628797461865931,-1.8643097729262605,0.0014300267866452548,ForecastPage,7
1718906079.5,0.699985,-1.8656114572838467,-1.8658523195717944,0.00024086233424770032,ForecastPage,7
1718906079.75,0.698704,-1.8669767799196566,-1.8673739293773801,0.00039714950327066664,ForecastPage,7
1718906080.0,0.697422,-1.8683431683810998,-1.8688738474519992,0.000530679115621438,ForecastPage,7
1718906080.25,0.697422,-1.8683431683810998,-1.870352134750367,0.002008966413099023,ForecastPage,7
1718906080.5,0.694859,-1.8710748794783532,-1.8718097279669919,0.0007348485315269613,ForecastPage,7
1718906080.75,0.693578,-1.8724402021141635,-1.873248475457834,0.0008082733855754266,ForecastPage,7
1718906081.0,0.689734,-1.876537235847227,-1.8746711462781067,-0.0018660895282212975,ForecastPage,7
1718906081.25,0.688452,-1.8779036243086704,-1.8760814098159462,-0.0018222144528347328,ForecastPage,7
1718906081.5,0.687171,-1.8792689469444805,-1.8774837839991985,-0.0017851629063863196,ForecastPage,7
1718906081.75,0.684608,-1.8820006580417339,-1.8788835506613426,-0.0031171073424563385,ForecastPage,7
1718906082.0,0.683327,-1.883365980677544,-1.8802866373716778,-0.0030793432688448258,ForecastPage,7
1718906082.25,0.683327,-1.883365980677544,-1.8816994658562838,-0.0016665147850932088,ForecastPage,7
1718906082.5,0.680764,-1.8860976917747976,-1.883128768045253,-0.0029689236941599206,ForecastPage,7
1718906082.75,0.679482,-1.8874640802362406,-1.8845813717587718,-0.0028827084427824933,ForecastPage,7
1718906083.0,0.675638,-1.8915611139693043,-1.8860639590672614,-0.005497154867958623,ForecastPage,7
1718906083.25,0.671794,-1.895658147702368,-1.8875828014049258,-0.008075346263855306,ForecastPage,7
1718906083.5,0.67692,-1.890194725507861,-1.8891434765557338,-0.0010512489189278555,ForecastPage,7
1718906083.75,0.673075,-1.8942928250665578,-1.890750573636346,-0.003542251397287533,ForecastPage,7
1718906084.0,0.671794,-1.895658147702368,-1.8924073931358976,-0.0032507545337099137,ForecastPage,7
1718906084.25,0.671794,-1.895658147702368,-1.8941156498971266,-0.0015424977725368007,ForecastPage,7
1718906084.5,0.670513,-1.8970234703381779,-1.895875187596074,-0.0011482827093527907,ForecastPage,7
1718906084.75,0.66795,-1.8997551814354314,-1.8976837137620464,-0.0020714676404896904,ForecastPage,7
1718906085.0,0.665387,-1.902486892532685,-1.8995365646455877,-0.0029503278539671487,ForecastPage,7
1718906085.25,0.66795,-1.8997551814354314,-1.901426509265273,0.001671327863289721,ForecastPage,7
1718906085.5,0.665387,-1.902486892532685,-1.9033436017238967,0.0008567092250520981,ForecastPage,7
1718906085.75,0.666668,-1.9011215698968746,-1.9052750903638531,0.0041535205012729086,ForecastPage,7
1718906086.0,0.665387,-1.902486892532685,-1.9072053915168872,0.004718499019002483,ForecastPage,7
1718906086.25,0.664105,-1.903853280994128,-1.9091161344882792,0.005262853529500218,ForecastPage,7
1718906086.5,0.661543,-1.9065839262657485,-1.9109862830038087,0.004402356773994388,ForecastPage,7
1718906086.75,0.664105,-1.903853280994128,-1.9127923366562962,0.008939055698715628,ForecastPage,7
1718906087.0,0.661543,-1.9065839262657485,-1.9145086139461926,0.007924687717620874,ForecastPage,7
1718906087.25,0.661543,-1.9065839262657485,-1.9161076163570891,0.009523690129146802,ForecastPage,7
1718906087.5,0.660261,-1.9079503147271917,-1.917560470590729,0.009610155901955592,ForecastPage,7
1718906087.75,0.657698,-1.9106820258244452,-1.9188374436648727,0.008155417879423227,ForecastPage,7
1718906088.0,0.660261,-1.9079503147271917,-1.9199085231186657,0.01195820843099578,ForecastPage,7
1718906088.25,0.655136,-1.9134126710960653,-1.9207440521499752,0.007331381093893528,ForecastPage,7
1718906088.5,0.652573,-1.916144382193319,-1.9213154072096124,0.005171025056666311,ForecastPage,7
1718906088.75,0.651291,-1.917510770654762,-1.921595703483741,0.00408493286966637,ForecastPage,7
1718906089.0,0.65001,-1.9188760932905722,-1.9215605118931989,0.0026844186435542572,ForecastPage,7
1718906089.25,0.65001,-1.9188760932905722,-1.9211885698068587,0.002312476557382218,ForecastPage,7
1718906089.5,0.648729,-1.9202414159263825,-1.920462466674763,0.0002210507895769908,ForecastPage,7
1718906089.75,0.644884,-1.924339515485079,-1.9193692852905821,-0.004970230153261444,ForecastPage,7
1718906090.0,0.647447,-1.9216078043878255,-1.9179011794322507,-0.003706624914353565,ForecastPage,7
1718906090.25,0.647447,-1.9216078043878255,-1.9160558692305323,-0.0055519351161327085,ForecastPage,7
1718906090.5,0.643603,-1.925704838120889,-1.913837036788378,-0.011867801291454686,ForecastPage,7
1718906090.75,0.634633,-1.9352652940484596,-1.911254606312249,-0.02401068769529913,ForecastPage,7
1718906091.0,0.633352,-1.93663061668427,-1.908324895292634,-0.028305721350908454,ForecastPage,7
1718906091.25,0.662824,-1.9052186036299381,-1.905070626032166,-0.0001479775572625873,ForecastPage,7
1718906091.5,0.691015,-1.8751719132114166,-1.901520789980756,0.02634887680960323,ForecastPage,7
1718906091.75,0.682045,-1.8847323691389872,-1.8977103607795236,0.012977991680532028,ForecastPage,7
1718906092.0,0.646166,-1.9229731270236359,-1.8936798555105039,-0.0292932714734204,ForecastPage,7
1718906092.25,0.644884,-1.924339515485079,-1.8894747473013687,-0.03486476814429511,ForecastPage,7
1718906092.5,0.655136,-1.9134126710960653,-1.8851447361066864,-0.028267934950266884,ForecastPage,7
1718906092.75,0.689734,-1.876537235847227,-1.8807428881738375,0.004205652365418221,ForecastPage,7
1718906093.0,0.689734,-1.876537235847227,-1.8763246583633393,-0.00021257744537379625,ForecastPage,7
1718906093.25,0.694859,-1.8710748794783532,-1.871946813017569,0.0008719335774601423,ForecastPage,7
1718906093.5,0.701266,-1.8642461346480363,-1.8676662742977506,0.0034201396877294667,ForecastPage,7
1718906093.75,0.692297,-1.8738055247499736,-1.863538909689016,-0.010266615023115553,ForecastPage,7
1718906094.0,0.696141,-1.8697084910169102,-1.8596182926150289,-0.010090198364141666,ForecastPage,7
1718906094.25,0.701266,-1.8642461346480363,-1.8559544617671129,-0.00829167284320476,ForecastPage,7
1718906094.5,0.712799,-1.8519539676232124,-1.8525927078195965,0.0006387402341726761,ForecastPage,7
1718906094.75,0.717925,-1.8464905454287055,-1.8495724166473084,0.0030818712565574276,ForecastPage,7
1718906095.0,0.725613,-1.8382964779625783,-1.8469259979390142,0.008629520014651264,ForecastPage,7
1718906095.25,0.728176,-1.8355647668653252,-1.8446779271603069,0.009113160333549891,ForecastPage,7
1718906095.5,0.728176,-1.8355647668653252,-1.8428439271219874,0.007279160295670209,ForecastPage,7
1718906095.75,0.729457,-1.8341994442295149,-1.841430312945734,0.0072308687557469265,ForecastPage,7
1718906096.0,0.735864,-1.827370699399198,-1.8404335210123295,0.013062821653251748,ForecastPage,7
1718906096.25,0.739709,-1.8232725998405013,-1.8398398385806227,0.01656723878089759,ForecastPage,7
1718906096.5,0.744834,-1.8178102434716275,-1.8396253462468792,0.02181510281673801,ForecastPage,7
1718906096.75,0.752523,-1.8096151101798672,-1.8397560803563193,0.030140970218689493,ForecastPage,7
1718906097.0,0.753804,-1.8082497875440569,-1.8401884169808664,0.031938629479824995,ForecastPage,7
1718906097.25,0.756367,-1.8055180764468035,-1.8408696732670569,0.03535159686405934,ForecastPage,7
1718906097.5,0.755085,-1.8068844649082467,-1.841738916001887,0.03485445113823385,ForecastPage,7
1718906097.75,0.74996,-1.8123468212771208,-1.8427279613525824,0.030381140120821867,ForecastPage,7
1718906098.0,0.73202,-1.8314677331322615,-1.8437625441610828,0.01229481107491051,ForecastPage,7
1718906098.25,0.699985,-1.8656114572838467,-1.844763630197657,-0.020847827039425126,ForecastPage,7
1718906098.5,0.688452,-1.8779036243086704,-1.8456488406892135,-0.03225478357208608,ForecastPage,7
1718906098.75,0.697422,-1.8683431683810998,-1.846333955493706,-0.022009212839496563,ForecastPage,7
1718906099.0,0.688452,-1.8779036243086704,-1.8467344596689905,-0.03116916459134395,ForecastPage,7
1718906099.25,0.688452,-1.8779036243086704,-1.846767097937452,-0.03113652632253514,ForecastPage,7
1718906099.5,0.698704,-1.8669767799196566,-1.8463514026017442,-0.02062537726897037,ForecastPage,7
1718906099.75,0.721769,-1.842393511695642,-1.845411162646593,0.003017651000070093,ForecastPage,7
1718906100.0,0.706392,-1.8587827124535292,-1.8438758048377586,-0.01490690756654683,ForecastPage,7
1718906100.25,0.701266,-1.8642461346480363,-1.8416816613632419,-0.02256447323552887,ForecastPage,7
1718906100.5,0.703829,-1.8615144235507828,-1.8387731027387726,-0.02274132076275327,ForecastPage,7
1718906100.75,0.71408,-1.8505886449874023,-1.8351035191443084,-0.015485125793883087,ForecastPage,7
1718906101.0,0.712799,-1.8519539676232124,-1.8306361379247615,-0.021317829649311122,ForecastPage,7
1718906101.25,0.716643,-1.847856933890149,-1.825344669533116,-0.02251226430798002,ForecastPage,7
1718906101.5,0.728176,-1.8355647668653252,-1.819213778557325,-0.016350988259042597,ForecastPage,7
1718906101.75,0.744834,-1.8178102434716275,-1.8122393804775405,-0.005570862945228738,ForecastPage,7
1718906102.0,0.785839,-1.7741060633924721,-1.804428768265035,0.030322704921316664,ForecastPage,7
1718906102.25,0.792246,-1.767277318562155,-1.7958005756843474,0.02852325717083049,ForecastPage,7
1718906102.5,0.799935,-1.7590821852703948,-1.7863845860525795,0.027302400830687107,ForecastPage,7
1718906102.75,0.812749,-1.7454246956097605,-1.77622139616878,0.030796700607356058,ForecastPage,7
1718906103.0,0.842221,-1.7140126825554294,-1.765361945176574,0.051349262669277265,ForecastPage,7
1718906103.25,0.851191,-1.7044522266278588,-1.7538669173967034,0.04941469081672774,ForecastPage,7
1718906103.5,0.847347,-1.7085492603609223,-1.7418060268832756,0.03325676656993687,ForecastPage,7
1718906103.75,0.846065,-1.7099156488223657,-1.7292571899034503,0.019341541128316327,ForecastPage,7
1718906104.0,0.847347,-1.7085492603609223,-1.7163055900488633,0.007756329734768669,ForecastPage,7
1718906104.25,0.838377,-1.7181097162884928,-1.7030426396190064,-0.015067076623112255,MarketWaitPage,7
1718906104.5,0.83197,-1.7249384611188097,-1.6895648406179966,-0.03537362045493908,MarketWaitPage,7
1718906104.75,0.819156,-1.7385959507794437,-1.675972549454751,-0.0626234012793617,MarketWaitPage,7
1718906105.0,0.801216,-1.7577168626345845,-1.662368651396128,-0.09534821119370734,MarketWaitPage,7
1718906105.25,0.869131,-1.6853313147727182,-1.648857154007301,-0.036474160721282615,MarketWaitPage,7
1718906105.5,0.915262,-1.6361637124990558,-1.6355417130648182,-0.0006219993907451496,MarketWaitPage,7
1718906105.75,0.938327,-1.611580444275041,-1.6225241094161353,0.01094366518392332,MarketWaitPage,7
1718906106.0,0.864005,-1.6907947369672247,-1.609902700539618,-0.08089203638545747,MarketWaitPage,7
1718906106.25,0.898603,-1.6539193017183864,-1.5977708756742341,-0.05614842600269498,RoundResultsPage,7
1718906106.5,0.94986,-1.5992882772502173,-1.5862155479600883,-0.01307272924937123,RoundResultsPage,7
1718906106.75,0.948578,-1.6006546657116607,-1.5753157207629556,-0.025338944908651656,RoundResultsPage,7
1718906107.0,0.965236,-1.582900142317963,-1.565141167962815,-0.01775897431580146,RoundResultsPage,7
1718906107.25,0.983176,-1.5637792304628222,-1.5557512691443987,-0.00802796127978559,RoundResultsPage,7
1718906107.5,1.034433,-1.5091482059946533,-1.5471940400001603,0.03804583404343829,RoundResultsPage,7
1718906107.75,1.08697,-1.4531529247163069,-1.5395053955539648,0.08635247087488859,RoundResultsPage,7
1718906108.0,1.107473,-1.4313003017639128,-1.532708678841921,0.1014083771145493,RoundResultsPage,7
1718906108.25,1.117724,-1.4203745232005323,-1.5268144803831336,0.10643995721846965,RoundResultsPage,7
1718906108.5,1.140789,-1.3957912549765175,-1.521820764266097,0.126029509324798,RoundResultsPage,7
1718906108.75,1.115161,-1.4231062342977854,-1.5177133053388001,0.09460707107561177,RoundResultsPage,7
1718906109.0,1.108754,-1.4299349791281024,-1.5144664294467682,0.08453145035267486,RoundResultsPage,7
1718906109.25,1.062624,-1.4791015155761318,-1.512044035736525,0.032942520193852604,RoundResultsPage,7
1718906109.5,1.035714,-1.507782883358843,-1.5104008676626495,0.0026179843367580835,RoundResultsPage,7
1718906109.75,1.001116,-1.5446583186076814,-1.509483988434883,-0.03517433014031056,RoundResultsPage,7
1718906110.0,0.965236,-1.582900142317963,-1.509234408037573,-0.07366573424831982,RoundResultsPage,7
1718906110.25,0.954985,-1.5938259208813437,-1.5095888032580724,-0.0842371175915716,RoundResultsPage,7
1718906110.5,0.953704,-1.5951912435171536,-1.5104812697047376,-0.08470997378103626,RoundResultsPage,7
1718906110.75,0.956267,-1.5924595324199005,-1.5118450456007886,-0.0806144867879976,RoundResultsPage,7
1718906111.0,0.967799,-1.5801684312207098,-1.5136141509362844,-0.06655428025351734,RoundResultsPage,7
1718906111.25,1.008804,-1.536464251141554,-1.515724891841939,-0.020739359268846874,RoundResultsPage,7
1718906111.5,0.997272,-1.548755352340745,-1.5181171881673963,-0.030638164142645752,RoundResultsPage,7
1718906111.75,1.002397,-1.543292995971871,-1.5207356915138697,-0.022557304427280933,RoundResultsPage,7
1718906112.0,1.01393,-1.5310008289470474,-1.5235306707489862,-0.007470158167232566,RoundResultsPage,7
1718906112.25,1.010086,-1.5350978626801108,-1.5264586517955083,-0.008639210853569494,RoundResultsPage,7
1718906112.5,1.007523,-1.5378295737773644,-1.5294828078417098,-0.008346765904318522,RoundResultsPage,7
1718906112.75,1.002397,-1.543292995971871,-1.532573104789321,-0.010719891150814953,RoundResultsPage,7
1718906113.0,1.007523,-1.5378295737773644,-1.5357062145383646,-0.0021233592067765733,RoundResultsPage,7
1718906113.25,1.011367,-1.533732540044301,-1.5388652154674813,0.0051326754559693965,RoundResultsPage,7
1718906113.5,1.012649,-1.5323661515828577,-1.542039105101581,0.009672953552142264,RoundResultsPage,7
1718906113.75,1.017774,-1.526903795213984,-1.5452221543900246,0.018318359210138344,RoundResultsPage,7
1718906114.0,1.008804,-1.536464251141554,-1.5484131361998894,0.011948885093143388,RoundResultsPage,7
1718906114.25,1.008804,-1.536464251141554,-1.5516144625503778,0.015150211444358193,RoundResultsPage,7
1718906114.5,1.00496,-1.5405612848746177,-1.5548312658127978,0.014269980974442403,RoundResultsPage,7
1718906114.75,1.002397,-1.543292995971871,-1.5580704586560408,0.014777462721149458,RoundResultsPage,7
1718906115.0,0.998553,-1.5473900297049348,-1.5613398060412003,0.013949776373943151,RoundResultsPage,7
1718906115.25,0.997272,-1.548755352340745,-1.5646470401879191,0.01589168788552333,RoundResultsPage,7
1718906115.5,0.994709,-1.5514870634379985,-1.5679990462821667,0.016511982883158853,RoundResultsPage,7
1718906115.75,0.993427,-1.5528534518994415,-1.5714011429055041,0.018547691045664682,RoundResultsPage,7
1718906116.0,0.985739,-1.5610475193655686,-1.5748564768766695,0.013808957551287346,RoundResultsPage,7
1718906116.25,0.983176,-1.5637792304628222,-1.578365547548414,0.014586317126339756,RoundResultsPage,7
1718906116.5,0.976769,-1.5706079752931392,-1.5819258707416937,0.011317895489845117,RoundResultsPage,7
1718906116.75,0.971643,-1.576071397487646,-1.5855317875744008,0.009460390128571979,RoundResultsPage,7
1718906117.0,0.965236,-1.582900142317963,-1.5891744185995693,0.006274276323935613,RoundResultsPage,7
1718906117.25,0.960111,-1.5883624986868368,-1.5928417590464479,0.00447926040243872,RoundResultsPage,7
1718906117.5,0.954985,-1.5938259208813437,-1.5965189066806098,0.002692985842579064,RoundResultsPage,7
1718906117.75,0.947297,-1.602019988347471,-1.6001884099717025,-0.0018315783319820989,RoundResultsPage,7
1718906118.0,0.943452,-1.6061180879061674,-1.6038307209642204,-0.0022873668976983934,RoundResultsPage,7
1718906118.25,0.94089,-1.6088487331777879,-1.6074247345506953,-0.0014239985823932804,RiskPage1,7
1718906118.5,0.935764,-1.6143121553722946,-1.610948393788733,-0.003363761538422683,RiskPage1,7
1718906118.75,0.933201,-1.6170438664695481,-1.6143793395031367,-0.0026645269208457074,RiskPage1,7
1718906119.0,0.926794,-1.623872611299865,-1.617695581673712,-0.0061770295801784475,RiskPage1,7
1718906119.25,0.925513,-1.625237933935675,-1.6208761700168375,-0.004361763872481474,RiskPage1,7
1718906119.5,0.921669,-1.6293349676687388,-1.623901841704074,-0.005433125917966769,RiskPage1,7
1718906119.75,0.917824,-1.6334330672274353,-1.6267556252963549,-0.006677441884094902,RiskPage1,7
1718906120.0,0.911417,-1.6402618120577521,-1.6294233816729113,-0.010838430337636517,RiskPage1,7
1718906120.25,0.91398,-1.637530100960499,-1.631894264958191,-0.0056358359549687,RiskPage1,7
1718906120.5,0.908854,-1.6429935231550057,-1.6341610891485758,-0.008832433959052508,RiskPage1,7
1718906120.75,0.899885,-1.6525529132569432,-1.6362205892567905,-0.01633232395284685,RiskPage1,7
1718906121.0,0.881945,-1.671673825112084,-1.6380735692598583,-0.03360025580511016,RiskPage1,7
1718906121.25,0.893478,-1.6593816580872602,-1.6397249328799064,-0.019656725160552287,RiskPage1,7
1718906121.5,0.890915,-1.6621133691845136,-1.641183597151817,-0.020929771986332543,RiskPage1,7
1718906121.75,0.893478,-1.6593816580872602,-1.642462292713285,-0.016919365328167867,RiskPage1,7
1718906122.0,0.899885,-1.6525529132569432,-1.643577258629545,-0.008975654582257894,RiskPage1,7
1718906122.25,0.903729,-1.6484558795238795,-1.6445478431470464,-0.003908036332456422,RiskPage1,7
1718906122.5,0.912699,-1.6388954235963094,-1.645396024863549,0.006500601310775107,RiskPage1,7
1718906122.75,0.917824,-1.6334330672274353,-1.6461458712333221,0.01271280404852844,RiskPage1,7
1718906123.0,0.921669,-1.6293349676687388,-1.646822952962089,0.01748798533507209,RiskPage1,7
1718906123.25,0.926794,-1.623872611299865,-1.647453733606539,0.02358112234747646,RiskPage2,7
1718906123.5,0.929357,-1.6211409002026116,-1.6480649535581984,0.026924053395495365,RiskPage2,7
1718906123.75,0.926794,-1.623872611299865,-1.6486830266056332,0.024810415344831863,RiskPage2,7
1718906124.0,0.925513,-1.625237933935675,-1.6493334655371177,0.02409553163972937,RiskPage2,7
1718906124.25,0.919106,-1.6320666787659923,-1.6500403509242412,0.01797367219584355,RiskPage2,7
1718906124.5,0.899885,-1.6525529132569432,-1.6508258545094343,-0.0017270587105099947,RiskPage2,7
1718906124.75,0.894759,-1.6580163354514499,-1.6517098257199934,-0.0063065096949506995,RiskPage2,7
1718906125.0,0.89604,-1.6566510128156398,-1.6527094469550945,-0.003941565824425701,RiskPage2,7
1718906125.25,0.898603,-1.6539193017183864,-1.6538389606137829,-8.034106876259398e-05,RiskPage2,7
1718906125.5,0.897322,-1.6552846243541965,-1.6551094684670766,-0.0001751558514529487,RiskPage2,7
1718906125.75,0.894759,-1.6580163354514499,-1.6565288019793647,-0.0014875334364930861,RiskPage2,7
1718906126.0,0.888352,-1.664845080281767,-1.6581014605595448,-0.006743619686612353,RiskPage2,7
1718906126.25,0.887071,-1.666210402917577,-1.659828613456001,-0.006381789425864336,RiskPage2,7
1718906126.5,0.884508,-1.6689421140148308,-1.6617081600826862,-0.00723395389625776,RiskPage2,7
1718906126.75,0.885789,-1.6675767913790205,-1.6637348429552878,-0.003841948387607652,RiskPage2,7
1718906127.0,0.884508,-1.6689421140148308,-1.6659004070974213,-0.0030417068809945654,RiskPage2,7
1718906127.25,0.876819,-1.6771372473065909,-1.6681937997059497,-0.008943447563893089,RiskPage2,7
1718906127.5,0.881945,-1.671673825112084,-1.670601403992452,-0.0010724210825156875,RiskPage2,7
1718906127.75,0.880664,-1.6730391477478943,-1.673107301393245,6.815368286364198e-05,RiskPage2,7
1718906128.0,0.883226,-1.6703085024762736,-1.675693556714669,0.005385054276328655,RiskPage2,7
1718906128.25,0.876819,-1.6771372473065909,-1.6783405212102929,0.001203273942078779,RiskPage3,7
1718906128.5,0.864005,-1.6907947369672247,-1.6810271490383564,-0.0097675878900244,RiskPage3,7
1718906128.75,0.85888,-1.6962570933360985,-1.683731323001425,-0.012525770295339243,RiskPage3,7
1718906129.0,0.85888,-1.6962570933360985,-1.6864301859189663,-0.009826907377288687,RiskPage3,7
1718906129.25,0.862724,-1.692160059603035,-1.689100474420238,-0.0030595851424327133,RiskPage3,7
1718906129.5,0.869131,-1.6853313147727182,-1.6917188523447366,0.006387537612905938,RiskPage3,7
1718906129.75,0.870412,-1.683965992136908,-1.69426224125077,0.010296249155263516,RiskPage3,7
1718906130.0,0.864005,-1.6907947369672247,-1.6967081456969877,0.00591340877165638,RiskPage3,7
1718906130.25,0.864005,-1.6907947369672247,-1.6990349709266483,0.008240234001770489,RiskPage3,7
1718906130.5,0.867849,-1.686697703234161,-1.7012223303334169,0.014524627142000472,RiskPage3,7
1718906130.75,0.867849,-1.686697703234161,-1.7032513396436724,0.016553636452583134,RiskPage3,7
1718906131.0,0.864005,-1.6907947369672247,-1.705104894168865,0.014310157244954892,RiskPage3,7
1718906131.25,0.862724,-1.692160059603035,-1.7067679248402954,0.014607865280720198,RiskPage3,7
1718906131.5,0.847347,-1.7085492603609223,-1.7082276281347044,-0.000321632182721375,RiskPage3,7
1718906131.75,0.833251,-1.7235731384829995,-1.7094736645458313,-0.014099473893751102,RiskPage3,7
1718906132.0,0.83197,-1.7249384611188097,-1.710498320074723,-0.014440141000867468,RiskPage3,7
1718906132.25,0.838377,-1.7181097162884928,-1.7112966254049737,-0.00681309084061266,RiskPage3,7
1718906132.5,0.84094,-1.7153780051912393,-1.7118664280614733,-0.003511577087276751,RiskPage3,7
1718906132.75,0.829407,-1.7276701722160632,-1.7122084139276619,-0.015461758246416255,RiskPage3,7
1718906133.0,0.815312,-1.7426929845125074,-1.7123260759689902,-0.030366908502102243,RiskPage3,7
1718906133.25,0.823,-1.7344989170463803,-1.7122256297999774,-0.022273287205601757,RiskPage4,7
1718906133.5,0.825563,-1.7317672059491267,-1.7119158777432726,-0.019851328165688693,RiskPage4,7
1718906133.75,0.834533,-1.7222067500215565,-1.7114080251449861,-0.010798724837039145,RiskPage4,7
1718906134.0,0.843503,-1.712646294093986,-1.7107154547826928,-0.0019308392723739881,RiskPage4,7
1718906134.25,0.848628,-1.7071839377251121,-1.7098534670545342,0.0026695293677704637,RiskPage4,7
1718906134.5,0.862724,-1.692160059603035,-1.7088389950911331,0.016678935525934663,RiskPage4,7
1718906134.75,0.872975,-1.6812342810396546,-1.7076903048384509,0.026456023836194824,RiskPage4,7
1718906135.0,0.872975,-1.6812342810396546,-1.7064266904268859,0.025192409424275763,RiskPage4,7
1718906135.25,0.871694,-1.6825996036754647,-1.7050681747476746,0.022468571108990094,RiskPage4,7
1718906135.5,0.864005,-1.6907947369672247,-1.703635224155556,0.01284048722493892,RiskPage4,7
1718906135.75,0.85888,-1.6962570933360985,-1.702148484730237,0.005891391430662994,RiskPage4,7
1718906136.0,0.855035,-1.7003551928947953,-1.700628545730726,0.00027335287245496345,RiskPage4,7
1718906136.25,0.855035,-1.7003551928947953,-1.6990957339531931,-0.0012594589050027027,RiskPage4,7
1718906136.5,0.853754,-1.7017205155306054,-1.6975699408215168,-0.004150574672348728,RiskPage4,7
1718906136.75,0.857598,-1.697623481797542,-1.6960704823232113,-0.0015529994373957683,RiskPage4,7
1718906137.0,0.844784,-1.7112809714581758,-1.694615990424787,-0.016664980996213226,RiskPage4,7
1718906137.25,0.848628,-1.7071839377251121,-1.6932243333882089,-0.013959604299447969,RiskPage4,7
1718906137.5,0.874256,-1.6798689584038442,-1.6919125614579917,0.012043603091916523,RiskPage4,7
1718906137.75,0.878101,-1.6757708588451476,-1.6906968736630332,0.014926014855996924,RiskPage4,7
1718906138.0,0.869131,-1.6853313147727182,-1.6895926009255857,0.00426128619134654,RiskPage4,7
1718906138.25,0.866568,-1.6880630258699714,-1.688614200238535,0.0005511744074324708,RiskPage4,7
1718906138.5,0.867849,-1.686697703234161,-1.6877752543350764,0.0010775511401941525,RiskPage4,7
1718906138.75,0.870412,-1.683965992136908,-1.6870884710472542,0.0031224789500506893,RiskPage4,7
1718906139.0,0.857598,-1.697623481797542,-1.6865656764760832,-0.011057805281318472,RiskPage4,7
1718906139.25,0.866568,-1.6880630258699714,-1.6862177962228997,-0.0018452296064908986,PreMarketWait,8
1718906139.5,0.867849,-1.686697703234161,-1.6860548192892155,-0.0006428839039255407,PreMarketWait,8
1718906139.75,0.869131,-1.6853313147727182,-1.6860857398490219,0.0007544251177538843,PreMarketWait,8
1718906140.0,0.866568,-1.6880630258699714,-1.6863184729228948,-0.001744552905213542,PreMarketWait,8
1718906140.25,0.864005,-1.6907947369672247,-1.6867597410157542,-0.004034995909219489,PreMarketWait,8
1718906140.5,0.860161,-1.6948917707002884,-1.6874149299967043,-0.0074768406609760155,PreMarketWait,8
1718906140.75,0.860161,-1.6948917707002884,-1.6882879138814588,-0.006603856775899585,PreMarketWait,8
1718906141.0,0.855035,-1.7003551928947953,-1.689380849708133,-0.010974343143448105,PreMarketWait,8
1718906141.25,0.852472,-1.7030869039920484,-1.6906939453509537,-0.012392958597635638,PreMarketWait,8
1718906141.5,0.853754,-1.7017205155306054,-1.69222520485411,-0.009495310632833532,PreMarketWait,8
1718906141.75,0.855035,-1.7003551928947953,-1.693970157632308,-0.006385035218666929,PreMarketWait,8
1718906142.0,0.852472,-1.7030869039920484,-1.6959215796019471,-0.0071653243461664625,PreMarketWait,8
1718906142.25,0.856317,-1.698988804433352,-1.6980692158919461,-0.0009195884974016813,PreMarketWait,8
1718906142.5,0.852472,-1.7030869039920484,-1.70039951614776,-0.0026873878002626342,PreMarketWait,8
1718906142.75,0.851191,-1.7044522266278588,-1.7028953945043583,-0.0015568320795048664,PreMarketWait,8
1718906143.0,0.852472,-1.7030869039920484,-1.705536026996369,0.0024491230482303573,PreMarketWait,8
1718906143.25,0.84991,-1.7058175492636691,-1.7082966994459017,0.0024791502259978483,PreMarketWait,8
1718906143.5,0.84991,-1.7058175492636691,-1.7111487186872476,0.005331169467140577,PreMarketWait,8
1718906143.75,0.846065,-1.7099156488223657,-1.714059399334585,0.004143750555520258,PreMarketWait,8
1718906144.0,0.846065,-1.7099156488223657,-1.7169921371706698,0.0070764883912890035,PreMarketWait,8
1718906144.25,0.844784,-1.7112809714581758,-1.7199065786429224,0.008625607227365826,MarketGridChoice,8
1718906144.5,0.839658,-1.7167443936526825,-1.7227588939241956,0.006014500313722746,MarketGridChoice,8
1718906144.75,0.837096,-1.7194750389243032,-1.7255021585674644,0.006027119684924562,MarketGridChoice,8
1718906145.0,0.839658,-1.7167443936526825,-1.7280868460060896,0.011342452394697661,MarketGridChoice,8
1718906145.25,0.838377,-1.7181097162884928,-1.7304614300821195,0.012351713834427477,MarketGridChoice,8
1718906145.5,0.834533,-1.7222067500215565,-1.7325730934886416,0.010366343507387653,MarketGridChoice,8
1718906145.75,0.835814,-1.7208414273857462,-1.7343685345588393,0.013527107212895552,MarketGridChoice,8
1718906146.0,0.833251,-1.7235731384829995,-1.7357948613030951,0.012221722859400997,MarketGridChoice,8
1718906146.25,0.833251,-1.7235731384829995,-1.7368005580763948,0.013227419632210604,MarketGridChoice,8
1718906146.5,0.834533,-1.7222067500215565,-1.7373365068524298,0.015129756869209277,MarketGridChoice,8
1718906146.75,0.833251,-1.7235731384829995,-1.7373570418973352,0.013783903452205279,MarketGridChoice,8
1718906147.0,0.834533,-1.7222067500215565,-1.7368210137901015,0.014614263805964322,MarketGridChoice,8
1718906147.25,0.83197,-1.7249384611188097,-1.7356928363488042,0.0107543752669814,MarketGridChoice,8
1718906147.5,0.83197,-1.7249384611188097,-1.7339434882170672,0.009005027134832566,MarketGridChoice,8
1718906147.75,0.825563,-1.7317672059491267,-1.7315514397712914,-0.00021576614164911696,MarketGridChoice,8
1718906148.0,0.821719,-1.7358642396821906,-1.7285034757509385,-0.007360763895430647,MarketGridChoice,8
1718906148.25,0.815312,-1.7426929845125074,-1.7247953847042503,-0.017897599772776267,MarketGridChoice,8
1718906148.5,0.823,-1.7344989170463803,-1.72043248806774,-0.014066428943474325,MarketGridChoice,8
1718906148.75,0.825563,-1.7317672059491267,-1.7154299845067835,-0.016337221407466188,MarketGridChoice,8
1718906149.0,0.826844,-1.7304018833133168,-1.7098130890314407,-0.02058879424726001,MarketGridChoice,8
1718906149.25,0.829407,-1.7276701722160632,-1.7036169513062052,-0.024053220875470606,MarketGridChoice,8
1718906149.5,0.828126,-1.7290354948518734,-1.696886343388342,-0.032149151429335394,MarketGridChoice,8
1718906149.75,0.830689,-1.72630378375462,-1.6896751137160648,-0.03662867000450765,MarketGridChoice,8
1718906150.0,0.833251,-1.7235731384829995,-1.682045411355414,-0.04152772709363555,MarketGridChoice,8
1718906150.25,0.833251,-1.7235731384829995,-1.6740666921008425,-0.04950644634824535,MarketGridChoice,8
1718906150.5,0.839658,-1.7167443936526825,-1.665814525765528,-0.05092986785321259,MarketGridChoice,8
1718906150.75,0.85888,-1.6962570933360985,-1.6573692316018838,-0.03888786170016757,MarketGridChoice,8
1718906151.0,0.875538,-1.6785025699424008,-1.648814375920151,-0.029688193988019154,MarketGridChoice,8
1718906151.25,0.898603,-1.6539193017183864,-1.6402351722414565,-0.013684129442438308,MarketGridChoice,8
1718906151.5,0.915262,-1.6361637124990558,-1.6317168293289122,-0.004446883135317865,MarketGridChoice,8
1718906151.75,0.935764,-1.6143121553722946,-1.6233428957979195,0.009030740460852546,MarketGridChoice,8
1718906152.0,1.006241,-1.5391959622388076,-1.6151936513810758,0.07599768917795904,MarketGridChoice,8
1718906152.25,1.030588,-1.5132463055533496,-1.6073445940715312,0.09409828855438984,MarketGridChoice,8
1718906152.5,1.017774,-1.526903795213984,-1.5998650691765288,0.07296127399931536,MarketGridChoice,8
1718906152.75,1.016493,-1.5282691178497938,-1.592817080836503,0.06454796302407537,MarketGridChoice,8
1718906153.0,1.01393,-1.5310008289470474,-1.5862543190703422,0.0552534901612764,MarketGridChoice,8
1718906153.25,1.007523,-1.5378295737773644,-1.5802214263644834,0.04239185262571902,MarketGridChoice,8
1718906153.5,1.007523,-1.5378295737773644,-1.574753517837772,0.03692394409961309,MarketGridChoice,8
1718906153.75,0.999834,-1.5460247070691246,-1.56987595872462,0.023851251695275612,MarketGridChoice,8
1718906154.0,0.994709,-1.5514870634379985,-1.5656043929183734,0.01411732952068355,MarketGridChoice,8
1718906154.25,0.98702,-1.5596821967297585,-1.5619450071136276,0.002262810424645746,MarketGridChoice,8
1718906154.5,0.975488,-1.5719732979289496,-1.5588950070961043,-0.013078290791672227,MarketGridChoice,8
1718906154.75,0.967799,-1.5801684312207098,-1.5564432762727265,-0.02372515490649394,MarketGridChoice,8
1718906155.0,0.969081,-1.5788020427592664,-1.5545711818355195,-0.02423086088202702,MarketGridChoice,8
1718906155.25,0.963955,-1.5842654649537733,-1.553253491130234,-0.031011973781678085,MarketGridChoice,8
1718906155.5,0.962674,-1.5856307875895834,-1.5524593598679095,-0.03317142767976097,MarketGridChoice,8
1718906155.75,0.956267,-1.5924595324199005,-1.552153354690194,-0.040306177687827,MarketGridChoice,8
1718906156.0,0.952422,-1.596557631978597,-1.552296475110332,-0.04426115682649558,MarketGridChoice,8
1718906156.25,0.952422,-1.596557631978597,-1.552847143771739,-0.04371048816526351,MarketGridChoice,8
1718906156.5,0.948578,-1.6006546657116607,-1.553762139016182,-0.046892526654111345,MarketGridChoice,8
1718906156.75,0.952422,-1.596557631978597,-1.5549974496126309,-0.04156018232486497,MarketGridChoice,8
1718906157.0,0.965236,-1.582900142317963,-1.5565090378077304,-0.026391104469423207,MarketGridChoice,8
1718906157.25,0.980613,-1.5665109415600755,-1.5582535032347722,-0.00825743828480132,MarketGridChoice,8
1718906157.5,0.990865,-1.5555840971710622,-1.5601886462673102,0.004604549136435945,MarketGridChoice,8
1718906157.75,1.003679,-1.541926607510428,-1.5622739347552808,0.02034732728472515,MarketGridChoice,8
1718906158.0,1.007523,-1.5378295737773644,-1.5644708824248394,0.026641308687034643,MarketGridChoice,8
1718906158.25,1.007523,-1.5378295737773644,-1.5667433503445773,0.028913776606463375,MarketGridChoice,8
1718906158.5,1.003679,-1.541926607510428,-1.5690577846666023,0.027131177195119805,MarketGridChoice,8
1718906158.75,1.002397,-1.543292995971871,-1.5713834043680444,0.028090408434819622,MarketGridChoice,8
1718906159.0,0.997272,-1.548755352340745,-1.5736923520749133,0.024936999772521458,MarketGridChoice,8
1718906159.25,0.990865,-1.5555840971710622,-1.5759598194439337,0.020375722310938784,MarketGridChoice,8
1718906159.5,0.985739,-1.5610475193655686,-1.5781641562445325,0.017116636916754087,MarketGridChoice,8
1718906159.75,0.980613,-1.5665109415600755,-1.5802869694691783,0.013776027946627304,MarketGridChoice,8
1718906160.0,0.971643,-1.576071397487646,-1.5823132157450823,0.006241818294707865,MarketGridChoice,8
1718906160.25,0.974206,-1.5733396863903923,-1.5842312872431494,0.010891600889788862,MarketGridChoice,8
1718906160.5,0.962674,-1.5856307875895834,-1.5860330883717086,0.000402300818932156,MarketGridChoice,8
1718906160.75,0.958829,-1.5897288871482798,-1.5877140979605269,-0.002014789151153596,MarketGridChoice,8
1718906161.0,0.956267,-1.5924595324199005,-1.5892734095084804,-0.003186122875007972,MarketGridChoice,8
1718906161.25,0.958829,-1.5897288871482798,-1.5907137404765344,0.0009848533645014325,MarketGridChoice,8
1718906161.5,0.951141,-1.5979229546144071,-1.59204140061482,-0.00588155396348157,MarketGridChoice,8
1718906161.75,0.948578,-1.6006546657116607,-1.5932662089470608,-0.007388456728611986,MarketGridChoice,8
1718906162.0,0.944734,-1.6047516994447242,-1.5944013493011873,-0.01035035010764379,MarketGridChoice,8
1718906162.25,0.943452,-1.6061180879061674,-1.5954631551575413,-0.010654932712807827,MarketGridChoice,8
1718906162.5,0.94089,-1.6088487331777879,-1.5964708160560568,-0.012377917085972356,MarketGridChoice,8
1718906162.75,0.94089,-1.6088487331777879,-1.5974459998143782,-0.011402733327698752,MarketGridChoice,8
1718906163.0,0.938327,-1.611580444275041,-1.59841238729367,-0.013168056945698847,MarketGridChoice,8
1718906163.25,0.939608,-1.6102151216392309,-1.5993951193236895,-0.010820002279899698,MarketGridChoice,8
1718906163.5,0.938327,-1.611580444275041,-1.6004201585661642,-0.011160285673257976,MarketGridChoice,8
1718906163.75,0.935764,-1.6143121553722946,-1.601513572450093,-0.012798582886595146,MarketGridChoice,8
1718906164.0,0.933201,-1.6170438664695481,-1.6027007467448495,-0.014343119689092588,MarketGridChoice,8
1718906164.25,0.935764,-1.6143121553722946,-1.6040055427362758,-0.010306612600400573,MarketGridChoice,8
1718906164.5,0.933201,-1.6170438664695481,-1.6054494142263966,-0.011594452207509032,MarketGridChoice,8
1718906164.75,0.933201,-1.6170438664695481,-1.60705050357666,-0.009993362857210097,MarketGridChoice,8
1718906165.0,0.93192,-1.6184091891053582,-1.6088227386441096,-0.009586450425524671,MarketGridChoice,8
1718906165.25,0.933201,-1.6170438664695481,-1.6107749546067311,-0.006268911827037902,ForecastPage,8
1718906165.5,0.937045,-1.6129468327364844,-1.6129100662299471,-3.676647069559072e-05,ForecastPage,8
1718906165.75,0.938327,-1.611580444275041,-1.6152243169902687,0.0036438727511374906,ForecastPage,8
1718906166.0,0.943452,-1.6061180879061674,-1.617706631556066,0.011588543685878718,ForecastPage,8
1718906166.25,0.943452,-1.6061180879061674,-1.6203380973604455,0.01422000949032388,ForecastPage,8
1718906166.5,0.942171,-1.6074834105419775,-1.6230915993479058,0.015608188842027287,ForecastPage,8
1718906166.75,0.942171,-1.6074834105419775,-1.6259316294340536,0.018448218928209012,ForecastPage,8
1718906167.0,0.94089,-1.6088487331777879,-1.628814288828692,0.019965555687046242,ForecastPage,8
1718906167.25,0.934483,-1.615677478008105,-1.6316874972208917,0.01601001924890756,ForecastPage,8
1718906167.5,0.930638,-1.6197755775668012,-1.634491418028255,0.014715840497517957,ForecastPage,8
1718906167.75,0.929357,-1.6211409002026116,-1.6371591036139002,0.016018203447255942,ForecastPage,8
1718906168.0,0.925513,-1.625237933935675,-1.6396173587299914,0.014379424830142689,ForecastPage,8
1718906168.25,0.925513,-1.625237933935675,-1.6417878146159002,0.016549880715864832,ForecastPage,8
1718906168.5,0.921669,-1.6293349676687388,-1.6435882003185343,0.014253232685205855,ForecastPage,8
1718906168.75,0.919106,-1.6320666787659923,-1.644933792062043,0.012867113331193357,ForecastPage,8
1718906169.0,0.917824,-1.6334330672274353,-1.6457390160192629,0.012305948826670729,ForecastPage,8
1718906169.25,0.916543,-1.6347983898632457,-1.645919174770064,0.011120784941337562,ForecastPage,8
1718906169.5,0.915262,-1.6361637124990558,-1.6453922632104507,0.009228550745575315,ForecastPage,8
1718906169.75,0.920387,-1.6307013561301822,-1.6440808358327024,0.013379479736358002,ForecastPage,8
1718906170.0,0.915262,-1.6361637124990558,-1.6419138842542518,0.005750171788697885,ForecastPage,8
1718906170.25,0.91398,-1.637530100960499,-1.6388286817455358,0.0012985808182205709,ForecastPage,8
1718906170.5,0.908854,-1.6429935231550057,-1.6347725504001214,-0.008220972721990887,ForecastPage,8
1718906170.75,0.910136,-1.6416271346935625,-1.6297045065982487,-0.011922628062675942,ForecastPage,8
1718906171.0,0.908854,-1.6429935231550057,-1.623596741612271,-0.019396781510313342,ForecastPage,8
1718906171.25,0.907573,-1.644358845790816,-1.6164358966306147,-0.027922949127956266,ForecastPage,8
1718906171.5,0.906292,-1.6457241684266262,-1.6082240951297433,-0.0375000732647766,ForecastPage,8
1718906171.75,0.875538,-1.6785025699424008,-1.5989797003378492,-0.07952286957255188,ForecastPage,8
1718906172.0,0.925513,-1.625237933935675,-1.588737771380941,-0.03650016252281649,ForecastPage,8
1718906172.25,0.985739,-1.5610475193655686,-1.5775501983761302,0.016502679042414217,ForecastPage,8
1718906172.5,1.002397,-1.543292995971871,-1.565485503948677,0.022192508008605942,ForecastPage,8
1718906172.75,1.011367,-1.533732540044301,-1.5526283060490345,0.01889576603648834,ForecastPage,8
1718906173.0,1.0229,-1.521440373019477,-1.5390784441987415,0.0176380712109774,ForecastPage,8
1718906173.25,1.020337,-1.5241720841167303,-1.5249497781743455,0.0007776940892855397,ForecastPage,8
1718906173.5,1.038277,-1.5050511722615896,-1.5103686745800076,0.005317502350041022,ForecastPage,8
1718906173.75,1.057498,-1.4845649377706385,-1.495472202824815,0.010907265085744137,ForecastPage,8
1718906174.0,1.069031,-1.4722727707458148,-1.4804060678293176,0.008133297115002536,ForecastPage,8
1718906174.25,1.030588,-1.5132463055533496,-1.465322312453216,-0.047923993068716975,ForecastPage,8
1718906174.5,1.042121,-1.5009541385285259,-1.450376828249603,-0.05057731024760712,ForecastPage,8
1718906174.75,1.054935,-1.487296648867892,-1.435726718758613,-0.051569930078084567,ForecastPage,8
1718906175.0,1.039558,-1.5036858496257794,-1.421527565137005,-0.08215828445772233,ForecastPage,8
1718906175.25,1.045965,-1.4968571047954624,-1.4079306493510182,-0.08892645541355625,ForecastPage,8
1718906175.5,1.071593,-1.4695421254741943,-1.3950801951618643,-0.07446193028162905,ForecastPage,8
1718906175.75,1.116443,-1.4217398458363424,-1.38311069128014,-0.03862915452571043,ForecastPage,8
1718906176.0,1.172825,-1.3616464649992996,-1.3721443638053532,0.010497898836316237,ForecastPage,8
1718906176.25,1.238176,-1.2919936940603194,-1.36228886577203,0.07029517174172795,ForecastPage,8
1718906176.5,1.298403,-1.2278022136645799,-1.353635249678523,0.12583303604370216,ForecastPage,8
1718906176.75,1.329156,-1.1950248779744381,-1.3462562838004437,0.15123140585549724,ForecastPage,8
1718906177.0,1.317624,-1.207315979173629,-1.3402051646838027,0.13288918553939336,ForecastPage,8
1718906177.25,1.302247,-1.2237051799315164,-1.3355146666450963,0.11180948674252743,ForecastPage,8
1718906177.5,1.275337,-1.2523865477142275,-1.3321967549484885,0.07981020726294043,ForecastPage,8
1718906177.75,1.239458,-1.2906273055988762,-1.3302426734840167,0.03961536791356257,ForecastPage,8
1718906178.0,1.215111,-1.316576962284334,-1.329623501314007,0.013046539057856896,ForecastPage,8
1718906178.25,1.20486,-1.3275027408477145,-1.3302911564683724,0.0027884156486293055,ForecastPage,8
1718906178.5,1.184357,-1.3493553638001086,-1.3321798107896665,-0.017175552982650222,ForecastPage,8
1718906178.75,1.167699,-1.3671098871938063,-1.3352076671620485,-0.03190222000410618,ForecastPage,8
1718906179.0,1.161292,-1.3739386320241234,-1.339279040558004,-0.03465959143856105,ForecastPage,8
1718906179.25,1.153603,-1.3821337653158836,-1.3442866772252227,-0.03784708806314082,ForecastPage,8
1718906179.5,1.151041,-1.3848644105875039,-1.3501142420465644,-0.0347501685133982,ForecastPage,8
1718906179.75,1.142071,-1.3944248665150742,-1.3566389025251893,-0.0377859639622594,ForecastPage,8
1718906180.0,1.135664,-1.4012536113453913,-1.363733938755493,-0.037519672562122554,ForecastPage,8
1718906180.25,1.130538,-1.4067170335398982,-1.3712713118519024,-0.03544572166000483,ForecastPage,8
1718906180.5,1.12285,-1.4149111010060254,-1.3791241283001738,-0.03578697267758298,ForecastPage,8
1718906180.75,1.120287,-1.4176428121032787,-1.3871689442332862,-0.030473867841388863,ForecastPage,8
1718906181.0,1.111317,-1.427203268030849,-1.3952878613759243,-0.03191540662593687,ForecastPage,8
1718906181.25,1.106191,-1.432666690225356,-1.403370375009699,-0.02929631518624748,ForecastPage,8
1718906181.5,1.106191,-1.432666690225356,-1.4113149434551866,-0.02135174674031378,ForecastPage,8
1718906181.75,1.101066,-1.4381290465942296,-1.4190302579290708,-0.019098788634846993,ForecastPage,8
1718906182.0,1.103629,-1.4353973354969765,-1.4264362009149274,-0.008961134551285263,ForecastPage,8
1718906182.25,1.103629,-1.4353973354969765,-1.4334644901072684,-0.0019328453585089958,ForecastPage,8
1718906182.5,1.098503,-1.4408607576914831,-1.4400590133047222,-0.0008017443551538474,ForecastPage,8
1718906182.75,1.093377,-1.4463241798859898,-1.4461758671362843,-0.0001483127177249648,ForecastPage,8
1718906183.0,1.093377,-1.4463241798859898,-1.4517831190518675,0.005458939198194072,ForecastPage,8
1718906183.25,1.090814,-1.4490558909832434,-1.4568603174951114,0.007804426544483968,ForecastPage,8
1718906183.5,1.08697,-1.4531529247163069,-1.4613977795497153,0.008244854866292693,ForecastPage,8
1718906183.75,1.08697,-1.4531529247163069,-1.465395688594766,0.012242763911585762,ForecastPage,8
1718906184.0,1.084407,-1.4558846358135604,-1.4688630366336677,0.012978400853454038,ForecastPage,8
1718906184.25,1.084407,-1.4558846358135604,-1.4718164470152513,0.015931811235237757,ForecastPage,8
1718906184.5,1.081845,-1.458615281085181,-1.4742789133081757,0.015663632256723167,ForecastPage,8
1718906184.75,1.081845,-1.458615281085181,-1.476278489206289,0.01766320815499904,ForecastPage,8
1718906185.0,1.080563,-1.459981669546624,-1.4778469626383517,0.017865293125761038,ForecastPage,8
1718906185.25,1.075438,-1.465444025915498,-1.4790185448530486,0.013574518971702143,ForecastPage,8
1718906185.5,1.072875,-1.468175737012751,-1.4798286022864884,0.011652865307978759,ForecastPage,8
1718906185.75,1.072875,-1.468175737012751,-1.480312455641071,0.01213671866262056,ForecastPage,8
1718906186.0,1.071593,-1.4695421254741943,-1.4805042669612192,0.010962141521354031,ForecastPage,8
1718906186.25,1.072875,-1.468175737012751,-1.4804360317276968,0.012260294749274672,ForecastPage,8
1718906186.5,1.065186,-1.4763708703045113,-1.4801366892420094,0.0037658189718034335,ForecastPage,8
1718906186.75,1.066468,-1.475004481843068,-1.4796313609574872,0.004626879148682383,ForecastPage,8
1718906187.0,1.065186,-1.4763708703045113,-1.4789407230445806,0.0025698527742760453,ForecastPage,8
1718906187.25,1.060061,-1.4818332266733854,-1.4780805164528914,-0.003752710186358024,ForecastPage,8
1718906187.5,1.057498,-1.4845649377706385,-1.4770611951330341,-0.007503742603554376,ForecastPage,8
1718906187.75,1.052372,-1.4900283599651452,-1.4758877109671904,-0.014140648964007844,ForecastPage,8
1718906188.0,1.053654,-1.4886619715037022,-1.4745594323614346,-0.014102539108443293,ForecastPage,8
1718906188.25,1.049809,-1.4927600710623987,-1.4730701923779697,-0.019689878650749667,ForecastPage,8
1718906188.5,1.051091,-1.4913936826009555,-1.4714084616978018,-0.019985220869644015,ForecastPage,8
1718906188.75,1.045965,-1.4968571047954624,-1.469557641532239,-0.02729946322990859,ForecastPage,8
1718906189.0,1.049809,-1.4927600710623987,-1.4674964717359689,-0.025263599293334122,ForecastPage,8
1718906189.25,1.010086,-1.5350978626801108,-1.4651995496727448,-0.0698983129745133,ForecastPage,8
1718906189.5,1.061342,-1.480467904037575,-1.462637955670721,-0.017829948334266404,ForecastPage,8
1718906189.75,1.112598,-1.425837945395039,-1.459779980962823,0.03394203560008695,ForecastPage,8
1718906190.0,1.127975,-1.4094487446371515,-1.4565919535798657,0.04714320897471655,ForecastPage,8
1718906190.25,1.153603,-1.3821337653158836,-1.4530391564743597,0.0709053911901655,ForecastPage,8
1718906190.5,1.153603,-1.3821337653158836,-1.4490868299815256,0.06695306469701151,ForecastPage,8
1718906190.75,1.101066,-1.4381290465942296,-1.4447012475071663,0.006572200943987104,ForecastPage,8
1718906191.0,1.111317,-1.427203268030849,-1.4398508492200586,0.01264758121995134,ForecastPage,8
1718906191.25,1.126694,-1.4108140672729617,-1.4345074138550573,0.023693346612550084,ForecastPage,8
1718906191.5,1.148478,-1.3875961216847572,-1.4286472439216167,0.04105112226705837,ForecastPage,8
1718906191.75,1.142071,-1.3944248665150742,-1.422252335053856,0.027827468568765015,ForecastPage,8
1718906192.0,1.161292,-1.3739386320241234,-1.4153114962456823,0.04137286425137165,ForecastPage,8
1718906192.25,1.154885,-1.3807673768544404,-1.4078213845420777,0.027054007717325232,ForecastPage,8
1718906192.5,1.143352,-1.3930595438792641,-1.399787415654238,0.006727871804579684,ForecastPage,8
1718906192.75,1.133101,-1.4039853224426448,-1.3912245112048822,-0.012760811208201106,ForecastPage,8
1718906193.0,1.10491,-1.434032012861166,-1.3821576441755248,-0.05187436865609162,ForecastPage,8
1718906193.25,1.119005,-1.419009200564722,-1.3726221468727486,-0.046387053662405975,ForecastPage,8
1718906193.5,1.115161,-1.4231062342977854,-1.3626637505193224,-0.060442483748848634,ForecastPage,8
1718906193.75,1.138227,-1.398521900248138,-1.3523383324301137,-0.046183567788330326,ForecastPage,8
1718906194.0,1.165136,-1.3698415982910597,-1.3417113555058824,-0.02813024275536606,ForecastPage,8
1718906194.25,1.156166,-1.37940205421863,-1.330856995172184,-0.04854505901647596,ForecastPage,8
1718906194.5,1.129257,-1.4080823561757083,-1.319856960508508,-0.08822539563702592,ForecastPage,8
1718906194.75,1.130538,-1.4067170335398982,-1.3087990287175886,-0.09791800479188378,ForecastPage,8
1718906195.0,1.107473,-1.4313003017639128,-1.2977753248282864,-0.1335249769049024,ForecastPage,8
1718906195.25,1.174106,-1.3602811423634893,-1.2868803911220321,-0.07340075121039033,MarketWaitPage,8
1718906195.5,1.176669,-1.357549431266236,-1.2762091026388855,-0.0813403285959013,MarketWaitPage,8
1718906195.75,1.224081,-1.3070165063567636,-1.2658544955320747,-0.04116201079282434,MarketWaitPage,8
1718906196.0,1.321468,-1.2032189454405653,-1.2559055831635626,0.05268663775530259,MarketWaitPage,8
1718906196.25,1.381694,-1.1390285308704589,-1.2464452398134818,0.10741670897578495,MarketWaitPage,8
1718906196.5,1.423981,-1.0939579623298603,-1.2375482329728598,0.14359027067622565,MarketWaitPage,8
1718906196.75,1.435513,-1.0816668611306695,-1.229279481917148,0.14761262082016544,MarketWaitPage,8
1718906197.0,1.429106,-1.0884956059609865,-1.2216926125144947,0.13319700658764208,MarketWaitPage,8
1718906197.25,1.413729,-1.104884806718874,-1.214828866354023,0.10994405966970301,MarketWaitPage,8
1718906197.5,1.394508,-1.1253710412098248,-1.2087164070487149,0.08334536587382342,MarketWaitPage,8
1718906197.75,1.393227,-1.1267363638456351,-1.2033700490248376,0.07663368521445997,MarketWaitPage,8
1718906198.0,1.389383,-1.1308333975786986,-1.1987914154209094,0.06795801787772435,MarketWaitPage,8
1718906198.25,1.372724,-1.1485889867980292,-1.194969513017944,0.04638052625560535,RoundResultsPage,8
1718906198.5,1.353503,-1.1690752212889803,-1.1918816944231068,0.022806473169906485,RoundResultsPage,8
1718906198.75,1.322749,-1.2018536228047552,-1.1894949618953559,-0.01235866087362146,RoundResultsPage,8
1718906199.0,1.322749,-1.2018536228047552,-1.1877675539483958,-0.014086068820677883,RoundResultsPage,8
1718906199.25,1.302247,-1.2237051799315164,-1.1866507457529922,-0.03705443414303396,RoundResultsPage,8
1718906199.5,1.240739,-1.2892619829630658,-1.1860907877733993,-0.10317119515446095,RoundResultsPage,8
1718906199.75,1.272774,-1.2551182588114809,-1.1860309042025774,-0.06908735457407235,RoundResultsPage,8
1718906200.0,1.275337,-1.2523865477142275,-1.18641327359294,-0.06597327408691689,RoundResultsPage,8
1718906200.25,1.253553,-1.275604493302432,-1.1871809183894455,-0.08842357487915617,RoundResultsPage,8
1718906200.5,1.203578,-1.3288691293091577,-1.1882794374390115,-0.14058969183692838,RoundResultsPage,8
1718906200.75,1.285589,-1.2414597033252137,-1.1896585253945104,-0.051801177898160314,RoundResultsPage,8
1718906201.0,1.339408,-1.1840980335854245,-1.191273234564142,0.007175201010535287,RoundResultsPage,8
1718906201.25,1.309935,-1.215511112465389,-1.1930849474205798,-0.02242616501375308,RoundResultsPage,8
1718906201.5,1.329156,-1.1950248779744381,-1.1950620409031374,3.7162958974087945e-05,RoundResultsPage,8
1718906201.75,1.326594,-1.1977555232460584,-1.197180236117229,-0.0005752870993359707,RoundResultsPage,8
1718906202.0,1.325312,-1.1991219117075016,-1.1994226385285547,0.0003007268497863258,RoundResultsPage,8
1718906202.25,1.327875,-1.1963902006102485,-1.2017794839422615,0.005389283360029175,RoundResultsPage,8
1718906202.5,1.320186,-1.2045853339020083,-1.2042476142890666,-0.0003377195855775525,RoundResultsPage,8
1718906202.75,1.322749,-1.2018536228047552,-1.2068297144425588,0.004976091664601152,RoundResultsPage,8
1718906203.0,1.335563,-1.188196133144121,-1.2095333469427552,0.021337213824966436,RoundResultsPage,8
1718906203.25,1.333001,-1.1909267784157413,-1.2123698256052182,0.021443047215459244,RoundResultsPage,8
1718906203.5,1.335563,-1.188196133144121,-1.215352971578767,0.027156838460402677,RoundResultsPage,8
1718906203.75,1.329156,-1.1950248779744381,-1.2184977965318124,0.023472918583037683,RoundResultsPage,8
1718906204.0,1.324031,-1.200487234343312,-1.221819157392173,0.021331923074566328,RoundResultsPage,8
1718906204.25,1.318905,-1.2059506565378186,-1.2253304255807866,0.01937976906884927,RoundResultsPage,8
1718906204.5,1.309935,-1.215511112465389,-1.2290422111502761,0.013531098711070132,RoundResultsPage,8
1718906204.75,1.299684,-1.2264368910287697,-1.2329611788712007,0.006524287869028984,RoundResultsPage,8
1718906205.0,1.297121,-1.229168602126023,-1.2370889893088888,0.00792038720997646,RoundResultsPage,8
1718906205.25,1.290714,-1.2359973469563401,-1.2414213934917946,0.005424046563159306,RoundResultsPage,8
1718906205.5,1.285589,-1.2414597033252137,-1.2459475050495132,0.004487801752661221,RoundResultsPage,8
1718906205.75,1.279181,-1.248289513981164,-1.250649268822559,0.002359754870455956,RoundResultsPage,8
1718906206.0,1.275337,-1.2523865477142275,-1.255501140013198,0.0031145923287524673,RoundResultsPage,8
1718906206.25,1.26893,-1.2592152925445446,-1.2604699830291703,0.0012546905151300507,RoundResultsPage,8
1718906206.5,1.262523,-1.2660440373748614,-1.2655151943248815,-0.0005288430187729226,RoundResultsPage,8
1718906206.75,1.256116,-1.2728727822051784,-1.2705890488093914,-0.002283733363913862,RoundResultsPage,8
1718906207.0,1.256116,-1.2728727822051784,-1.2756372647981702,0.00276448262547854,RoundResultsPage,8
1718906207.25,1.252272,-1.276969815938242,-1.280599778056826,0.0036299621516194813,RoundResultsPage,8
1718906207.5,1.248428,-1.2810668496713056,-1.285411711231733,0.004344861593937779,RoundResultsPage,8
1718906207.75,1.247146,-1.2824332381327488,-1.2900045208912758,0.0075712827924319,RoundResultsPage,8
1718906208.0,1.248428,-1.2810668496713056,-1.2943073005208134,0.013240450883723269,RoundResultsPage,8
1718906208.25,1.242021,-1.2878955945016226,-1.298248214142766,0.010352619675583093,RoundResultsPage,8
1718906208.5,1.238176,-1.2919936940603194,-1.3017560318045847,0.009762337778843366,RoundResultsPage,8
1718906208.75,1.234332,-1.2960907277933829,-1.3047617350449379,0.008671007286186227,RoundResultsPage,8
1718906209.0,1.236895,-1.2933590166961295,-1.3072001576844552,0.013841141022925338,RoundResultsPage,8
1718906209.25,1.233051,-1.2974560504291932,-1.3090116249786101,0.011555574583901395,RoundResultsPage,8
1718906209.5,1.233051,-1.2974560504291932,-1.3101435524113905,0.012687502016486494,RoundResultsPage,8
1718906209.75,1.233051,-1.2974560504291932,-1.3105519642973267,0.013095913902154269,RoundResultsPage,8
1718906210.0,1.226644,-1.30428479525951,-1.3102028919979005,0.0059180967720772765,RoundResultsPage,8
1718906210.25,1.224081,-1.3070165063567636,-1.309073612052888,0.0020571057294217587,RiskPage1,8
1718906210.5,1.2228,-1.3083818289925737,-1.3071536859866484,-0.001228142973062988,RiskPage1,8
1718906210.75,1.221518,-1.3097482174540167,-1.3044457660768942,-0.005302451344731582,RiskPage1,8
1718906211.0,1.215111,-1.316576962284334,-1.3009661350551398,-0.015610827197303409,RiskPage1,8
1718906211.25,1.207423,-1.3247710297504611,-1.296744952601175,-0.028026077117916368,RiskPage1,8
1718906211.5,1.201016,-1.3315997745807782,-1.291826187617846,-0.039773586932093076,RiskPage1,8
1718906211.75,1.194608,-1.3384295852367283,-1.2862672225985494,-0.052162362607869384,RiskPage1,8
1718906212.0,1.207423,-1.3247710297504611,-1.2801381248375634,-0.04463290488310713,RiskPage1,8
1718906212.25,1.217674,-1.3138452511870806,-1.2735205886138177,-0.040324662543972184,RiskPage1,8
1718906212.5,1.212548,-1.3193086733815873,-1.2665065625459053,-0.05280211080686368,RiskPage1,8
1718906212.75,1.211267,-1.3206739960173974,-1.2591965867350727,-0.06147740925394319,RiskPage1,8
1718906213.0,1.212548,-1.3193086733815873,-1.2516978746925858,-0.06761079866101388,RiskPage1,8
1718906213.25,1.224081,-1.3070165063567636,-1.2441221849624582,-0.06289432136666259,RiskPage1,8
1718906213.5,1.250991,-1.2783351385740525,-1.2365835363436573,-0.04175160220304264,RiskPage1,8
1718906213.75,1.288151,-1.2387290580535935,-1.2291958281935853,-0.00953322983288495,RiskPage1,8
1718906214.0,1.338126,-1.1854644220468677,-1.2220704329310945,0.0366060109111873,RiskPage1,8
1718906214.25,1.379131,-1.1417602419677122,-1.2153138310346359,0.07355358909379163,RiskPage1,8
1718906214.5,1.403478,-1.1158105852822544,-1.2090253591146431,0.09321477385923677,RiskPage1,8
1718906214.75,1.415011,-1.1035184182574307,-1.2032951387696038,0.09977672053907477,RiskPage1,8
1718906215.0,1.415011,-1.1035184182574307,-1.1982022479067207,0.0946838296763177,RiskPage1,8
1718906215.25,1.407322,-1.111713551549191,-1.1938131873014075,0.08209963577944117,RiskPage2,8
1718906215.5,1.39579,-1.1240046527483816,-1.1901806839247937,0.06617603120390068,RiskPage2,8
1718906215.75,1.380413,-1.1403938535062692,-1.1873428597064035,0.04694900622795091,RiskPage2,8
1718906216.0,1.362473,-1.1595147653614097,-1.1853227807249382,0.025808015391733358,RiskPage2,8
1718906216.25,1.349659,-1.173172255022044,-1.1841283881288558,0.010956133135460837,RiskPage2,8
1718906216.5,1.338126,-1.1854644220468677,-1.1837527990941756,-0.001711622923546402,RiskPage2,8
1718906216.75,1.325312,-1.1991219117075016,-1.18417495441487,-0.01494695726293973,RiskPage2,8
1718906217.0,1.318905,-1.2059506565378186,-1.1853605793236475,-0.020590077183886002,RiskPage2,8
1718906217.25,1.312498,-1.2127794013681357,-1.1872634161335323,-0.02551598520368094,RiskPage2,8
1718906217.5,1.307372,-1.2182428235626426,-1.1898266814042027,-0.02841614212684147,RiskPage2,8
1718906217.75,1.303528,-1.222339857295706,-1.192984696578389,-0.02935516068501235,RiskPage2,8
1718906218.0,1.300965,-1.2250715683929596,-1.1966646393107014,-0.028406929049228938,RiskPage2,8
1718906218.25,1.299684,-1.2264368910287697,-1.2007883628586944,-0.025648528136316323,RiskPage2,8
1718906218.5,1.294558,-1.2319003132232764,-1.205274232709204,-0.026626080479594534,RiskPage2,8
1718906218.75,1.290714,-1.2359973469563401,-1.2100389328286638,-0.025958414092510346,RiskPage2,8
1718906219.0,1.289433,-1.2373626695921502,-1.214999198298717,-0.02236347125763092,RiskPage2,8
1718906219.25,1.285589,-1.2414597033252137,-1.2200734363718408,-0.02138626691700809,RiskPage2,8
1718906219.5,1.283026,-1.2441914144224673,-1.2251832039055963,-0.019008210480037285,RiskPage2,8
1718906219.75,1.281744,-1.2455578028839105,-1.2302545154675153,-0.015303287379201495,RiskPage2,8
1718906220.0,1.283026,-1.2441914144224673,-1.2352189629167452,-0.008972451468286402,RiskPage2,8
1718906220.25,1.279181,-1.248289513981164,-1.2400146337509292,-0.008274880192681185,RiskPage2,8
1718906220.5,1.279181,-1.248289513981164,-1.2445868217659102,-0.0037026921777077136,RiskPage2,8
1718906220.75,1.274056,-1.2537518703500377,-1.248888529446444,-0.004863340866177821,RiskPage2,8
1718906221.0,1.279181,-1.248289513981164,-1.2528807668532986,0.004591252909304107,RiskPage2,8
1718906221.25,1.281744,-1.2455578028839105,-1.2565326564927806,0.01097485364568868,RiskPage3,8
1718906221.5,1.274056,-1.2537518703500377,-1.259821357676514,0.006069487362855,RiskPage3,8
1718906221.75,1.270212,-1.2578489040831013,-1.2627318271606391,0.004882923113404776,RiskPage3,8
1718906222.0,1.271493,-1.2564835814472912,-1.2652564353857398,0.008772853973751146,RiskPage3,8
1718906222.25,1.26893,-1.2592152925445446,-1.2673944594451403,0.0081791669353001,RiskPage3,8
1718906222.5,1.26893,-1.2592152925445446,-1.2691514750374187,0.009936182526963887,RiskPage3,8
1718906222.75,1.265086,-1.2633123262776083,-1.270538670169943,0.00722634392580904,RiskPage3,8
1718906223.0,1.263805,-1.2646776489134182,-1.2715721033407281,0.006894454460181231,RiskPage3,8
1718906223.25,1.261242,-1.2674093600106717,-1.2722719284071173,0.004862568428735923,RiskPage3,8
1718906223.5,1.256116,-1.2728727822051784,-1.2726616074263866,-0.0002111747470515818,RiskPage3,8
1718906223.75,1.252272,-1.276969815938242,-1.272767131499398,-0.004202684407617053,RiskPage3,8
1718906224.0,1.253553,-1.275604493302432,-1.2726162681305877,-0.002988225141089148,RiskPage3,8
1718906224.25,1.254835,-1.2742381048409888,-1.2722378518876731,-0.0020002529229879145,RiskPage3,8
1718906224.5,1.254835,-1.2742381048409888,-1.2716611332332546,-0.0025769715777878063,RiskPage3,8
1718906224.75,1.256116,-1.2728727822051784,-1.270915198315873,-0.0019575838596922173,RiskPage3,8
1718906225.0,1.26893,-1.2592152925445446,-1.2700284702398899,0.010813177724674983,RiskPage3,8
1718906225.25,1.267649,-1.2605806151803547,-1.2690282998628988,0.008447684711642632,RiskPage3,8
1718906225.5,1.274056,-1.2537518703500377,-1.267940651480061,0.01418878115894592,RiskPage3,8
1718906225.75,1.275337,-1.2523865477142275,-1.266789885845006,0.014403338159582254,RiskPage3,8
1718906226.0,1.276619,-1.2510201592527843,-1.2655986398707524,0.01457848064671147,RiskPage3,8
1718906226.25,1.280463,-1.2469231255197208,-1.2643877991077193,0.017464673616737057,RiskPage4,8
1718906226.5,1.281744,-1.2455578028839105,-1.2631765557966452,0.0176187529415182,RiskPage4,8
1718906226.75,1.280463,-1.2469231255197208,-1.2619825420541406,0.015059416563289567,RiskPage4,8
1718906227.0,1.279181,-1.248289513981164,-1.2608220246970818,0.012532510744905202,RiskPage4,8
1718906227.25,1.276619,-1.2510201592527843,-1.2597101454902726,0.00868998626661394,RiskPage4,8
1718906227.5,1.270212,-1.2578489040831013,-1.2586611883563894,0.0008122843025624117,RiskPage4,8
1718906227.75,1.267649,-1.2605806151803547,-1.2576888534614625,-0.0028917616894682226,RiskPage4,8
1718906228.0,1.262523,-1.2660440373748614,-1.2568065172113956,-0.009237520133900536,RiskPage4,8
1718906228.25,1.262523,-1.2660440373748614,-1.2560274571662122,-0.01001658017895967,RiskPage4,8
1718906228.5,1.257398,-1.2715063937437354,-1.2553650217617656,-0.016141371952182817,RiskPage4,8
1718906228.75,1.254835,-1.2742381048409888,-1.2548327265423185,-0.019405378268820897,RiskPage4,8
1718906229.0,1.250991,-1.2783351385740525,-1.2544442613255393,-0.023890877218642255,RiskPage4,8
1718906229.25,1.250991,-1.2783351385740525,-1.2542133962758362,-0.024121742268368628,RiskPage4,8
1718906229.5,1.248428,-1.2810668496713056,-1.254153779145568,-0.02691307049595961,RiskPage4,8
1718906229.75,1.249709,-1.2797015270354954,-1.2542786208132677,-0.025422906192566264,RiskPage4,8
1718906230.0,1.245865,-1.2837985607685591,-1.254600271527331,-0.029198289211728637,RiskPage4,8
1718906230.25,1.243302,-1.2865302718658127,-1.2551296957489961,-0.03140057608752104,RiskPage4,8
1718906230.5,1.252272,-1.276969815938242,-1.2558758589554797,-0.021093956953709973,RiskPage4,8
1718906230.75,1.256116,-1.2728727822051784,-1.2568450449735966,-0.016027737202808954,RiskPage4,8
1718906231.0,1.263805,-1.2646776489134182,-1.2580401271176236,-0.006637521767335102,RiskPage4,8
1718906231.25,1.2779,-1.249654836616974,-1.2594598203548126,0.009804983765952766,PreMarketWait,9
1718906231.5,1.284307,-1.242826091786657,-1.261097944688949,0.01827185293003042,PreMarketWait,9
1718906231.75,1.288151,-1.2387290580535935,-1.2629427317509945,0.024213673724733528,PreMarketWait,9
1718906232.0,1.28687,-1.2400943806894038,-1.264976207098024,0.024881826435518478,PreMarketWait,9
1718906232.25,1.283026,-1.2441914144224673,-1.2671736799137276,0.022982265517699788,PreMarketWait,9
1718906232.5,1.279181,-1.248289513981164,-1.2695033697301863,0.021213855774984722,PreMarketWait,9
1718906232.75,1.274056,-1.2537518703500377,-1.2719261965812458,0.018174326256685906,PreMarketWait,9
1718906233.0,1.270212,-1.2578489040831013,-1.2743957568328625,0.016546852774756877,PreMarketWait,9
1718906233.25,1.266367,-1.261947003641798,-1.2768585020183618,0.014911498401092283,PreMarketWait,9
1718906233.5,1.25996,-1.268775748472115,-1.2792541325406548,0.010478384092629772,PreMarketWait,9
1718906233.75,1.252272,-1.276969815938242,-1.2815162122807309,0.004546396366183179,PreMarketWait,9
1718906234.0,1.249709,-1.2797015270354954,-1.283573004145038,0.003871477132896057,PreMarketWait,9
1718906234.25,1.243302,-1.2865302718658127,-1.2853485205438182,-0.0011817512989172347,PreMarketWait,9
1718906234.5,1.245865,-1.2837985607685591,-1.286763776841505,0.0029652160958197338,PreMarketWait,9
1718906234.75,1.245865,-1.2837985607685591,-1.2877382300519464,0.003939669306136642,PreMarketWait,9
1718906235.0,1.249709,-1.2797015270354954,-1.2881913795287712,0.008489852515983031,PreMarketWait,9
1718906235.25,1.257398,-1.2715063937437354,-1.2880445011650052,0.016538107444018502,PreMarketWait,9
1718906235.5,1.267649,-1.2605806151803547,-1.2872224816967999,0.02664186653931758,PreMarketWait,9
1718906235.75,1.276619,-1.2510201592527843,-1.2856557151419294,0.0346355559122204,PreMarketWait,9
1718906236.0,1.276619,-1.2510201592527843,-1.2832820192588452,0.03226186002941683,PreMarketWait,9
1718906236.25,1.279181,-1.248289513981164,-1.2800485262949575,0.03175901233750645,MarketGridChoice,9
1718906236.5,1.272774,-1.2551182588114809,-1.2759134993683874,0.020795240581051228,MarketGridChoice,9
1718906236.75,1.267649,-1.2605806151803547,-1.27084802381636,0.01026740866065064,MarketGridChoice,9
1718906237.0,1.25996,-1.268775748472115,-1.2648375220041574,-0.0039382264427506985,MarketGridChoice,9
1718906237.25,1.25996,-1.268775748472115,-1.2578830406856263,-0.010892707760671916,MarketGridChoice,9
1718906237.5,1.252272,-1.276969815938242,-1.2500022622729252,-0.02696755363885664,MarketGridChoice,9
1718906237.75,1.250991,-1.2783351385740525,-1.2412301954782954,-0.037104943068636695,MarketGridChoice,9
1718906238.0,1.245865,-1.2837985607685591,-1.2316195068145073,-0.05217905392627219,MarketGridChoice,9
1718906238.25,1.250991,-1.2783351385740525,-1.221240462362094,-0.05709467618353851,MarketGridChoice,9
1718906238.5,1.235614,-1.2947243393319396,-1.2101804589012841,-0.08454388040163222,MarketGridChoice,9
1718906238.75,1.235614,-1.2947243393319396,-1.198543134723877,-0.09618120457848757,MarketGridChoice,9
1718906239.0,1.294558,-1.2319003132232764,-1.186447062829614,-0.04545325036359866,MarketGridChoice,9
1718906239.25,1.299684,-1.2264368910287697,-1.174024042301872,-0.05241284869641391,MarketGridChoice,9
1718906239.5,1.313779,-1.2114140787323255,-1.161417016874035,-0.04999706182745763,MarketGridChoice,9
1718906239.75,1.315061,-1.2100476902708823,-1.1487776624017505,-0.061270027838021934,MarketGridChoice,9
1718906240.0,1.361192,-1.16088008799722,-1.136263696506479,-0.0246163914594252,MarketGridChoice,9
1718906240.25,1.45089,-1.065277660372782,-1.1240359734608139,0.05875831311948225,MarketGridChoice,9
1718906240.5,1.48677,-1.0270358366625005,-1.1122554349262317,0.08521959829524414,MarketGridChoice,9
1718906240.75,1.474055,-1.0405878095854724,-1.1010799920048293,0.06049218245086027,MarketGridChoice,9
1718906241.0,1.474055,-1.0405878095854724,-1.0906614159642611,0.050073606410208485,MarketGridChoice,9
1718906241.25,1.489432,-1.0241986088275847,-1.0811423139200667,0.0569437051237416,MarketGridChoice,9
1718906241.5,1.490713,-1.0228332861917748,-1.0726532619625326,0.04981997580178055,MarketGridChoice,9
1718906241.75,1.483024,-1.031028419483535,-1.0653101621461545,0.03428174269332954,MarketGridChoice,9
1718906242.0,1.474055,-1.0405878095854724,-1.0592118819508032,0.018624072395655306,MarketGridChoice,9
1718906242.25,1.47021,-1.044685909144169,-1.0544382257996465,0.009752316685345472,MarketGridChoice,9
1718906242.5,1.474055,-1.0405878095854724,-1.0510482784541906,0.01046046889806157,MarketGridChoice,9
1718906242.75,1.475336,-1.0392224869496622,-1.0490791500039334,0.009856663083027475,MarketGridChoice,9
1718906243.0,1.489432,-1.0241986088275847,-1.0485451420420653,0.024346533242594587,MarketGridChoice,9
1718906243.25,1.504808,-1.0078104738953306,-1.0494373446975602,0.04162687082965447,MarketGridChoice,9
1718906243.5,1.436894,-1.0801949559315642,-1.0517236646438914,-0.02847129126097578,MarketGridChoice,9
1718906243.75,1.439457,-1.0774632448343107,-1.0553492751674383,-0.022113969640933977,MarketGridChoice,9
1718906244.0,1.483024,-1.031028419483535,-1.0602374709977296,0.02920905153935286,MarketGridChoice,9
1718906244.25,1.47021,-1.044685909144169,-1.0662909030115792,0.021604993891775233,MarketGridChoice,9
1718906244.5,1.483024,-1.031028419483535,-1.0733931612179284,0.04236474175795788,MarketGridChoice,9
1718906244.75,1.439457,-1.0774632448343107,-1.0814106686582088,0.00394742384665913,MarketGridChoice,9
1718906245.0,1.411266,-1.1075099352528321,-1.0901948440666231,-0.01731509116425249,MarketGridChoice,9
1718906245.25,1.409984,-1.1088763237142754,-1.099584487426586,-0.009291836266538095,MarketGridChoice,9
1718906245.5,1.376668,-1.1443853705016707,-1.109408340084525,-0.03497703039680132,MarketGridChoice,9
1718906245.75,1.356165,-1.1662379934540648,-1.1194877699808767,-0.04675022345365215,MarketGridChoice,9
1718906246.0,1.335662,-1.188090616406459,-1.1296395328914581,-0.05845108349627465,MarketGridChoice,9
1718906246.25,1.32413,-1.2003817176056497,-1.1396785622848085,-0.060703155302921336,MarketGridChoice,9
1718906246.5,1.347195,-1.1757984493816351,-1.1494207433141477,-0.026377706050365372,MarketGridChoice,9
1718906246.75,1.363853,-1.1580439259879376,-1.1586856302840989,0.0006417043125026833,MarketGridChoice,9
1718906247.0,1.363853,-1.1580439259879376,-1.167299071282424,0.00925514531007409,MarketGridChoice,9
1718906247.25,1.353602,-1.168969704551318,-1.1750957081343683,0.006126003597922869,MarketGridChoice,9
1718906247.5,1.352321,-1.1703350271871282,-1.181921324058613,0.011586296885695416,MarketGridChoice,9
1718906247.75,1.347195,-1.1757984493816351,-1.1876350151311046,0.011836565763086386,MarketGridChoice,9
1718906248.0,1.345914,-1.1771637720174453,-1.1921111647825502,0.014947392778215392,MarketGridChoice,9
1718906248.25,1.351039,-1.1717014156485714,-1.1952412030609745,0.023539787425113413,MarketGridChoice,9
1718906248.5,1.352321,-1.1703350271871282,-1.1969351343416457,0.026600107166952977,MarketGridChoice,9
1718906248.75,1.348477,-1.1744320609201921,-1.1971228186600236,0.022690757752132498,MarketGridChoice,9
1718906249.0,1.345914,-1.1771637720174453,-1.1957549930063374,0.01859122100121138,MarketGridChoice,9
1718906249.25,1.34207,-1.181260805750509,-1.1928040199113041,0.011543214173292668,MarketGridChoice,9
1718906249.5,1.338225,-1.1853589053092055,-1.188264351656847,0.002905446360478632,MarketGridChoice,9
1718906249.75,1.339507,-1.1839925168477623,-1.1821526996607141,-0.0018398171737157645,MarketGridChoice,9
1718906250.0,1.344632,-1.1785301604788885,-1.1745079001949994,-0.004022260269917172,MarketGridChoice,9
1718906250.25,1.360009,-1.162140959721001,-1.165390469756269,0.0032495100500066487,MarketGridChoice,9
1718906250.5,1.366416,-1.155312214890684,-1.1548818462116455,-0.00043036866342819127,MarketGridChoice,9
1718906250.75,1.376668,-1.1443853705016707,-1.1430833153551956,-0.0013020551299130212,MarketGridChoice,9
1718906251.0,1.392044,-1.1279972355694161,-1.1301146267418152,0.0021173911899663826,MarketGridChoice,9
1718906251.25,1.392044,-1.1279972355694161,-1.116112307623836,-0.011884927926980163,MarketGridChoice,9
1718906251.5,1.3882,-1.1320942693024796,-1.1012276894962303,-0.03086657978661437,MarketGridChoice,9
1718906251.75,1.380512,-1.140288336768607,-1.0856246681516275,-0.05466366859633,MarketGridChoice,9
1718906252.0,1.372823,-1.1484834700603672,-1.0694772252270357,-0.07900624481170876,MarketGridChoice,9
1718906252.25,1.367698,-1.1539458264292408,-1.0529667469059472,-0.10097907950075793,MarketGridChoice,9
1718906252.5,1.366416,-1.155312214890684,-1.0362791835361966,-0.11903303133111569,MarketGridChoice,9
1718906252.75,1.37923,-1.1416547252300502,-1.0196021020991841,-0.12205262310674714,MarketGridChoice,9
1718906253.0,1.426643,-1.0911207344949447,-1.0031216912004166,-0.08799904326975906,MarketGridChoice,9
1718906253.25,1.509934,-1.0023470517008235,-0.9870197848383567,-0.015327266837149758,MarketGridChoice,9
1718906253.5,1.61501,-0.8903543574928653,-0.9714709757933273,0.08111661832622279,MarketGridChoice,9
1718906253.75,1.716241,-0.7824597628436035,-0.9566398911548933,0.1741801283373904,MarketGridChoice,9
1718906254.0,1.755964,-0.7401219712258912,-0.9426787004840214,0.2025567292844687,MarketGridChoice,9
1718906254.25,1.766216,-0.7291951268368776,-0.9297249209213656,0.20052979411096505,MarketGridChoice,9
1718906254.5,1.711115,-0.7879231850381103,-0.9178995732576912,0.1299763882461007,MarketGridChoice,9
1718906254.75,1.693175,-0.807044096893251,-0.9073057292257236,0.10026163235894392,MarketGridChoice,9
1718906255.0,1.66114,-0.841187821044836,-0.8980274742151549,0.0568396531966574,MarketGridChoice,9
1718906255.25,1.631668,-0.8725998340991677,-0.8901292926988783,0.017529458625840905,MarketGridChoice,9
1718906255.5,1.593226,-0.9135723030810696,-0.8836558673420831,-0.029916435713130143,MarketGridChoice,9
1718906255.75,1.563753,-0.9449853819610343,-0.8786322682874523,-0.06635311364805643,MarketGridChoice,9
1718906256.0,1.548376,-0.9613745827189217,-0.8750644973765496,-0.08631008531722625,MarketGridChoice,9
1718906256.25,1.539406,-0.970935038646492,-0.8729403436114678,-0.09799469501029695,MarketGridChoice,9
1718906256.5,1.536844,-0.9736656839181124,-0.8722305011390322,-0.10143518275479786,MarketGridChoice,9
1718906256.75,1.550939,-0.9586428716216682,-0.8728898992624325,-0.08575297233541176,MarketGridChoice,9
1718906257.0,1.585537,-0.9217674363728299,-0.8748591949729057,-0.046908241376558926,MarketGridChoice,9
1718906257.25,1.613728,-0.8917207459543084,-0.878066381564071,-0.013654364367316818,ForecastPage,9
1718906257.5,1.644482,-0.8589423444385337,-0.8824284712623096,0.02348612684627875,ForecastPage,9
1718906257.75,1.654733,-0.8480165658751531,-0.8878532147147165,0.03983664886168657,ForecastPage,9
1718906258.0,1.650889,-0.8521135996082166,-0.8942408249904102,0.04212722540398485,ForecastPage,9
1718906258.25,1.632949,-0.8712345114633575,-0.9014856780597628,0.03025116661792021,ForecastPage,9
1718906258.5,1.612447,-0.8930860685901187,-0.90947796536183,0.0163918967930119,ForecastPage,9
1718906258.75,1.589381,-0.9176704026397663,-0.9181052771203634,0.0004348745017502759,ForecastPage,9
1718906259.0,1.57016,-0.9381566371307173,-0.9272540977372378,-0.010902539372402622,ForecastPage,9
1718906259.25,1.553502,-0.9559111605244149,-0.9368111971418864,-0.019099963361454444,ForecastPage,9
1718906259.5,1.543251,-0.9668369390877956,-0.9466649046335492,-0.020172034433101275,ForecastPage,9
1718906259.75,1.534281,-0.9763973950153659,-0.9567062546588944,-0.01969114033518391,ForecastPage,9
1718906260.0,1.526592,-0.9845925283071262,-0.9668299971554591,-0.017762531130169307,ForecastPage,9
1718906260.25,1.517622,-0.9941529842346964,-0.9769354685032304,-0.017217515709696627,ForecastPage,9
1718906260.5,1.513778,-0.99825001796776,-0.9869273226390008,-0.011322695306663041,ForecastPage,9
1718906260.75,1.508653,-1.0037123743366339,-0.9967161253427197,-0.006996248971442723,ForecastPage,9
1718906261.0,1.504808,-1.0078104738953306,-1.0062188179347267,-0.0015916559377146923,ForecastPage,9
1718906261.25,1.498401,-1.0146392187256474,-1.0153590594697526,0.0007198407674493413,ForecastPage,9
1718906261.5,1.493276,-1.0201015750945213,-1.0240674588427872,0.0039658837720947405,ForecastPage,9
1718906261.75,1.489432,-1.0241986088275847,-1.0322817099304462,0.008083101127195255,ForecastPage,9
1718906262.0,1.481743,-1.032393742119345,-1.0399466439136376,0.007552901819140308,ForecastPage,9
1718906262.25,1.481743,-1.032393742119345,-1.0470142132346845,0.014620471140697203,ForecastPage,9
1718906262.5,1.47918,-1.0351254532165985,-1.0534434212402222,0.018317968049475424,ForecastPage,9
1718906262.75,1.474055,-1.0405878095854724,-1.0592002104864053,0.018612400927251575,ForecastPage,9
1718906263.0,1.468929,-1.0460512317799793,-1.0642573210006363,0.018206089247405324,ForecastPage,9
1718906263.25,1.465085,-1.0501482655130427,-1.0685941275989075,0.01844586211299702,ForecastPage,9
1718906263.5,1.458678,-1.0569770103433598,-1.0721964627732137,0.015219452457317276,ForecastPage,9
1718906263.75,1.458678,-1.0569770103433598,-1.075056428836062,0.018079418520437818,ForecastPage,9
1718906264.0,1.453552,-1.0624404325378665,-1.0771722000996073,0.014731767589685852,ForecastPage,9
1718906264.25,1.449708,-1.0665374662709302,-1.078547813040502,0.012010346797661407,ForecastPage,9
1718906264.5,1.445864,-1.0706345000039936,-1.0791929398207964,0.008558439844970171,ForecastPage,9
1718906264.75,1.443301,-1.0733662111012472,-1.079122638356291,0.005756427283221049,ForecastPage,9
1718906265.0,1.440738,-1.0760979221985005,-1.0783570704922192,0.00225914832183712,ForecastPage,9
1718906265.25,1.436894,-1.0801949559315642,-1.076921178891424,-0.0032737770121498144,ForecastPage,9
1718906265.5,1.435612,-1.0815613443930072,-1.074844313069203,-0.006717031296009591,ForecastPage,9
1718906265.75,1.43305,-1.084291989664628,-1.072159795700909,-0.012132193936183434,ForecastPage,9
1718906266.0,1.427924,-1.0897554118591346,-1.0689044219304737,-0.02085098990144268,ForecastPage,9
1718906266.25,1.427924,-1.0897554118591346,-1.06511788693156,-0.024637524900725356,ForecastPage,9
1718906266.5,1.425361,-1.0924871229563877,-1.0608421403886796,-0.03164498254127098,ForecastPage,9
1718906266.75,1.420235,-1.0979505451508949,-1.0561206707979305,-0.04182987432697366,ForecastPage,9
1718906267.0,1.42408,-1.093852445592198,-1.0509977274091695,-0.0428547181575105,ForecastPage,9
1718906267.25,1.422798,-1.0952188340536413,-1.045517493060576,-0.049701340968038445,ForecastPage,9
1718906267.5,1.417673,-1.100681190422515,-1.0397232268508332,-0.060957963547157545,ForecastPage,9
1718906267.75,1.41511,-1.1034129015197685,-1.033656401251691,-0.06975650024406123,ForecastPage,9
1718906268.0,1.41511,-1.1034129015197685,-1.0273558635226467,-0.07605703797361398,ForecastPage,9
1718906268.25,1.435612,-1.0815613443930072,-1.0208570557266645,-0.0607042886433393,ForecastPage,9
1718906268.5,1.480462,-1.0337590647551553,-1.014191330773879,-0.01956773395876856,ForecastPage,9
1718906268.75,1.543251,-0.9668369390877956,-1.0073854031936937,0.04054846412792322,ForecastPage,9
1718906269.0,1.607321,-0.8985494907846254,-1.000460972186108,0.10191148142304246,ForecastPage,9
1718906269.25,1.648326,-0.8548453107054701,-0.9934345504204263,0.13858923973607376,ForecastPage,9
1718906269.5,1.677799,-0.8234322318255054,-0.986317524705204,0.162885292900402,ForecastPage,9
1718906269.75,1.686768,-0.813872841723568,-0.9791164640307005,0.16524362232745465,ForecastPage,9
1718906270.0,1.675236,-0.826163942922759,-0.9718336769653593,0.14566973406257835,ForecastPage,9
1718906270.25,1.656015,-0.8466501774137098,-0.964468004754464,0.11781782736043057,ForecastPage,9
1718906270.5,1.626542,-0.8780632562936745,-0.9570158198296163,0.07895256355536329,ForecastPage,9
1718906270.75,1.598351,-0.9081099467121958,-0.9494721830889918,0.04136223639601341,ForecastPage,9
1718906271.0,1.576567,-0.9313278923004003,-0.9418320985829621,0.010504206301628849,ForecastPage,9
1718906271.25,1.554783,-0.9545458378886047,-0.9340917923630151,-0.020454045506617377,ForecastPage,9
1718906271.5,1.538125,-0.9723003612823024,-0.9262499342331595,-0.04605042703020926,ForecastPage,9
1718906271.75,1.526592,-0.9845925283071262,-0.9183087177098384,-0.06628381057833839,ForecastPage,9
1718906272.0,1.51506,-0.9968836295063168,-0.9102747150722311,-0.0866089144150694,ForecastPage,9
1718906272.25,1.507371,-1.005078762798077,-0.9021594310969244,-0.10291933168202322,ForecastPage,9
1718906272.5,1.495839,-1.017369863997268,-0.8939794907753998,-0.12339037320258639,ForecastPage,9
1718906272.75,1.494557,-1.0187362524587111,-0.8857564126250491,-0.1329798398141977,ForecastPage,9
1718906273.0,1.483024,-1.031028419483535,-0.8775159395279197,-0.15351247993594846,ForecastPage,9
1718906273.25,1.480462,-1.0337590647551553,-0.8692869225807086,-0.16447214215457095,ForecastPage,9
1718906273.5,1.475336,-1.0392224869496622,-0.8610997792578947,-0.17812270767169003,ForecastPage,9
1718906273.75,1.47021,-1.044685909144169,-0.8529845741625061,-0.19170133496140485,ForecastPage,9
1718906274.0,1.47021,-1.044685909144169,-0.8449687975032836,-0.1997171116204801,ForecastPage,9
1718906274.25,1.493276,-1.0201015750945213,-0.837074941791671,-0.18302663328234237,ForecastPage,9
1718906274.5,1.550939,-0.9586428716216682,-0.8293179995685438,-0.12932487203256732,ForecastPage,9
1718906274.75,1.647045,-0.8562106333412802,-0.8217030226173913,-0.03450761070334121,ForecastPage,9
1718906275.0,1.771341,-0.7237327704680038,-0.8142228944222014,0.09049012397467665,ForecastPage,9
1718906275.25,1.950738,-0.5325268493934947,-0.8068564709858678,0.27432962161272756,ForecastPage,9
1718906275.5,2.041918,-0.43534486818102347,-0.7995672392166038,0.36422237105576005,ForecastPage,9
1718906275.75,2.08036,-0.3943723991991211,-0.7923026261355182,0.39793022695635794,ForecastPage,9
1718906276.0,2.050888,-0.4257844122534529,-0.7849940661923743,0.35920965395862475,ForecastPage,9
1718906276.25,2.01629,-0.4626598475022912,-0.7775578990264809,0.3148980515436013,ForecastPage,9
1718906276.5,1.975285,-0.5063640275814468,-0.769897128080948,0.26353310051859025,ForecastPage,9
1718906276.75,1.926591,-0.5582633409523624,-0.7619040243144692,0.20364068338084532,ForecastPage,9
1718906277.0,1.876616,-0.6115279769590881,-0.7534635119599851,0.14193553501925837,ForecastPage,9
1718906277.25,1.824078,-0.6675243240630673,-0.7444572279484792,0.07693290390337218,ForecastPage,9
1718906277.5,1.765134,-0.7303483501717306,-0.734768106063139,0.004419755908946582,ForecastPage,9
1718906277.75,1.729254,-0.7685901738820121,-0.7242853034911506,-0.044304870373761934,ForecastPage,9
1718906278.0,1.666465,-0.8355122995493719,-0.7129092630539291,-0.12260303647879375,ForecastPage,9
1718906278.25,1.636993,-0.8669243126037037,-0.7005566903126834,-0.1663676222748284,ForecastPage,9
1718906278.5,1.619053,-0.8860452244588444,-0.6871652216689783,-0.19888000277413292,ForecastPage,9
1718906278.75,1.629304,-0.8751194458954638,-0.6726975676253586,-0.20242187825482802,ForecastPage,9
1718906279.0,1.61649,-0.8887769355560978,-0.6571449340902915,-0.23163200145097923,ForecastPage,9
1718906279.25,1.590862,-0.9160919148773659,-0.6405295530465923,-0.2755623618163879,ForecastPage,9
1718906279.5,1.589581,-0.9174572375131762,-0.6229061906727877,-0.2945510468264332,ForecastPage,9
1718906279.75,1.619053,-0.8860452244588444,-0.6043625444024882,-0.2816826800428176,ForecastPage,9
1718906280.0,1.63443,-0.869656023700957,-0.5850184884516103,-0.2846375352362082,ForecastPage,9
1718906280.25,1.666465,-0.8355122995493719,-0.5650241778263279,-0.2704881217102878,ForecastPage,9
1718906280.5,1.697219,-0.8027338980335972,-0.5445570713341554,-0.2581768266870478,ForecastPage,9
1718906280.75,1.776666,-0.7180572489725398,-0.5238179821092646,-0.19423926685122092,ForecastPage,9
1718906281.0,1.97144,-0.5104621271401433,-0.5030263070385802,-0.00743582008982302,ForecastPage,9
1718906281.25,2.158526,-0.31106107277387396,-0.4824146217068291,0.17135354894441035,ForecastPage,9
1718906281.5,2.349456,-0.10756298467454128,-0.46222285275292196,0.35465986808958394,ForecastPage,9
1718906281.75,2.409682,-0.043372570104434745,-0.4426922530057758,0.3993196829123269,ForecastPage,9
1718906282.0,2.425059,-0.026983369346547374,-0.4240594054220859,0.397076036086341,ForecastPage,9
1718906282.25,2.39153,-0.06271943699376133,-0.4065504697899684,0.34383103280685834,ForecastPage,9
1718906282.5,2.358214,-0.0982284837811567,-0.3903758627373505,0.292147378966723,ForecastPage,9
1718906282.75,2.32746,-0.13100688529693144,-0.3757255291903642,0.24471864390386455,ForecastPage,9
1718906283.0,2.314646,-0.14466437495756507,-0.3627649251060866,0.2181005501588748,ForecastPage,9
1718906283.25,2.210852,-0.2552906807040805,-0.3516317902874268,0.09634110959363401,ForecastPage,9
1718906283.5,2.108339,-0.3645516638147856,-0.3424337494489494,-0.02211791435560756,ForecastPage,9
1718906283.75,2.057083,-0.41918162245732155,-0.33524674214639083,-0.08393488030076007,ForecastPage,9
1718906284.0,1.989168,-0.4915671703191881,-0.330114249914585,-0.1614529203944942,ForecastPage,9
1718906284.25,1.978917,-0.5024929488825688,-0.3270472635580543,-0.17544568531447416,ForecastPage,9
1718906284.5,1.984043,-0.497029526688062,-0.3260249158491338,-0.17100461082896476,ForecastPage,9
1718906284.75,1.903314,-0.5830725642105626,-0.3269956949853436,-0.25607686921534006,ForecastPage,9
1718906285.0,2.004757,-0.474952014527115,-0.32987915142961877,-0.14507286308770706,ForecastPage,9
1718906285.25,1.968878,-0.5131927724117639,-0.3345680140668679,-0.17862475833519814,ForecastPage,9
1718906285.5,1.979129,-0.5022669938483832,-0.34093063947104574,-0.1613363543677281,ForecastPage,9
1718906285.75,2.015008,-0.46402623596373466,-0.34881372880950035,-0.11521250714470505,ForecastPage,9
1718906286.0,2.120084,-0.3520335417557763,-0.35804525878424903,0.00601171703793596,ForecastPage,9
1718906286.25,2.186717,-0.2810143823553529,-0.36843758436053586,0.08742320201460047,ForecastPage,9
1718906286.5,2.204657,-0.26189347050021183,-0.3797906803822209,0.11789720989140673,ForecastPage,9
1718906286.75,2.232848,-0.23184678008169032,-0.391895495361719,0.16004871528943637,ForecastPage,9
1718906287.0,2.232848,-0.23184678008169032,-0.4045373930776116,0.17269061300537192,ForecastPage,9
1718906287.25,2.199531,-0.2673568926947188,-0.41749965602272393,0.15014276333753324,ForecastPage,9
1718906287.5,2.158526,-0.31106107277387396,-0.43056701970833655,0.11950594694410221,ForecastPage,9
1718906287.75,2.121365,-0.350668219119966,-0.44352919929617873,0.09286098018599567,ForecastPage,9
1718906288.0,2.073953,-0.4012011440294384,-0.45618436123135886,0.054983217211874935,ForecastPage,9
1718906288.25,2.01629,-0.4626598475022912,-0.4683424838152832,0.005682636323142018,MarketWaitPage,9
1718906288.5,1.967596,-0.5145591608732071,-0.4798285432480901,-0.03473061761475231,MarketWaitPage,9
1718906288.75,1.941968,-0.5418741401944751,-0.49048545664996696,-0.05138868353391511,MarketWaitPage,9
1718906289.0,1.920184,-0.5650920857826794,-0.5001767117247812,-0.06491537404706874,MarketWaitPage,9
1718906289.25,1.897119,-0.589675354006694,-0.5087886145165406,-0.0808867394790852,MarketWaitPage,9
1718906289.5,1.872772,-0.6156250106921517,-0.5162320922558812,-0.0993929184249681,MarketWaitPage,9
1718906289.75,1.868928,-0.6197220444252155,-0.5224439974291245,-0.09727804698456625,MarketWaitPage,9
1718906290.0,1.840737,-0.6497687348437368,-0.5273878715166961,-0.12238086331531191,MarketWaitPage,9
1718906290.25,1.830485,-0.6606955792327505,-0.5310541417476791,-0.12964143747316256,RoundResultsPage,9
1718906290.5,1.827923,-0.6634262245043708,-0.5334597409634992,-0.1299664835288104,RoundResultsPage,9
1718906290.75,1.868928,-0.6197220444252155,-0.5346471584118455,-0.08507488600118687,RoundResultsPage,9
1718906291.0,1.97144,-0.5104621271401433,-0.5346829470310285,0.02422081990315969,RoundResultsPage,9
1718906291.25,2.031667,-0.44627064674440386,-0.5336557294970792,0.08738508276501275,RoundResultsPage,9
1718906291.5,2.020134,-0.45856281376922764,-0.5316737599803532,0.07311094622350098,RoundResultsPage,9
1718906291.75,2.00732,-0.47222030342986177,-0.5288621103714892,0.05664180695402046,RoundResultsPage,9
1718906292.0,1.995787,-0.4845124704546856,-0.5253595582197089,0.04084708777741832,RoundResultsPage,9
1718906292.25,2.003475,-0.47631840298855843,-0.5213152587396274,0.04499685576345574,RoundResultsPage,9
1718906292.5,2.002194,-0.4776837256243687,-0.5168852852969442,0.03920155968494894,RoundResultsPage,9
1718906292.75,1.988099,-0.4927065379208127,-0.512229122267771,0.019522584359317627,RoundResultsPage,9
1718906293.0,1.972722,-0.5090957386787001,-0.5075061915929051,-0.001589547073446551,RoundResultsPage,9
1718906293.25,1.967596,-0.5145591608732071,-0.5028724901734254,-0.0116866706874382,RoundResultsPage,9
1718906293.5,1.956063,-0.5268513278980306,-0.49847740985371924,-0.028373918031964693,RoundResultsPage,9
1718906293.75,1.976566,-0.5049987049456365,-0.49446080539221976,-0.010537899541057494,RoundResultsPage,9
1718906294.0,1.988099,-0.4927065379208127,-0.49095036869200276,-0.0017561692164269893,RoundResultsPage,9
1718906294.25,2.004757,-0.474952014527115,-0.4880593596945013,0.013107345179805984,RoundResultsPage,9
1718906294.5,2.031667,-0.44627064674440386,-0.4858847356769472,0.039614088945014066,RoundResultsPage,9
1718906294.75,2.07139,-0.40393285512669164,-0.484505711148061,0.08057285603390732,RoundResultsPage,9
1718906295.0,2.075234,-0.3998358213936281,-0.483982770052504,0.0841469486714986,RoundResultsPage,9
1718906295.25,2.068827,-0.4066645662239449,-0.48435714062251833,0.07769257441129881,RoundResultsPage,9
1718906295.5,2.045762,-0.4312478344479599,-0.48565073116361884,0.05440289672850414,RoundResultsPage,9
1718906295.75,2.022697,-0.4558311026719744,-0.48786651272076725,0.03203541006177348,RoundResultsPage,9
1718906296.0,2.002194,-0.4776837256243687,-0.4909893224869679,0.013305596875728253,RoundResultsPage,9
1718906296.25,1.979129,-0.5022669938483832,-0.49498705060626197,-0.007279943228834806,RoundResultsPage,9
1718906296.5,1.96247,-0.5200225830677138,-0.499812163276657,-0.020210419777608877,RoundResultsPage,9
1718906296.75,1.944531,-0.5391424290972215,-0.5054035072489355,-0.033738921834678026,RoundResultsPage,9
1718906297.0,1.935561,-0.5487028850247919,-0.5116883352553224,-0.037014549755706866,RoundResultsPage,9
1718906297.25,1.922747,-0.562360374685426,-0.5185844887256962,-0.04377588594582333,RoundResultsPage,9
1718906297.5,1.918903,-0.5664574084184896,-0.5260026733372108,-0.040454735067244334,RoundResultsPage,9
1718906297.75,1.909933,-0.5760178643460598,-0.5338487643417466,-0.042169099990171786,RoundResultsPage,9
1718906298.0,1.909933,-0.5760178643460598,-0.542026081969707,-0.033991782362128756,RoundResultsPage,9
1718906298.25,1.906088,-0.5801159639047565,-0.550437582196382,-0.029678381694094702,RoundResultsPage,9
1718906298.5,1.90737,-0.5787495754433134,-0.5589879144207873,-0.019761661008218093,RoundResultsPage,9
1718906298.75,1.895837,-0.5910417424681371,-0.5675853047814775,-0.023456437672351553,RoundResultsPage,9
1718906299.0,1.894556,-0.5924070651039475,-0.5761432315706845,-0.016263833518982196,RoundResultsPage,9
1718906299.25,1.894556,-0.5924070651039475,-0.5845818671929353,-0.00782519789678407,RoundResultsPage,9
1718906299.5,1.881742,-0.6060645547645813,-0.5928292690757027,-0.0132352856747249,RoundResultsPage,9
1718906299.75,1.883023,-0.6046992321287713,-0.6008223096497164,-0.0038769224649929483,RoundResultsPage,9
1718906300.0,1.879179,-0.6087962658618349,-0.6085073427874532,-0.0002889230604235255,RoundResultsPage,9
1718906300.25,1.868928,-0.6197220444252155,-0.615840610769386,-0.0038814336419803652,RoundResultsPage,9
1718906300.5,1.867646,-0.6210884328866586,-0.6227884018228549,0.0016999689499379586,RoundResultsPage,9
1718906300.75,1.868928,-0.6197220444252155,-0.6293269734639627,0.009604929052389268,RoundResultsPage,9
1718906301.0,1.861239,-0.6279171777169755,-0.6354422612137471,0.007525083510329055,RoundResultsPage,9
1718906301.25,1.854832,-0.6347459225472926,-0.6411293957276728,0.006383473193874636,RiskPage1,9
1718906301.5,1.852269,-0.637477633644546,-0.6463920539697314,0.008914420338643616,RiskPage1,9
1718906301.75,1.845862,-0.644306378474863,-0.6512416718025394,0.006935293341128895,RiskPage1,9
1718906302.0,1.8433,-0.6470370237464835,-0.6556965462990356,0.008659522566032328,RiskPage1,9
1718906302.25,1.840737,-0.6497687348437368,-0.6597808562712684,0.01001212144107505,RiskPage1,9
1718906302.5,1.836892,-0.6538668344024334,-0.6635236290264666,0.009656794637676006,RiskPage1,9
1718906302.75,1.836892,-0.6538668344024334,-0.6669576802729589,0.013090845884303474,RiskPage1,9
1718906303.0,1.830485,-0.6606955792327505,-0.6701185524852745,0.009422973266472578,RiskPage1,9
1718906303.25,1.826641,-0.664792612965814,-0.6730434749812937,0.008250862029632853,RiskPage1,9
1718906303.5,1.82536,-0.6661579356016241,-0.6757703665535847,0.00961243096635099,RiskPage1,9
1718906303.75,1.818953,-0.6729866804319412,-0.6783368988263212,0.0053502184090372835,RiskPage1,9
1718906304.0,1.812546,-0.6798154252622582,-0.6807796356736848,0.0009642104263778081,RiskPage1,9
1718906304.25,1.813827,-0.6784501026264479,-0.6831332611263149,0.004683158515135245,RiskPage1,9
1718906304.5,1.809983,-0.6825471363595117,-0.685429905290534,0.002882768946626634,RiskPage1,9
1718906304.75,1.808702,-0.6839124589953218,-0.6876985749788114,0.003786115999443851,RiskPage1,9
1718906305.0,1.808702,-0.6839124589953218,-0.6899646930526426,0.006052234073633911,RiskPage1,9
1718906305.25,1.801013,-0.6921075922870821,-0.6922497479522907,0.0001421556818838629,RiskPage1,9
1718906305.5,1.797169,-0.6962046260201455,-0.6945710525670258,-0.0016335734360841876,RiskPage1,9
1718906305.75,1.788199,-0.7057650819477159,-0.6969416095181251,-0.008823472412202145,RiskPage1,9
1718906306.0,1.78948,-0.7043997593119058,-0.6993700781154589,-0.005029681178719098,RiskPage1,9
1718906306.25,1.788199,-0.7057650819477159,-0.701860836727748,-0.0039042452019214004,RiskPage1,9
1718906306.5,1.786918,-0.7071304045835263,-0.7044141330789845,-0.002716271486203372,RiskPage1,9
1718906306.75,1.781792,-0.712593826778033,-0.7070263140297474,-0.005567512729687123,RiskPage1,9
1718906307.0,1.785636,-0.7084967930449694,-0.7096901256863329,0.0011933326601858037,RiskPage1,9
1718906307.25,1.780511,-0.7139591494138433,-0.7123950741605202,-0.0015640752343175895,RiskPage2,9
1718906307.5,1.779229,-0.7153255378752864,-0.7151278369386097,-0.00019770091753180778,RiskPage2,9
1718906307.75,1.772822,-0.7221542827056036,-0.7178727145770751,-0.0042815681092907305,RiskPage2,9
1718906308.0,1.772822,-0.7221542827056036,-0.7206121122986786,-0.0015421703876417597,RiskPage2,9
1718906308.25,1.771541,-0.7235196053414136,-0.7233270409991023,-0.00019256432302895005,RiskPage2,9
1718906308.5,1.772822,-0.7221542827056036,-0.7259976271754347,0.0038433444890685255,RiskPage2,9
1718906308.75,1.772822,-0.7221542827056036,-0.7286036213399574,0.006449338653505679,RiskPage2,9
1718906309.0,1.772822,-0.7221542827056036,-0.7311248945727251,0.008970611886152993,RiskPage2,9
1718906309.25,1.768978,-0.726251316438667,-0.7335419129892445,0.007290596569460765,RiskPage2,9
1718906309.5,1.765134,-0.7303483501717306,-0.7358361800656443,0.005487829912629288,RiskPage2,9
1718906309.75,1.757445,-0.7385434834634909,-0.7379906370037351,-0.000552846441218063,RiskPage2,9
1718906310.0,1.758727,-0.7371770950020478,-0.7399900116805891,0.0028129166968999413,RiskPage2,9
1718906310.25,1.754882,-0.7412751945607441,-0.7418211072686329,0.0005459127260760935,RiskPage2,9
1718906310.5,1.748475,-0.7481039393910612,-0.7434730223863288,-0.004630916986701136,RiskPage2,9
1718906310.75,1.744631,-0.7522009731241248,-0.7449372956874409,-0.007263677418787497,RiskPage2,9
1718906311.0,1.747194,-0.7494692620268715,-0.7462079691435672,-0.00326129286551709,RiskPage2,9
1718906311.25,1.74335,-0.7535662957599351,-0.7472815659279664,-0.006284729814261092,RiskPage2,9
1718906311.5,1.736943,-0.7603950405902521,-0.7481569807589314,-0.01223805981366128,RiskPage2,9
1718906311.75,1.742068,-0.7549326842213783,-0.7488352827806515,-0.006097401423084663,RiskPage2,9
1718906312.0,1.736943,-0.7603950405902521,-0.7493194335060618,-0.011075607066536356,RiskPage2,9
1718906312.25,1.735661,-0.7617614290516953,-0.7496139249645833,-0.012147504069420442,RiskPage3,9
1718906312.5,1.720284,-0.7781506298095827,-0.749724345921418,-0.028426283870414237,RiskPage3,9
1718906312.75,1.740787,-0.7562980068571883,-0.7496568867856668,-0.006641120053697064,RiskPage3,9
1718906313.0,1.739505,-0.7576643953186315,-0.7494177965087799,-0.008246598791945201,RiskPage3,9
1718906313.25,1.738224,-0.7590297179544419,-0.7490128072813527,-0.010016910655101643,RiskPage3,9
1718906313.5,1.736943,-0.7603950405902521,-0.7484465450375535,-0.011948495534638993,RiskPage3,9
1718906313.75,1.73438,-0.7631267516875054,-0.7477219455410822,-0.01540480612830827,RiskPage3,9
1718906314.0,1.74335,-0.7535662957599351,-0.746839697033199,-0.00672659870858793,RiskPage3,9
1718906314.25,1.760008,-0.7358117723662374,-0.7457977309641577,0.009985958616076493,RiskPage3,9
1718906314.5,1.770259,-0.7248859938028568,-0.7445907821039622,0.01970478831924403,RiskPage3,9
1718906314.75,1.779229,-0.7153255378752864,-0.7432100382449809,0.027884500387790872,RiskPage3,9
1718906315.0,1.788199,-0.7057650819477159,-0.7416428977031155,0.035877815773430924,RiskPage3,9
1718906315.25,1.788199,-0.7057650819477159,-0.7398728498886894,0.03410776795891848,RiskPage3,9
1718906315.5,1.78948,-0.7043997593119058,-0.7378794904266746,0.03347973113260714,RiskPage3,9
1718906315.75,1.780511,-0.7139591494138433,-0.7356386778177402,0.02167952842160914,RiskPage3,9
1718906316.0,1.779229,-0.7153255378752864,-0.7331228336771748,0.017797295819454877,RiskPage3,9
1718906316.25,1.783073,-0.7112285041422229,-0.7303013834413555,0.019072879316533353,RiskPage3,9
1718906316.5,1.777948,-0.7166908605110965,-0.727141329374548,0.010450468880666381,RiskPage3,9
1718906316.75,1.777948,-0.7166908605110965,-0.7236079430070231,0.006917082512934136,RiskPage3,9
1718906317.0,1.772822,-0.7221542827056036,-0.7196655600172742,-0.0024887226715517505,RiskPage3,9
1718906317.25,1.768978,-0.726251316438667,-0.7152784572235131,-0.010972859198629436,RiskPage4,9
1718906317.5,1.765134,-0.7303483501717306,-0.7104117889167586,-0.01993656123872494,RiskPage4,9
1718906317.75,1.763852,-0.7317147386331738,-0.7050325583459192,-0.0266821802713092,RiskPage4,9
1718906318.0,1.757445,-0.7385434834634909,-0.6991105997929329,-0.039432883654937446,RiskPage4,9
1718906318.25,1.749757,-0.746737550929618,-0.6926195473239927,-0.05411800359035045,RiskPage4,9
1718906318.5,1.754882,-0.7412751945607441,-0.6855377678659715,-0.055737426679860064,RiskPage4,9
1718906318.75,1.784355,-0.7098621156807797,-0.6778492385479924,-0.03201287711824852,RiskPage4,9
1718906319.0,1.824078,-0.6675243240630673,-0.6695443509944324,0.00202002694552586,RiskPage4,9
1718906319.25,1.877898,-0.6101615884976449,-0.6606206281122728,0.05045903962841285,RiskPage4,9
1718906319.5,1.902244,-0.5842129976378201,-0.6510833415086913,0.06687034388428886,RiskPage4,9
1718906319.75,1.895837,-0.5910417424681371,-0.6409460196846525,0.049904277229579505,RiskPage4,9
1718906320.0,1.918903,-0.5664574084184896,-0.6302308384103619,0.06377343000460046,RiskPage4,9
1718906320.25,1.885586,-0.6019675210315178,-0.6189688852513398,0.017001364232234514,RiskPage4,9
1718906320.5,1.847144,-0.64293999001342,-0.6072002903461818,-0.035739699655117974,RiskPage4,9
1718906320.75,1.821516,-0.6702549693346879,-0.594974215640858,-0.07528075368197594,RiskPage4,9
1718906321.0,1.856114,-0.6333795340858493,-0.5823486952736663,-0.051030838800565595,RiskPage4,9
1718906321.25,1.883023,-0.6046992321287713,-0.5693903209730913,-0.03530891114426577,RiskPage4,9
1718906321.5,1.92531,-0.5596286635881725,-0.5561737682506567,-0.0034548953262684458,RiskPage4,9
1718906321.75,1.975285,-0.5063640275814468,-0.5427811616752273,0.0364171341049002,RiskPage4,9
1718906322.0,1.988099,-0.4927065379208127,-0.5293012802785523,0.03659474236877228,RiskPage4,9
1718906322.25,1.999631,-0.480415436721622,-0.5158286068241542,0.035413170113518286,RiskPage4,9
1718906322.5,1.99835,-0.4817807593574321,-0.5024622270509009,0.020681467704447246,RiskPage4,9
1718906322.75,1.99835,-0.4817807593574321,-0.4893045870396402,0.007523827693215166,RiskPage4,9
1718906323.0,2.01629,-0.4626598475022912,-0.476460118674522,0.013800271183298685,RiskPage4,9
1718906323.25,2.025259,-0.45310045740035376,-0.4640337450051468,0.010933287615948774,PreMarketWait,10
1718906323.5,2.018852,-0.4599292022306711,-0.4521292794020328,-0.007799922817373701,PreMarketWait,10
1718906323.75,2.006038,-0.4735866918913047,-0.440847734938719,-0.03273895694119688,PreMarketWait,10
1718906324.0,2.009882,-0.4694896581582411,-0.43028556357488373,-0.039204094571835185,PreMarketWait,10
1718906324.25,2.006038,-0.4735866918913047,-0.42053284853799094,-0.05305384334165556,PreMarketWait,10
1718906324.5,1.999631,-0.480415436721622,-0.41167147780571495,-0.06874395890411644,PreMarketWait,10
1718906324.75,1.986817,-0.49407292638225586,-0.4037733316667057,-0.09029959470363663,PreMarketWait,10
1718906325.0,1.986817,-0.49407292638225586,-0.3968985227410754,-0.09717440362915993,PreMarketWait,10
1718906325.25,2.013727,-0.46539155859954495,-0.3910937321954783,-0.07429782639196128,PreMarketWait,10
1718906325.5,2.050888,-0.4257844122534529,-0.38639069067858767,-0.039393721562702676,PreMarketWait,10
1718906325.75,2.10727,-0.3656910314164099,-0.3828048561015902,0.017113824697368524,PreMarketWait,10
1718906326.0,2.170058,-0.2987699715746832,-0.3803343420975946,0.08156437053509108,PreMarketWait,10
1718906326.25,2.200812,-0.2659915700589085,-0.37895915014674475,0.1129675800999719,PreMarketWait,10
1718906326.5,2.199531,-0.2673568926947188,-0.37864075444950757,0.11128386176684472,PreMarketWait,10
1718906326.75,2.190561,-0.2769173486222889,-0.3793220814656256,0.10240473285527792,PreMarketWait,10
1718906327.0,2.179029,-0.2892084498214801,-0.38092791578005347,0.09171946597036576,PreMarketWait,10
1718906327.25,2.161089,-0.3083293616766207,-0.38336575113580657,0.07503638947079619,PreMarketWait,10
1718906327.5,2.134179,-0.33701072945933186,-0.38652709086764525,0.0495163614197095,PreMarketWait,10
1718906327.75,2.112395,-0.36022867504753653,-0.39028918647579736,0.03006051143941238,PreMarketWait,10
1718906328.0,2.099581,-0.37388616470817015,-0.39451718758299714,0.020631022885706327,PreMarketWait,10
1718906328.25,2.086767,-0.3875436543688043,-0.39906666181559247,0.011523007457371774,MarketGridChoice,10
1718906328.5,2.067546,-0.4080298888597552,-0.4037864298942316,-0.004243458955254381,MarketGridChoice,10
1718906328.75,2.058576,-0.41759034478732576,-0.40852164990701106,-0.009068694870372613,MarketGridChoice,10
1718906329.0,2.048325,-0.42851612335070616,-0.4131170757112795,-0.015399047629818757,MarketGridChoice,10
1718906329.25,2.038074,-0.43944190191408705,-0.41742040788084006,-0.022021494023974443,MarketGridChoice,10
1718906329.5,2.031667,-0.44627064674440386,-0.4212856516833309,-0.024984995052131136,MarketGridChoice,10
1718906329.75,2.022697,-0.4558311026719744,-0.4245763952446926,-0.031254707418660654,MarketGridChoice,10
1718906330.0,2.029104,-0.4490023578416576,-0.42716892226228875,-0.02183343557105285,MarketGridChoice,10
1718906330.25,2.030385,-0.44763703520584724,-0.42895507723044835,-0.018681957967367137,MarketGridChoice,10
1718906330.5,2.027822,-0.45036874630310053,-0.42984480695857746,-0.020523939336749397,MarketGridChoice,10
1718906330.75,2.031667,-0.44627064674440386,-0.42976830997871757,-0.01650233675813989,MarketGridChoice,10
1718906331.0,2.027822,-0.45036874630310053,-0.42867773503323736,-0.02169101126250938,MarketGridChoice,10
1718906331.25,2.043199,-0.4339795455452131,-0.42654838098933934,-0.007431164548675491,MarketGridChoice,10
1718906331.5,1.966315,-0.5159244835090171,-0.42337936304616797,-0.0925451204557678,MarketGridChoice,10
1718906331.75,1.98041,-0.5009016712125729,-0.41919372379285486,-0.08170794741271489,MarketGridChoice,10
1718906332.0,1.99835,-0.4817807593574321,-0.4140379823364634,-0.06774277701400454,MarketGridChoice,10
1718906332.25,2.031667,-0.44627064674440386,-0.4079811300781573,-0.03828951665928136,MarketGridChoice,10
1718906332.5,2.032948,-0.4449053241085935,-0.40111309738878564,-0.0437922267128006,MarketGridChoice,10
1718906332.75,2.025259,-0.45310045740035376,-0.39354273091128206,-0.059557726481980086,MarketGridChoice,10
1718906333.0,2.022697,-0.4558311026719744,-0.38539533591757474,-0.0704357667471809,MarketGridChoice,10
1718906333.25,2.002194,-0.4776837256243687,-0.3768098515006214,-0.10087387411635837,MarketGridChoice,10
1718906333.5,2.034229,-0.4435400014727837,-0.3679357378540405,-0.0756042636111422,MarketGridChoice,10
1718906333.75,2.135461,-0.3356443409978889,-0.3589296639534064,0.02328532296337049,MarketGridChoice,10
1718906334.0,2.234129,-0.2304814574458805,-0.3499520900329605,0.11947063259522177,MarketGridChoice,10
1718906334.25,2.28923,-0.17175339924464783,-0.3411638417490182,0.16941044251283377,MarketGridChoice,10
1718906334.5,2.282823,-0.17858214407496464,-0.33272277132949607,0.15414062726334393,MarketGridChoice,10
1718906334.75,2.26232,-0.20043476702735902,-0.3247805951150466,0.1243458280968697,MarketGridChoice,10
1718906335.0,2.254632,-0.20862883449348615,-0.31747998695458085,0.10885115247065885,MarketGridChoice,10
1718906335.25,2.240536,-0.2236527126155632,-0.3109519936691773,0.08729928106356413,MarketGridChoice,10
1718906335.5,2.220033,-0.24550533556795756,-0.30531382333037804,0.05980848777275119,MarketGridChoice,10
1718906335.75,2.195687,-0.2714539264277824,-0.3006670406212524,0.029213114204167043,MarketGridChoice,10
1718906336.0,2.172621,-0.29603826047743,-0.2970961872090476,0.001057926742658033,MarketGridChoice,10
1718906336.25,2.149556,-0.3206215287014445,-0.2946678298385341,-0.025953698851557586,MarketGridChoice,10
1718906336.5,2.132898,-0.33837605209514215,-0.29343002552417813,-0.04494602655933608,MarketGridChoice,10
1718906336.75,2.112395,-0.36022867504753653,-0.29341218230901595,-0.06681649272665983,MarketGridChoice,10
1718906337.0,2.099581,-0.37388616470817015,-0.2946252858514513,-0.07926087884467128,MarketGridChoice,10
1718906337.25,2.093174,-0.38071490953848747,-0.2970624566345651,-0.083652452891736,MarketGridChoice,10
1718906337.5,2.088048,-0.386178331732994,-0.3006997996736852,-0.08547853204703221,MarketGridChoice,10
1718906337.75,2.103425,-0.36978913097510663,-0.30549750783601987,-0.06429162312676796,MarketGridChoice,10
1718906338.0,2.136742,-0.33427901836207863,-0.3114011807324044,-0.02287783761735966,MarketGridChoice,10
1718906338.25,2.181591,-0.28647780454985944,-0.3183433229443358,0.03186551840674287,MarketGridChoice,10
1718906338.5,2.203375,-0.2632598589616552,-0.3262449874317477,0.06298512848227053,MarketGridChoice,10
1718906338.75,2.217471,-0.2482359808395777,-0.33501753172491106,0.08678155089738614,MarketGridChoice,10
1718906339.0,2.214908,-0.25096769193683144,-0.3445644555212027,0.09359676359626531,MarketGridChoice,10
1718906339.25,2.167496,-0.30150061684630386,-0.3547832884474859,0.053282671612887446,MarketGridChoice,10
1718906339.5,2.08933,-0.38481194327155105,-0.3655674961857622,-0.019244447074299058,MarketGridChoice,10
1718906339.75,2.059857,-0.41622502215151547,-0.3768083723276067,-0.03941664981265825,MarketGridChoice,10
1718906340.0,2.047043,-0.4298825118121496,-0.3883968827861226,-0.0414856290150358,MarketGridChoice,10
1718906340.25,2.022697,-0.4558311026719744,-0.40022542987370746,-0.055605672787550506,MarketGridChoice,10
1718906340.5,2.043199,-0.4339795455452131,-0.41218950457266246,-0.02179004096211868,MarketGridChoice,10
1718906340.75,2.064983,-0.41076159995700895,-0.42418919813988026,0.01342759819301522,MarketGridChoice,10
1718906341.0,2.064983,-0.41076159995700895,-0.4361305478265647,0.025368947879414377,MarketGridChoice,10
1718906341.25,2.006038,-0.4735866918913047,-0.4479266958758064,-0.025659996005915654,MarketGridChoice,10
1718906341.5,1.985536,-0.4954382490180662,-0.459498845813095,-0.03593940319564879,MarketGridChoice,10
1718906341.75,1.982973,-0.49816996011531944,-0.47077700518755167,-0.02739295491868351,MarketGridChoice,10
1718906342.0,1.974003,-0.50773041604289,-0.4817005092653475,-0.026029906768668606,MarketGridChoice,10
1718906342.25,1.966315,-0.5159244835090171,-0.4922183256523565,-0.0237061578479639,MarketGridChoice,10
1718906342.5,1.968878,-0.5131927724117639,-0.5022891453087801,-0.010903627094427321,MarketGridChoice,10
1718906342.75,1.966315,-0.5159244835090171,-0.511881270721676,-0.0040432127788843945,MarketGridChoice,10
1718906343.0,1.958626,-0.5241196168007773,-0.520972316893003,-0.0031472998993747918,MarketGridChoice,10
1718906343.25,1.957345,-0.5254849394365877,-0.5295487450620753,0.004063805633874131,MarketGridChoice,10
1718906343.5,1.956063,-0.5268513278980306,-0.5376052525349673,0.010753924645355926,MarketGridChoice,10
1718906343.75,1.956063,-0.5268513278980306,-0.5451440445173937,0.018292716627861055,MarketGridChoice,10
1718906344.0,1.950938,-0.5323136842669045,-0.5521740153769752,0.01986033111869278,MarketGridChoice,10
1718906344.25,1.939405,-0.5446058512917283,-0.558709867285347,0.014104016002407418,MarketGridChoice,10
1718906344.5,1.932998,-0.5514345961220454,-0.5647711937524293,0.01333659763937746,MarketGridChoice,10
1718906344.75,1.935561,-0.5487028850247919,-0.5703815542544949,0.021678669238933825,MarketGridChoice,10
1718906345.0,1.926591,-0.5582633409523624,-0.5755675641007855,0.017304223157917836,MarketGridChoice,10
1718906345.25,1.917621,-0.5678237968799328,-0.5803580210262934,0.012534224156140111,MarketGridChoice,10
1718906345.5,1.90737,-0.5787495754433134,-0.5847830868936689,0.006033511460433745,MarketGridChoice,10
1718906345.75,1.906088,-0.5801159639047565,-0.5888735394891383,0.008757575594764672,MarketGridChoice,10
1718906346.0,1.903526,-0.582846609176377,-0.5926601058567151,0.009813496691023004,MarketGridChoice,10
1718906346.25,1.897119,-0.589675354006694,-0.5961728850706097,0.006497531074891698,MarketGridChoice,10
1718906346.5,1.891993,-0.5951387762012007,-0.5994408649159625,0.00430208872601039,MarketGridChoice,10
1718906346.75,1.884305,-0.6033328436673281,-0.6024915337304247,-0.0008413099254057886,MarketGridChoice,10
1718906347.0,1.88046,-0.6074309432260245,-0.6053505857358388,-0.0020803574784664363,MarketGridChoice,10
1718906347.25,1.881742,-0.6060645547645813,-0.6080417156297753,0.001977160877104652,MarketGridChoice,10
1718906347.5,1.875335,-0.6128932995948985,-0.610586496064675,-0.0023068035181535375,MarketGridChoice,10
1718906347.75,1.87149,-0.6169913991535948,-0.6130043299518089,-0.0039870691895875065,MarketGridChoice,10
1718906348.0,1.867646,-0.6210884328866586,-0.6153124683033194,-0.005775964571039978,MarketGridChoice,10
1718906348.25,1.858676,-0.630648888814229,-0.6175260835691688,-0.013122805232683051,MarketGridChoice,10
1718906348.5,1.853551,-0.6361112451831028,-0.6196583881265006,-0.016452857044163938,MarketGridChoice,10
1718906348.75,1.854832,-0.6347459225472926,-0.6217207877120701,-0.013025134822733734,MarketGridChoice,10
1718906349.0,1.861239,-0.6279171777169755,-0.623723060108327,-0.004194117596113465,MarketGridChoice,10
1718906349.25,1.863802,-0.6251854666197222,-0.6256735502287827,0.00048808362164363267,ForecastPage,10
1718906349.5,1.861239,-0.6279171777169755,-0.6275793738046772,-0.0003378038996601322,ForecastPage,10
1718906349.75,1.854832,-0.6347459225472926,-0.6294466230522102,-0.005299299482378348,ForecastPage,10
1718906350.0,1.852269,-0.637477633644546,-0.6312805689110005,-0.006197064720761694,ForecastPage,10
1718906350.25,1.854832,-0.6347459225472926,-0.6330858556292887,-0.0016600669051243504,ForecastPage,10
1718906350.5,1.850988,-0.6388429562803561,-0.6348666845913584,-0.003976271676004723,ForecastPage,10
1718906350.75,1.8433,-0.6470370237464835,-0.636626985308278,-0.01041003842508146,ForecastPage,10
1718906351.0,1.847144,-0.64293999001342,-0.6383705723926862,-0.004569417607461805,ForecastPage,10
1718906351.25,1.856114,-0.6333795340858493,-0.6401012880747886,0.006721754002372508,ForecastPage,10
1718906351.5,1.865083,-0.623820143983912,-0.6418231303482513,0.01800298637794317,ForecastPage,10
1718906351.75,1.859958,-0.6292825003527858,-0.6435403671196122,0.014257866780605175,ForecastPage,10
1718906352.0,1.853551,-0.6361112451831028,-0.6452576367441583,0.009146391575008591,ForecastPage,10
1718906352.25,1.854832,-0.6347459225472926,-0.6469800350682373,0.012234112535067189,ForecastPage,10
1718906352.5,1.848425,-0.6415746673776096,-0.6487131886111427,0.0071385212478152806,ForecastPage,10
1718906352.75,1.844581,-0.6456717011106732,-0.6504633128966344,0.004791611800388479,ForecastPage,10
1718906353.0,1.8433,-0.6470370237464835,-0.6522372542908584,0.005200230558928284,ForecastPage,10
1718906353.25,1.838174,-0.6525004459409902,-0.6540425131238472,0.0015420671975144556,ForecastPage,10
1718906353.5,1.827923,-0.6634262245043708,-0.6558872454562042,-0.007538979033428974,ForecastPage,10
1718906353.75,1.824078,-0.6675243240630673,-0.657780240673097,-0.009744083375176044,ForecastPage,10
1718906354.0,1.813827,-0.6784501026264479,-0.6597308721950782,-0.01871923041654057,ForecastPage,10
1718906354.25,1.820234,-0.6716213577961311,-0.6617490190133415,-0.009872338767945287,ForecastPage,10
1718906354.5,1.817671,-0.6743530688933843,-0.6638449564748987,-0.010508112403643029,ForecastPage,10
1718906354.75,1.818953,-0.6729866804319412,-0.6660292157106854,-0.006957464706428815,ForecastPage,10
1718906355.0,1.822797,-0.6688896466988776,-0.668312412232665,-0.0005772344514100823,ForecastPage,10
1718906355.25,1.82536,-0.6661579356016241,-0.6707050454226023,0.004547109835752095,ForecastPage,10
1718906355.5,1.821516,-0.6702549693346879,-0.6732172717956858,0.002962302475743927,ForecastPage,10
1718906355.75,1.821516,-0.6702549693346879,-0.6758586559666581,0.005603686646693288,ForecastPage,10
1718906356.0,1.815109,-0.6770837141650047,-0.6786379041246197,0.0015541899743230757,ForecastPage,10
1718906356.25,1.809983,-0.6825471363595117,-0.6815625855176002,-0.0009845508272073207,ForecastPage,10
1718906356.5,1.804857,-0.6880105585540185,-0.6846388479680141,-0.003371710571290466,ForecastPage,10
1718906356.75,1.804857,-0.6880105585540185,-0.6878711338079158,-0.00013942473136380044,ForecastPage,10
1718906357.0,1.803576,-0.6893758811898285,-0.6912619028616265,0.0018860216865778413,ForecastPage,10
1718906357.25,1.795887,-0.6975710144815888,-0.6948113692266232,-0.00275964524012896,ForecastPage,10
1718906357.5,1.797169,-0.6962046260201455,-0.6985172586139646,0.002312632608728079,ForecastPage,10
1718906357.75,1.797169,-0.6962046260201455,-0.7023745929025846,0.006169966897435684,ForecastPage,10
1718906358.0,1.786918,-0.7071304045835263,-0.7063755083329393,-0.0007548962354883681,ForecastPage,10
1718906358.25,1.781792,-0.712593826778033,-0.7105091134145934,-0.0020847133482245683,ForecastPage,10
1718906358.5,1.777948,-0.7166908605110965,-0.7147613921557137,-0.001929468340037492,ForecastPage,10
1718906358.75,1.775385,-0.71942257160835,-0.7191151576517472,-0.0003074139411138078,ForecastPage,10
1718906359.0,1.770259,-0.7248859938028568,-0.723550060407583,-0.0013359333796294339,ForecastPage,10
1718906359.25,1.763852,-0.7317147386331738,-0.7280426550174729,-0.003672083599892172,ForecastPage,10
1718906359.5,1.762571,-0.733080061268984,-0.7325665279862409,-0.0005135332667649266,ForecastPage,10
1718906359.75,1.762571,-0.733080061268984,-0.7370924885337372,0.004012427280901393,ForecastPage,10
1718906360.0,1.754882,-0.7412751945607441,-0.7415888231692711,0.0003136286248409108,ForecastPage,10
1718906360.25,1.757445,-0.7385434834634909,-0.7460216136413972,0.007478130194377334,ForecastPage,10
1718906360.5,1.754882,-0.7412751945607441,-0.7503551165529178,0.009079922008789466,ForecastPage,10
1718906360.75,1.749757,-0.746737550929618,-0.7545522014832957,0.007814650570423916,ForecastPage,10
1718906361.0,1.748475,-0.7481039393910612,-0.7585748428977865,0.010470903523586513,ForecastPage,10
1718906361.25,1.747194,-0.7494692620268715,-0.7623846594792362,0.012915397469324985,ForecastPage,10
1718906361.5,1.735661,-0.7617614290516953,-0.7659434928477057,0.004182063813054922,ForecastPage,10
1718906361.75,1.73438,-0.7631267516875054,-0.7692140160041205,0.00608726433373127,ForecastPage,10
1718906362.0,1.730536,-0.7672237854205689,-0.772160360327492,0.004936574924100198,ForecastPage,10
1718906362.25,1.729254,-0.7685901738820121,-0.7747487486553172,0.006158574790535585,ForecastPage,10
1718906362.5,1.722847,-0.7754189187123292,-0.7769481209634794,0.0015292022684300429,ForecastPage,10
1718906362.75,1.71644,-0.7822476635426463,-0.7787307385049165,-0.0035169250204007364,ForecastPage,10
1718906363.0,1.713877,-0.7849793746398995,-0.7800727520231655,-0.004906622599351271,ForecastPage,10
1718906363.25,1.708752,-0.7904417310087734,-0.780954719873017,-0.009487011118312603,ForecastPage,10
1718906363.5,1.70747,-0.7918081194702166,-0.7813620625852663,-0.010446056867436798,ForecastPage,10
1718906363.75,1.704907,-0.79453983056747,-0.781285441612576,-0.01325438893730207,ForecastPage,10
1718906364.0,1.70747,-0.7918081194702166,-0.7807210516675962,-0.0110870677849428,ForecastPage,10
1718906364.25,1.708752,-0.7904417310087734,-0.779670818163285,-0.010770912827720993,ForecastPage,10
1718906364.5,1.712596,-0.7863446972757098,-0.778142493714926,-0.008202203542926379,ForecastPage,10
1718906364.75,1.708752,-0.7904417310087734,-0.7761496503720753,-0.014292080618754264,ForecastPage,10
1718906365.0,1.706189,-0.7931734421060269,-0.7737115671155769,-0.019461874972427087,ForecastPage,10
1718906365.25,1.701063,-0.7986368643005336,-0.7708530150757377,-0.027783849206703928,ForecastPage,10
1718906365.5,1.701063,-0.7986368643005336,-0.7676039457949334,-0.031032918487450822,ForecastPage,10
1718906365.75,1.727973,-0.7699554965178225,-0.7639990905503342,-0.005956405949294643,ForecastPage,10
1718906366.0,1.754882,-0.7412751945607441,-0.7600774811231408,0.01880228658061913,ForecastPage,10
1718906366.25,1.760008,-0.7358117723662374,-0.7558819042754371,0.020070131927433524,ForecastPage,10
1718906366.5,1.766415,-0.7289830275359204,-0.7514583033971285,0.02247527587943375,ForecastPage,10
1718906366.75,1.794606,-0.6989363371173991,-0.746855141180841,0.047918804081638344,ForecastPage,10
1718906367.0,1.820234,-0.6716213577961311,-0.7421227367314458,0.07050137895346095,ForecastPage,10
1718906367.25,1.802294,-0.6907422696512717,-0.737312589293094,0.04657031965989725,ForecastPage,10
1718906367.5,1.767696,-0.7276177049001102,-0.7324766989691281,0.004858994087001106,ForecastPage,10
1718906367.75,1.745912,-0.7508356504883147,-0.7276668927122899,-0.023168757758154045,ForecastPage,10
1718906368.0,1.744631,-0.7522009731241248,-0.7229341618417588,-0.029266811264627476,ForecastPage,10
1718906368.25,1.748475,-0.7481039393910612,-0.7183280157699864,-0.02977592360348683,ForecastPage,10
1718906368.5,1.747194,-0.7494692620268715,-0.7138958557705283,-0.03557340623892102,ForecastPage,10
1718906368.75,1.763852,-0.7317147386331738,-0.709682372595456,-0.022032366020474245,ForecastPage,10
1718906369.0,1.768978,-0.726251316438667,-0.7057289724925526,-0.020522343929059064,ForecastPage,10
1718906369.25,1.761289,-0.734446449730427,-0.7020732374909523,-0.03237321222261544,ForecastPage,10
1718906369.5,1.768978,-0.726251316438667,-0.6987484274723947,-0.02750288894961446,ForecastPage,10
1718906369.75,1.780511,-0.7139591494138433,-0.695783033263898,-0.018176116133492834,ForecastPage,10
1718906370.0,1.799732,-0.6934729149228921,-0.693200391523349,-0.00027252338329777914,ForecastPage,10
1718906370.25,1.815109,-0.6770837141650047,-0.691018373299524,0.013934659150558255,ForecastPage,10
1718906370.5,1.82536,-0.6661579356016241,-0.6892491586058606,0.023091223020072958,ForecastPage,10
1718906370.75,1.829204,-0.6620609018685605,-0.6878991089656922,0.025838207112771867,ForecastPage,10
1718906371.0,1.842018,-0.6484034122079266,-0.6869687485519558,0.03856533635948141,ForecastPage,10
1718906371.25,1.847144,-0.64293999001342,-0.6864528622421822,0.04351287224403537,ForecastPage,10
1718906371.5,1.829204,-0.6620609018685605,-0.6863407157295308,0.024279813876073544,ForecastPage,10
1718906371.75,1.826641,-0.664792612965814,-0.6866163989538552,0.021823786002984652,ForecastPage,10
1718906372.0,1.818953,-0.6729866804319412,-0.6872592897935744,0.014272609376428241,ForecastPage,10
1718906372.25,1.808702,-0.6839124589953218,-0.6882446304785104,0.004332171497848168,ForecastPage,10
1718906372.5,1.803576,-0.6893758811898285,-0.6895442048352507,0.0001683236599615591,ForecastPage,10
1718906372.75,1.794606,-0.6989363371173991,-0.691127100513244,-0.007809236589719777,ForecastPage,10
1718906373.0,1.79845,-0.6948393033843353,-0.6929605369557377,-0.0018787664142475003,ForecastPage,10
1718906373.25,1.797169,-0.6962046260201455,-0.6950107372026788,-0.001193888803181527,ForecastPage,10
1718906373.5,1.792043,-0.7016680482146523,-0.6972438197090779,-0.004424228491331646,ForecastPage,10
1718906373.75,1.788199,-0.7057650819477159,-0.699626685250018,-0.0061383966834728165,ForecastPage,10
1718906374.0,1.78948,-0.7043997593119058,-0.7021278736503438,-0.0022718856473278887,ForecastPage,10
1718906374.25,1.784355,-0.7098621156807797,-0.7047183654973912,-0.005143750169115521,ForecastPage,10
1718906374.5,1.776666,-0.7180572489725398,-0.7073723051379494,-0.010684943820245478,ForecastPage,10
1718906374.75,1.772822,-0.7221542827056036,-0.7100676230908861,-0.012086659600265604,ForecastPage,10
1718906375.0,1.768978,-0.726251316438667,-0.7127865384835763,-0.013464777940495817,ForecastPage,10
1718906375.25,1.763852,-0.7317147386331738,-0.7155159251930375,-0.016198813425362286,ForecastPage,10
1718906375.5,1.760008,-0.7358117723662374,-0.7182475289758302,-0.017564243375419102,ForecastPage,10
1718906375.75,1.757445,-0.7385434834634909,-0.7209780269182267,-0.017565456530029132,ForecastPage,10
1718906376.0,1.757445,-0.7385434834634909,-0.7237089249220755,-0.014834558525904304,ForecastPage,10
1718906376.25,1.754882,-0.7412751945607441,-0.7264462935351171,-0.014828901009816313,ForecastPage,10
1718906376.5,1.754882,-0.7412751945607441,-0.7292003470957633,-0.012074847448852847,ForecastPage,10
1718906376.75,1.754882,-0.7412751945607441,-0.7319848757423417,-0.009290318801945825,ForecastPage,10
1718906377.0,1.756164,-0.739908806099301,-0.734816544186612,-0.005092261895899421,ForecastPage,10
1718906377.25,1.758727,-0.7371770950020478,-0.7377140751302131,0.0005369801452845143,ForecastPage,10
1718906377.5,1.761289,-0.734446449730427,-0.7406973386848443,0.006250888971854294,ForecastPage,10
1718906377.75,1.760008,-0.7358117723662374,-0.7437863720386031,0.007974599690101041,ForecastPage,10
1718906378.0,1.752319,-0.7440069056579977,-0.7470003558176249,0.0029934501776336716,ForecastPage,10
1718906378.25,1.751038,-0.7453722282938077,-0.7503565750851613,0.004984346809596378,ForecastPage,10
1718906378.5,1.745912,-0.7508356504883147,-0.7538693936967721,0.0030337432268955217,ForecastPage,10
1718906378.75,1.74335,-0.7535662957599351,-0.7575492708160689,0.003982975074721933,ForecastPage,10
1718906379.0,1.736943,-0.7603950405902521,-0.7614018478310574,0.001006807259495139,ForecastPage,10
1718906379.25,1.735661,-0.7617614290516953,-0.7654271327398616,0.0036657037069096534,ForecastPage,10
1718906379.5,1.729254,-0.7685901738820121,-0.7696188073358782,0.0010286334726162145,ForecastPage,10
1718906379.75,1.727973,-0.7699554965178225,-0.7739636802501774,0.0040081837510685895,ForecastPage,10
1718906380.0,1.721566,-0.7767842413481395,-0.778441306132434,0.0016570648029332613,ForecastPage,10
1718906380.25,1.720284,-0.7781506298095827,-0.783023787996436,0.004873158205384163,MarketWaitPage,10
1718906380.5,1.720284,-0.7781506298095827,-0.7876757760463032,0.009525146255115875,MarketWaitPage,10
1718906380.75,1.71644,-0.7822476635426463,-0.7923546721598245,0.010107008635415443,MarketWaitPage,10
1718906381.0,1.717721,-0.780882340906836,-0.7970110446652672,0.01612870377649219,MarketWaitPage,10
1718906381.25,1.717721,-0.780882340906836,-0.8015892531474218,0.020706912258456306,MarketWaitPage,10
1718906381.5,1.715159,-0.7836129861784563,-0.8060282778150346,0.02241529165424882,MarketWaitPage,10
1718906381.75,1.710033,-0.7890764083729633,-0.8102627425376814,0.02118633418218414,MarketWaitPage,10
1718906382.0,1.710033,-0.7890764083729633,-0.8142241151282704,0.02514770677256742,MarketWaitPage,10
1718906382.25,1.704907,-0.79453983056747,-0.8178420629521148,0.02330223240170087,MarketWaitPage,10
1718906382.5,1.692093,-0.808197320228104,-0.8210459366574119,0.012848616446163369,MarketWaitPage,10
1718906382.75,1.686968,-0.8136596765969778,-0.8237663499377436,0.010106673357426129,MarketWaitPage,10
1718906383.0,1.681842,-0.8191230987914846,-0.8259368189566345,0.006813720181622629,MarketWaitPage,10
1718906383.25,1.676716,-0.8245865209859913,-0.8274954215836553,0.0029089006139596434,MarketWaitPage,10
1718906383.5,1.672872,-0.8286835547190551,-0.8283864340858402,-0.00029712061708223655,MarketWaitPage,10
1718906383.75,1.665184,-0.8368776221851822,-0.828561901527756,-0.008315720641439905,MarketWaitPage,10
1718906384.0,1.666465,-0.8355122995493719,-0.8279830979594647,-0.007529201574047826,MarketWaitPage,10
1718906384.25,1.666465,-0.8355122995493719,-0.8266218335760362,-0.008890465957580506,RoundResultsPage,10
1718906384.5,1.663902,-0.8382440106466255,-0.824461568439898,-0.013782442191050678,RoundResultsPage,10
1718906384.75,1.660058,-0.842341044379689,-0.8214982960567861,-0.02084274830727584,RoundResultsPage,10
1718906385.0,1.66134,-0.8409746559182458,-0.8177411650428188,-0.023233490859818677,RoundResultsPage,10
1718906385.25,1.657495,-0.8450727554769425,-0.813212813239549,-0.031859942221771506,RoundResultsPage,10
1718906385.5,1.656214,-0.8464380781127525,-0.8079493958200662,-0.03848868227701846,RoundResultsPage,10
1718906385.75,1.657495,-0.8450727554769425,-0.8020002970396756,-0.043072458421522145,RoundResultsPage,10
1718906386.0,1.656214,-0.8464380781127525,-0.7954275241320193,-0.05101055396488202,RoundResultsPage,10
1718906386.25,1.658777,-0.8437063670154993,-0.7883047911970267,-0.055401575802487245,RoundResultsPage,10
1718906386.5,1.677998,-0.8232201325245482,-0.7807163104765888,-0.04250382203181413,RoundResultsPage,10
1718906386.75,1.685686,-0.815026065058421,-0.772755317817374,-0.042270747224718117,RoundResultsPage,10
1718906387.0,1.6985,-0.8013685753977872,-0.7645223679787719,-0.03684620740248174,RoundResultsPage,10
1718906387.25,1.739505,-0.7576643953186315,-0.7561234433271511,-0.001540951974725844,RoundResultsPage,10
1718906387.5,1.80742,-0.6852788474567649,-0.7476679259321657,0.0623890784923873,RoundResultsPage,10
1718906387.75,1.815109,-0.6770837141650047,-0.7392664877501356,0.06218277360235391,RoundResultsPage,10
1718906388.0,1.794606,-0.6989363371173991,-0.7310289561385793,0.03209261903863697,RoundResultsPage,10
1718906388.25,1.78948,-0.7043997593119058,-0.7230622122488553,0.01866245295463103,RoundResultsPage,10
1718906388.5,1.797169,-0.6962046260201455,-0.7154681779498088,0.019263551947554865,RoundResultsPage,10
1718906388.75,1.81639,-0.6757183915291947,-0.7083419430865397,0.03262355157542761,RoundResultsPage,10
1718906389.0,1.833048,-0.657963868135497,-0.7017700794093105,0.043806211292065675,RoundResultsPage,10
1718906389.25,1.835611,-0.6552321570382434,-0.695829180749407,0.04059702372956413,RoundResultsPage,10
1718906389.5,1.838174,-0.6525004459409902,-0.6905846612635095,0.03808421534104802,RoundResultsPage,10
1718906389.75,1.83433,-0.6565974796740538,-0.6860898350928762,0.029492355437460385,RoundResultsPage,10
1718906390.0,1.830485,-0.6606955792327505,-0.6823852918868525,0.021689712672831367,RoundResultsPage,10
1718906390.25,1.818953,-0.6729866804319412,-0.679498573650716,0.006511893237577698,RoundResultsPage,10
1718906390.5,1.822797,-0.6688896466988776,-0.6774441496331532,0.008554502953134029,RoundResultsPage,10
1718906390.75,1.821516,-0.6702549693346879,-0.6762236777808657,0.005968708465073474,RoundResultsPage,10
1718906391.0,1.811264,-0.6811818137237013,-0.6758265339157977,-0.0053552797889884676,RoundResultsPage,10
1718906391.25,1.809983,-0.6825471363595117,-0.6762305834268899,-0.00631655291370363,RoundResultsPage,10
1718906391.5,1.811264,-0.6811818137237013,-0.6774031650416746,-0.003778648663120523,RoundResultsPage,10
1718906391.75,1.801013,-0.6921075922870821,-0.6793022522277392,-0.012805340040461279,RoundResultsPage,10
1718906392.0,1.795887,-0.6975710144815888,-0.6818777549992306,-0.0156932594635112,RoundResultsPage,10
1718906392.25,1.792043,-0.7016680482146523,-0.6850729233594794,-0.016595124836368713,RoundResultsPage,10
1718906392.5,1.786918,-0.7071304045835263,-0.6888258132542016,-0.018304591310569766,RoundResultsPage,10
1718906392.75,1.784355,-0.7098621156807797,-0.6930707766669293,-0.01679133899514943,RoundResultsPage,10
1718906393.0,1.780511,-0.7139591494138433,-0.6977399392567958,-0.016219210138403328,RoundResultsPage,10
1718906393.25,1.775385,-0.71942257160835,-0.7027646315905077,-0.01665793999925639,RoundResultsPage,10
1718906393.5,1.774103,-0.7207889600697932,-0.7080767434092329,-0.012712216642033133,RoundResultsPage,10
1718906393.75,1.765134,-0.7303483501717306,-0.7136099743425122,-0.016738375810750012,RoundResultsPage,10
1718906394.0,1.762571,-0.733080061268984,-0.7193009588796218,-0.01377910237095235,RoundResultsPage,10
1718906394.25,1.753601,-0.7426405171965544,-0.7250902480821851,-0.017550269096018225,RoundResultsPage,10
1718906394.5,1.752319,-0.7440069056579977,-0.7309231353233908,-0.0130837703163151,RoundResultsPage,10
1718906394.75,1.753601,-0.7426405171965544,-0.7367503181257843,-0.005890199052538729,RoundResultsPage,10
1718906395.0,1.752319,-0.7440069056579977,-0.7425283928004136,-0.0014785128394152348,RoundResultsPage,10
1718906395.25,1.747194,-0.7494692620268715,-0.7482201829285563,-0.00124907908021212,RiskPage1,10
1718906395.5,1.747194,-0.7494692620268715,-0.7537949066492818,0.004325644640443648,RiskPage1,10
1718906395.75,1.744631,-0.7522009731241248,-0.7592281911218385,0.007027218015670757,RiskPage1,10
1718906396.0,1.74335,-0.7535662957599351,-0.764501945354538,0.010935649612474025,RiskPage1,10
1718906396.25,1.740787,-0.7562980068571883,-0.7696041048002032,0.013306097960786788,RiskPage1,10
1718906396.5,1.738224,-0.7590297179544419,-0.7745282627149048,0.015498544778118723,RiskPage1,10
1718906396.75,1.727973,-0.7699554965178225,-0.7792732042961749,0.00931770779587204,RiskPage1,10
1718906397.0,1.712596,-0.7863446972757098,-0.7838423601236356,-0.002502337134713057,RiskPage1,10
1718906397.25,1.697219,-0.8027338980335972,-0.7882431955075078,-0.014490702508910894,RiskPage1,10
1718906397.5,1.711314,-0.787711085737153,-0.7924865521071816,0.004775466386999643,RiskPage1,10
1718906397.75,1.711314,-0.787711085737153,-0.7965859576989193,0.008874871978505772,RiskPage1,10
1718906398.0,1.710033,-0.7890764083729633,-0.8005569193018486,0.011480510945370812,RiskPage1,10
1718906398.25,1.703626,-0.7959051532032801,-0.8044162140325078,0.008511060845438866,RiskPage1,10
1718906398.5,1.6985,-0.8013685753977872,-0.8081811910545048,0.006812615672638451,RiskPage1,10
1718906398.75,1.690812,-0.8095626428639142,-0.8118690968408868,0.0023064539925938543,RiskPage1,10
1718906399.0,1.686968,-0.8136596765969778,-0.815496434720535,0.0018367581388779933,RiskPage1,10
1718906399.25,1.675435,-0.8259518436218016,-0.8190783684035983,-0.006873475203175286,RiskPage1,10
1718906399.5,1.672872,-0.8286835547190551,-0.8226281779421741,-0.00605537676212901,RiskPage1,10
1718906399.75,1.670309,-0.8314152658163083,-0.8261567754325729,-0.005258490369233532,RiskPage1,10
1718906400.0,1.670309,-0.8314152658163083,-0.8296722867308033,-0.0017429790712193438,RiskPage1,10
1718906400.25,1.662621,-0.8396093332824357,-0.8331797045319355,-0.006429628736389224,RiskPage1,10
1718906400.5,1.663902,-0.8382440106466255,-0.83668061733201,-0.001563393300630776,RiskPage1,10
1718906400.75,1.658777,-0.8437063670154993,-0.840173018009941,-0.0035333489916458917,RiskPage1,10
1718906401.0,1.658777,-0.8437063670154993,-0.8436511949949268,-5.517200667256358e-05,RiskPage1,10
1718906401.25,1.656214,-0.8464380781127525,-0.8471057081834257,0.0006676300846251626,RiskPage2,10
1718906401.5,1.653651,-0.8491697892100061,-0.8505234509050122,0.001353661709077511,RiskPage2,10
1718906401.75,1.649807,-0.8532668229430697,-0.8538877982814028,0.0006209753525920269,RiskPage2,10
1718906402.0,1.648525,-0.8546332114045128,-0.8571788412594963,0.002545629869497048,RiskPage2,10
1718906402.25,1.645963,-0.8573638566761332,-0.860373704419233,0.003009847757932286,RiskPage2,10
1718906402.5,1.6434,-0.8600955677733867,-0.8634469443613836,0.0033513766032079164,RiskPage2,10
1718906402.75,1.644681,-0.8587302451375763,-0.8663710240772922,0.0076407789553577105,RiskPage2,10
1718906403.0,1.640837,-0.8628272788706399,-0.8691168572068029,0.006289578352279475,RiskPage2,10
1718906403.25,1.640837,-0.8628272788706399,-0.871654414524069,0.008827135670054642,RiskPage2,10
1718906403.5,1.638274,-0.8655589899678934,-0.8739533833850005,0.008394393434266295,RiskPage2,10
1718906403.75,1.635711,-0.8682907010651469,-0.8759838692673403,0.007693168219901303,RiskPage2,10
1718906404.0,1.633149,-0.8710213463367673,-0.877717126989063,0.00669578067055882,RiskPage2,10
1718906404.25,1.629304,-0.8751194458954638,-0.879126307767057,0.004006861890409325,RiskPage2,10
1718906404.5,1.624179,-0.8805818022643376,-0.8801872070458312,-0.00039459519914869035,RiskPage2,10
1718906404.75,1.622897,-0.8819481907257808,-0.8808789970554813,-0.0010691936504212255,RiskPage2,10
1718906405.0,1.617772,-0.8874105470946547,-0.881184927412937,-0.006225619661349439,RiskPage2,10
1718906405.25,1.620335,-0.8846788359974012,-0.8810929768103528,-0.0035858591662289723,RiskPage2,10
1718906405.5,1.622897,-0.8819481907257808,-0.8805964389693508,-0.0013517517352067418,RiskPage2,10
1718906405.75,1.62546,-0.8792164796285276,-0.8796944265872819,0.0004779469803276367,RiskPage2,10
1718906406.0,1.629304,-0.8751194458954638,-0.8783922779501562,0.00327283207655644,RiskPage2,10
1718906406.25,1.630586,-0.8737530574340205,-0.8767018522140871,0.002948794802158994,RiskPage3,10
1718906406.5,1.631867,-0.8723877347982105,-0.8746417010415307,0.002253966265575969,RiskPage3,10
1718906406.75,1.628023,-0.876484768531274,-0.8722371063089083,-0.004247662200013059,RiskPage3,10
1718906407.0,1.631867,-0.8723877347982105,-0.8695199759803389,-0.0028677587954895395,RiskPage3,10
1718906407.25,1.630586,-0.8737530574340205,-0.8665285929791045,-0.007224464432571225,RiskPage3,10
1718906407.5,1.61649,-0.8887769355560978,-0.8633072149943609,-0.02546972053949396,RiskPage3,10
1718906407.75,1.619053,-0.8860452244588444,-0.8599055266331452,-0.026139697803618793,RiskPage3,10
1718906408.0,1.624179,-0.8805818022643376,-0.8563779491396113,-0.024203853102864426,RiskPage3,10
1718906408.25,1.628023,-0.876484768531274,-0.8527828169890861,-0.023701951520594716,RiskPage3,10
1718906408.5,1.633149,-0.8710213463367673,-0.8491814349087973,-0.021839911406689186,RiskPage3,10
1718906408.75,1.628023,-0.876484768531274,-0.845637033114482,-0.03084773539586044,RiskPage3,10
1718906409.0,1.629304,-0.8751194458954638,-0.8422136425799254,-0.032905803294985075,RiskPage3,10
1718906409.25,1.658777,-0.8437063670154993,-0.838974915753061,-0.004731451242283212,RiskPage3,10
1718906409.5,1.674154,-0.827317166257612,-0.8359829210676506,0.008665754829784586,RiskPage3,10
1718906409.75,1.680561,-0.8204884214272948,-0.8332969416425037,0.012808520234543956,RiskPage3,10
1718906410.0,1.702345,-0.7972704758390905,-0.8309723094964098,0.03370183367625076,RiskPage3,10
1718906410.25,1.712596,-0.7863446972757098,-0.8290593062748429,0.04271460901767637,RiskPage3,10
1718906410.5,1.712596,-0.7863446972757098,-0.8276021598138109,0.04125746255627927,RiskPage3,10
1718906410.75,1.715159,-0.7836129861784563,-0.8266381629000108,0.04302517673939764,RiskPage3,10
1718906411.0,1.712596,-0.7863446972757098,-0.8261969364815194,0.039852239223354374,RiskPage3,10
1718906411.25,1.697219,-0.8027338980335972,-0.8262998545942104,0.023565956577901254,RiskPage4,10
1718906411.5,1.693375,-0.8068309317666608,-0.8269596427201851,0.02012871097060089,RiskPage4,10
1718906411.75,1.674154,-0.827317166257612,-0.8281801555426448,0.000862989301945366,RiskPage4,10
1718906412.0,1.670309,-0.8314152658163083,-0.8299563344568723,-0.0014589313426397535,RiskPage4,10
1718906412.25,1.660058,-0.842341044379689,-0.832274340046359,-0.010066704316604731,RiskPage4,10
1718906412.5,1.656214,-0.8464380781127525,-0.8351118502731262,-0.01132622782293085,RiskPage4,10
1718906412.75,1.651088,-0.8519015003072595,-0.8384385115134754,-0.013462988777083514,RiskPage4,10
1718906413.0,1.6434,-0.8600955677733867,-0.8422165268618568,-0.017879040894797447,RiskPage4,10
1718906413.25,1.640837,-0.8628272788706399,-0.8464013643213325,-0.016425914532524358,RiskPage4,10
1718906413.5,1.636993,-0.8669243126037037,-0.850942566539622,-0.015981746047236695,RiskPage4,10
1718906413.75,1.630586,-0.8737530574340205,-0.855784643536776,-0.017968413880333604,RiskPage4,10
1718906414.0,1.629304,-0.8751194458954638,-0.8608680302796367,-0.014251415598853772,RiskPage4,10
1718906414.25,1.629304,-0.8751194458954638,-0.8661300918482338,-0.008989354030204948,RiskPage4,10
1718906414.5,1.62546,-0.8792164796285276,-0.8715061601608642,-0.007710319450603242,RiskPage4,10
1718906414.75,1.626742,-0.8778500911670843,-0.8769305876290514,-0.0009195035209579074,RiskPage4,10
1718906415.0,1.619053,-0.8860452244588444,-0.8823378045619572,-0.0037074198798174238,RiskPage4,10
1718906415.25,1.617772,-0.8874105470946547,-0.8876633685126516,0.0002528214350430262,RiskPage4,10
1718906415.5,1.617772,-0.8874105470946547,-0.8928449949629027,0.0054344478852567865,RiskPage4,10
1718906415.75,1.612646,-0.8928739692891614,-0.8978235597141743,0.004949590441978241,RiskPage4,10
1718906416.0,1.606239,-0.8997027141194784,-0.9025440640518472,0.0028413499492935344,RiskPage4,10
1718906416.25,1.604958,-0.9010680367552886,-0.9069565541622221,0.005888517423828862,RiskPage4,10
1718906416.5,1.601113,-0.9051661363139852,-0.9110169864135578,0.005850850116458139,RiskPage4,10
1718906416.75,1.599832,-0.9065314589497956,-0.914688029986622,0.008156571053729857,RiskPage4,10
1718906417.0,1.597269,-0.9092631700470488,-0.9179397979924369,0.008676627962344705,RiskPage4,10
1718906417.25,1.601113,-0.9051661363139852,-0.9207504976887733,0.015584361391839803,PreMarketWait,11
1718906417.5,1.590862,-0.9160919148773659,-0.9231069897542415,0.007015074894068702,PreMarketWait,11
1718906417.75,1.590862,-0.9160919148773659,-0.9250052458621325,0.008913331002148606,PreMarketWait,11
1718906418.0,1.592144,-0.9147255264159226,-0.9264506930909727,0.011725166692668397,PreMarketWait,11
1718906418.25,1.590862,-0.9160919148773659,-0.9274584331020987,0.01136651824263422,PreMarketWait,11
1718906418.5,1.587018,-0.9201889486104294,-0.9280533235998156,0.007864375007613295,PreMarketWait,11
1718906418.75,1.583174,-0.924285982343493,-0.928269909461577,0.003983927136673695,PreMarketWait,11
1718906419.0,1.579329,-0.9283840819021897,-0.9281521911778989,-0.0002318907053090128,PreMarketWait,11
1718906419.25,1.579329,-0.9283840819021897,-0.927753218965305,-0.0006308629174895369,PreMarketWait,11
1718906419.5,1.576767,-0.93111472717381,-0.9271345021924,-0.003980224961588121,PreMarketWait,11
1718906419.75,1.574204,-0.9338464382710635,-0.9263652256529781,-0.0074812125978306245,PreMarketWait,11
1718906420.0,1.574204,-0.9338464382710635,-0.925521266769688,-0.008325171480688542,PreMarketWait,11
1718906420.25,1.571641,-0.9365781493683167,-0.9246840110292186,-0.011894138317986327,PreMarketWait,11
1718906420.5,1.566515,-0.9420415715628235,-0.9239389668215923,-0.01810260471970817,PreMarketWait,11
1718906420.75,1.566515,-0.9420415715628235,-0.9233741853436875,-0.018667386197222535,PreMarketWait,11
1718906421.0,1.567797,-0.9406751831013803,-0.9230784962671491,-0.017596686811955062,PreMarketWait,11
1718906421.25,1.562671,-0.9461386052958873,-0.9231395753732984,-0.022999029899983554,PreMarketWait,11
1718906421.5,1.560108,-0.9488703163931406,-0.9236418662047505,-0.02522845016549478,PreMarketWait,11
1718906421.75,1.562671,-0.9461386052958873,-0.9246643838313485,-0.021474221441399113,PreMarketWait,11
1718906422.0,1.558827,-0.9502356390289509,-0.9262784349106873,-0.02395720409492933,PreMarketWait,11
1718906422.25,1.557545,-0.9516020274903941,-0.9285452941563905,-0.02305673331052938,PreMarketWait,11
1718906422.5,1.557545,-0.9516020274903941,-0.9315138829109774,-0.020088144555860242,PreMarketWait,11
1718906422.75,1.549857,-0.9597960949565212,-0.9352185005451312,-0.024577594387810178,PreMarketWait,11
1718906423.0,1.557545,-0.9516020274903941,-0.9396766636578706,-0.011925363808978911,PreMarketWait,11
1718906423.25,1.551138,-0.9584307723207112,-0.9448871113201727,-0.013543660977084883,PreMarketWait,11
1718906423.5,1.553701,-0.9556990612234576,-0.9508280366815332,-0.004871024518615087,PreMarketWait,11
1718906423.75,1.554983,-0.9543326727620145,-0.9574556059508821,0.003122933211982322,PreMarketWait,11
1718906424.0,1.551138,-0.9584307723207112,-0.9647028248987298,0.006272052600890635,PreMarketWait,11
1718906424.25,1.548576,-0.9611614175923315,-0.9724788104688361,0.011317392899089531,PreMarketWait,11
1718906424.5,1.551138,-0.9584307723207112,-0.9806685207415703,0.022237748443117898,PreMarketWait,11
1718906424.75,1.539606,-0.9707218735199018,-0.989132990314845,0.018411116816842963,PreMarketWait,11
1718906425.0,1.53448,-0.9761852957144086,-0.9977101101731765,0.021524814480282258,PreMarketWait,11
1718906425.25,1.538324,-0.972088261981345,-1.0062159813650455,0.03412771940480993,PreMarketWait,11
1718906425.5,1.53448,-0.9761852957144086,-1.0144468604164254,0.03826156472270712,PreMarketWait,11
1718906425.75,1.531917,-0.978917006811662,-1.0221817015310815,0.04326469473968184,PreMarketWait,11
1718906426.0,1.52551,-0.9857457516419791,-1.0291852864647242,0.04343953484257617,PreMarketWait,11
1718906426.25,1.531917,-0.978917006811662,-1.0352119177539676,0.0562949109617078,MarketGridChoice,11
1718906426.5,1.526792,-0.984379363180536,-1.0400096350263501,0.055630271864795855,MarketGridChoice,11
1718906426.75,1.526792,-0.984379363180536,-1.043324897759934,0.05894553459797175,MarketGridChoice,11
1718906427.0,1.529354,-0.9816487179089153,-1.044907661494442,0.06325894360370699,MarketGridChoice,11
1718906427.25,1.528073,-0.9830140405447256,-1.0445167585602895,0.061502718033366564,MarketGridChoice,11
1718906427.5,1.524229,-0.9871110742777892,-1.0419254793691084,0.054814405108759984,MarketGridChoice,11
1718906427.75,1.524229,-0.9871110742777892,-1.036927236716831,0.04981616245613476,MarketGridChoice,11
1718906428.0,1.517822,-0.9939398191081062,-1.0293411839295008,0.03540136483815317,MarketGridChoice,11
1718906428.25,1.521666,-0.9898427853750427,-1.0190176485808367,0.029174863222231475,MarketGridChoice,11
1718906428.5,1.517822,-0.9939398191081062,-1.0058432374611683,0.011903418369193045,MarketGridChoice,11
1718906428.75,1.51654,-0.9953062075695495,-0.9897454659694709,-0.005560741584234698,MarketGridChoice,11
1718906429.0,1.520385,-0.9912081080108528,-0.9706967665562278,-0.020511341439042874,MarketGridChoice,11
1718906429.25,1.526792,-0.984379363180536,-0.9487177365973657,-0.03566162656781741,MarketGridChoice,11
1718906429.5,1.535761,-0.9748199730785985,-0.9238794963510818,-0.050940476712352814,MarketGridChoice,11
1718906429.75,1.540887,-0.9693565508840918,-0.8963050425349306,-0.07305150833413948,MarketGridChoice,11
1718906430.0,1.55242,-0.957064383859268,-0.8661695025148634,-0.09089488132947386,MarketGridChoice,11
1718906430.25,1.557545,-0.9516020274903941,-0.833699217928608,-0.11790280954689293,MarketGridChoice,11
1718906430.5,1.56139,-0.9475039279316975,-0.7991696144265662,-0.14833431349022116,MarketGridChoice,11
1718906430.75,1.588299,-0.9188236259746193,-0.7629018455930152,-0.15592178036662344,MarketGridChoice,11
1718906431.0,1.593425,-0.9133602037801124,-0.725258233315839,-0.18810197044917143,MarketGridChoice,11
1718906431.25,1.645963,-0.8573638566761332,-0.686636563012641,-0.17072729364822375,MarketGridChoice,11
1718906431.5,1.756164,-0.739908806099301,-0.647463329097616,-0.09244547698621206,MarketGridChoice,11
1718906431.75,1.785636,-0.7084967930449694,-0.6081860626023915,-0.10031073042687132,MarketGridChoice,11
1718906432.0,1.783073,-0.7112285041422229,-0.5692649075343151,-0.14196359659194813,MarketGridChoice,11
1718906432.25,1.797169,-0.6962046260201455,-0.531163643933494,-0.16504098207043005,MarketGridChoice,11
1718906432.5,1.824078,-0.6675243240630673,-0.4943403823183165,-0.1731839417282702,MarketGridChoice,11
1718906432.75,1.908651,-0.577384252807503,-0.4592381750326712,-0.11814607775810526,MarketGridChoice,11
1718906433.0,2.061139,-0.41485863369007253,-0.42627580370560003,0.011417170032477629,MarketGridChoice,11
1718906433.25,2.304606,-0.1553652643123931,-0.39583900734704897,0.24047374305179947,MarketGridChoice,11
1718906433.5,2.312295,-0.14717013102063287,-0.3682724112836169,0.22110228028028509,MarketGridChoice,11
1718906433.75,2.471189,0.02218316710148164,-0.343872402173887,0.36605556929278577,MarketGridChoice,11
1718906434.0,2.592711,0.15170442966895217,-0.3228811682956271,0.47458559798206656,MarketGridChoice,11
1718906434.25,2.568365,0.12575583880912736,-0.30548208759552553,0.4312379264221605,MarketGridChoice,11
1718906434.5,2.490199,0.042444512383880195,-0.2917966000547101,0.33424111245606414,MarketGridChoice,11
1718906434.75,2.395375,-0.05862133743506466,-0.28188264809461583,0.22326131067693278,MarketGridChoice,11
1718906435.0,2.310802,-0.14876140869062912,-0.2757347120865585,0.12697330341315627,MarketGridChoice,11
1718906435.25,2.244168,-0.21978163391668512,-0.2732854109612189,0.053503777061540414,MarketGridChoice,11
1718906435.5,2.178817,-0.2894344048556655,-0.27440858379470584,-0.015025821044240134,MarketGridChoice,11
1718906435.75,2.107058,-0.3659169864505959,-0.27892371994730747,-0.0869932664869219,MarketGridChoice,11
1718906436.0,2.07246,-0.4027924216994342,-0.28660156499065376,-0.1161908566928301,MarketGridChoice,11
1718906436.25,2.035299,-0.44239956804552577,-0.2971706986255146,-0.14522886940453464,MarketGridChoice,11
1718906436.5,2.010952,-0.46834922473098367,-0.3103248596706011,-0.1580243650454292,MarketGridChoice,11
1718906436.75,2.003264,-0.47654329219711083,-0.3257307819563086,-0.1508125102264101,MarketGridChoice,11
1718906437.0,1.999419,-0.4806413917558075,-0.3430363030305747,-0.1376050887114262,MarketGridChoice,11
1718906437.25,2.000701,-0.47927500329436457,-0.3618785140361429,-0.117396489245008,MarketGridChoice,11
1718906437.5,1.987887,-0.4929324929549984,-0.3818917327624196,-0.1110407601799474,MarketGridChoice,11
1718906437.75,1.966103,-0.5161504385432029,-0.4027151014074091,-0.11343533712371501,MarketGridChoice,11
1718906438.0,1.958414,-0.5243455718349629,-0.42399963469358043,-0.10034593712980869,MarketGridChoice,11
1718906438.25,1.950726,-0.5325396393010903,-0.4454145714145145,-0.08712506787544277,MarketGridChoice,11
1718906438.5,1.943037,-0.5407347725928504,-0.466652912083056,-0.07408186049902418,MarketGridChoice,11
1718906438.75,1.932786,-0.5516605511562311,-0.4874360560283923,-0.06422449511734354,MarketGridChoice,11
1718906439.0,1.925098,-0.5598546186223582,-0.5075174820515794,-0.05233713656046511,MarketGridChoice,11
1718906439.25,1.919972,-0.565318040816865,-0.5266854466859269,-0.03863259412071092,MarketGridChoice,11
1718906439.5,1.930435,-0.5541663072192988,-0.544764702409286,-0.009401604799778154,MarketGridChoice,11
1718906439.75,1.926591,-0.5582633409523624,-0.5616172641182455,0.0033539231762158214,MarketGridChoice,11
1718906440.0,1.927872,-0.5568980183165522,-0.5771422752164762,0.020244256910439427,MarketGridChoice,11
1718906440.25,1.922747,-0.562360374685426,-0.5912750443400465,0.028914669665395208,MarketGridChoice,11
1718906440.5,1.91634,-0.569189119515743,-0.6039853397399152,0.03479622023527276,MarketGridChoice,11
1718906440.75,1.911214,-0.5746525417102498,-0.6152750405232453,0.040622498824476785,MarketGridChoice,11
1718906441.0,1.908651,-0.577384252807503,-0.6251752523289312,0.04779099953333299,MarketGridChoice,11
1718906441.25,1.899681,-0.5869447087350737,-0.6337429997150895,0.04679829099237562,MarketGridChoice,11
1718906441.5,1.893274,-0.5937734535653907,-0.6410576088036091,0.04728415525105377,MarketGridChoice,11
1718906441.75,1.884305,-0.6033328436673281,-0.6472168918707581,0.0438840482167521,MarketGridChoice,11
1718906442.0,1.879179,-0.6087962658618349,-0.6523332409599114,0.0435369751118873,MarketGridChoice,11
1718906442.25,1.872772,-0.6156250106921517,-0.6565297306257216,0.040904719947862656,MarketGridChoice,11
1718906442.5,1.866365,-0.6224537555224687,-0.659936321019554,0.03748256551184398,MarketGridChoice,11
1718906442.75,1.859958,-0.6292825003527858,-0.6626862421164754,0.033403741778890036,MarketGridChoice,11
1718906443.0,1.856114,-0.6333795340858493,-0.6649126283775426,0.031533094307303264,MarketGridChoice,11
1718906443.25,1.849707,-0.6402082789161664,-0.6667454609333892,0.026537182033203696,MarketGridChoice,11
1718906443.5,1.8433,-0.6470370237464835,-0.6683088618394776,0.021271838109301194,MarketGridChoice,11
1718906443.75,1.836892,-0.6538668344024334,-0.6697187724360613,0.01585193805021183,MarketGridChoice,11
1718906444.0,1.831767,-0.6593291907713072,-0.67108103566214,0.011751844907640953,MarketGridChoice,11
1718906444.25,1.822797,-0.6688896466988776,-0.672489890602718,0.003600243920819094,MarketGridChoice,11
1718906444.5,1.821516,-0.6702549693346879,-0.6740268768331296,0.003771907515538045,MarketGridChoice,11
1718906444.75,1.812546,-0.6798154252622582,-0.6757601364597363,-0.004055288785357654,MarketGridChoice,11
1718906445.0,1.806139,-0.6866441700925753,-0.6777440932929661,-0.008900076782422765,MarketGridChoice,11
1718906445.25,1.803576,-0.6893758811898285,-0.6800194814295855,-0.009356399743074898,MarketGridChoice,11
1718906445.5,1.799732,-0.6934729149228921,-0.682613689724024,-0.010859225181752072,MarketGridChoice,11
1718906445.75,1.792043,-0.7016680482146523,-0.6855413842081054,-0.01612666398950966,MarketGridChoice,11
1718906446.0,1.788199,-0.7057650819477159,-0.6888053674496423,-0.01695971448113591,MarketGridChoice,11
1718906446.25,1.786918,-0.7071304045835263,-0.6923976320635405,-0.014732772503163363,MarketGridChoice,11
1718906446.5,1.781792,-0.712593826778033,-0.6963005650164589,-0.016293261744878468,MarketGridChoice,11
1718906446.75,1.780511,-0.7139591494138433,-0.7004882598867173,-0.013470889510565007,MarketGridChoice,11
1718906447.0,1.783073,-0.7112285041422229,-0.704927895726416,-0.006300608399384913,MarketGridChoice,11
1718906447.25,1.774103,-0.7207889600697932,-0.7095811434839862,-0.011207816569524937,ForecastPage,11
1718906447.5,1.766415,-0.7289830275359204,-0.7144055639436148,-0.014577463576160389,ForecastPage,11
1718906447.75,1.761289,-0.734446449730427,-0.7193559646925447,-0.015090485021867592,ForecastPage,11
1718906448.0,1.758727,-0.7371770950020478,-0.7243856876195512,-0.012791407366602475,ForecastPage,11
1718906448.25,1.757445,-0.7385434834634909,-0.7294478027672809,-0.0090956806804241,ForecastPage,11
1718906448.5,1.754882,-0.7412751945607441,-0.7344961888963035,-0.006779005648747408,ForecastPage,11
1718906448.75,1.748475,-0.7481039393910612,-0.7394864857533839,-0.00861745362205904,ForecastPage,11
1718906449.0,1.744631,-0.7522009731241248,-0.7443769076537403,-0.00782406545482298,ForecastPage,11
1718906449.25,1.74335,-0.7535662957599351,-0.7491289124782817,-0.004437383266130921,ForecastPage,11
1718906449.5,1.742068,-0.7549326842213783,-0.7537077244570267,-0.0012249597488521481,ForecastPage,11
1718906449.75,1.735661,-0.7617614290516953,-0.7580827130774594,-0.003678715958745404,ForecastPage,11
1718906450.0,1.729254,-0.7685901738820121,-0.7622276340512767,-0.00636253981524275,ForecastPage,11
1718906450.25,1.730536,-0.7672237854205689,-0.7661207414359489,-0.0011030439691167848,ForecastPage,11
1718906450.5,1.730536,-0.7672237854205689,-0.7697447826913859,0.0025209972863378645,ForecastPage,11
1718906450.75,1.727973,-0.7699554965178225,-0.7730868906184479,0.003131394116170836,ForecastPage,11
1718906451.0,1.729254,-0.7685901738820121,-0.7761383877433734,0.0075482138769391895,ForecastPage,11
1718906451.25,1.727973,-0.7699554965178225,-0.778894519757495,0.008939023255294571,ForecastPage,11
1718906451.5,1.729254,-0.7685901738820121,-0.7813541350874446,0.012763961221114702,ForecastPage,11
1718906451.75,1.721566,-0.7767842413481395,-0.7835193275716051,0.006735086239228097,ForecastPage,11
1718906452.0,1.720284,-0.7781506298095827,-0.7853950585918673,0.007244428798150949,ForecastPage,11
1718906452.25,1.715159,-0.7836129861784563,-0.7869887739153436,0.0033757877528841143,ForecastPage,11
1718906452.5,1.719003,-0.7795159524453927,-0.788310029013044,0.00879407658380637,ForecastPage,11
1718906452.75,1.71644,-0.7822476635426463,-0.7893701348208807,0.007122471294573697,ForecastPage,11
1718906453.0,1.715159,-0.7836129861784563,-0.790181833867747,0.00656884770583677,ForecastPage,11
1718906453.25,1.713877,-0.7849793746398995,-0.790759014483329,0.0057796398602000445,ForecastPage,11
1718906453.5,1.715159,-0.7836129861784563,-0.7911164684777954,0.007503482316347298,ForecastPage,11
1718906453.75,1.717721,-0.780882340906836,-0.791269695319151,0.010387354429570554,ForecastPage,11
1718906454.0,1.711314,-0.787711085737153,-0.7912347534853741,0.003523667765730088,ForecastPage,11
1718906454.25,1.712596,-0.7863446972757098,-0.7910281574018502,0.004683460143907056,ForecastPage,11
1718906454.5,1.712596,-0.7863446972757098,-0.7906668162553355,0.004322118997652894,ForecastPage,11
1718906454.75,1.713877,-0.7849793746398995,-0.7901680090690716,0.0051886344474605835,ForecastPage,11
1718906455.0,1.711314,-0.787711085737153,-0.7895493887918463,0.001838303073241677,ForecastPage,11
1718906455.25,1.713877,-0.7849793746398995,-0.7888290068520152,0.0038496322309199476,ForecastPage,11
1718906455.5,1.711314,-0.787711085737153,-0.7880253487033374,0.000314262985237836,ForecastPage,11
1718906455.75,1.708752,-0.7904417310087734,-0.7871573703842317,-0.0032843606052491035,ForecastPage,11
1718906456.0,1.711314,-0.787711085737153,-0.7862445260610307,-0.00146655965660365,ForecastPage,11
1718906456.25,1.701063,-0.7986368643005336,-0.7853067769563624,-0.013330087324441138,ForecastPage,11
1718906456.5,1.6985,-0.8013685753977872,-0.7843645729912044,-0.017004002386659077,ForecastPage,11
1718906456.75,1.695938,-0.8040992206694075,-0.7834387998910107,-0.020660420758300765,ForecastPage,11
1718906457.0,1.692093,-0.808197320228104,-0.7825506863946754,-0.025646633813183654,ForecastPage,11
1718906457.25,1.688249,-0.8122943539611676,-0.7817216684972051,-0.030572685443593588,ForecastPage,11
1718906457.5,1.693375,-0.8068309317666608,-0.780973210247611,-0.02585772149858178,ForecastPage,11
1718906457.75,1.706189,-0.7931734421060269,-0.7803265833625915,-0.012846858722891638,ForecastPage,11
1718906458.0,1.717721,-0.780882340906836,-0.7798026106142222,-0.001079730272015078,ForecastPage,11
1718906458.25,1.726691,-0.7713218849792656,-0.7794213803912649,0.008099495432635936,ForecastPage,11
1718906458.5,1.735661,-0.7617614290516953,-0.7792019418056153,0.01744051277458256,ForecastPage,11
1718906458.75,1.744631,-0.7522009731241248,-0.7791619910410506,0.02696101793760773,ForecastPage,11
1718906459.0,1.74335,-0.7535662957599351,-0.7793175602124364,0.025751264473201124,ForecastPage,11
1718906459.25,1.74335,-0.7535662957599351,-0.7796827197977105,0.02611642405849578,ForecastPage,11
1718906459.5,1.73438,-0.7631267516875054,-0.7802693047871118,0.017142553120352937,ForecastPage,11
1718906459.75,1.72541,-0.7726872076150757,-0.7810866732029083,0.008399465608613686,ForecastPage,11
1718906460.0,1.721566,-0.7767842413481395,-0.7821415037663615,0.005357262439048063,ForecastPage,11
1718906460.25,1.71644,-0.7822476635426463,-0.7834376374324984,0.001189973910734353,ForecastPage,11
1718906460.5,1.715159,-0.7836129861784563,-0.7849759654684708,0.0013629793109630837,ForecastPage,11
1718906460.75,1.708752,-0.7904417310087734,-0.7867543648706595,-0.003687366117090772,ForecastPage,11
1718906461.0,1.703626,-0.7959051532032801,-0.7887676803048216,-0.007137472877356551,ForecastPage,11
1718906461.25,1.702345,-0.7972704758390905,-0.7910077504744695,-0.006262725343439164,ForecastPage,11
1718906461.5,1.699782,-0.800002186936344,-0.7934634759021709,-0.006538711012914606,ForecastPage,11
1718906461.75,1.694656,-0.8054656091308506,-0.796120924544954,-0.009344684564569295,ForecastPage,11
1718906462.0,1.693375,-0.8068309317666608,-0.7989634714329379,-0.007867460312336781,ForecastPage,11
1718906462.25,1.695938,-0.8040992206694075,-0.8019719685750613,-0.0021272520729129964,ForecastPage,11
1718906462.5,1.686968,-0.8136596765969778,-0.8051249416597239,-0.008534734915785696,ForecastPage,11
1718906462.75,1.686968,-0.8136596765969778,-0.8083988105269089,-0.005260866048578257,ForecastPage,11
1718906463.0,1.683123,-0.8177577761556745,-0.8117681309363944,-0.005989645197778009,ForecastPage,11
1718906463.25,1.684405,-0.8163913876942314,-0.8152058557414977,-0.001185531931229153,ForecastPage,11
1718906463.5,1.683123,-0.8177577761556745,-0.8186836141412684,0.0009258380070949375,ForecastPage,11
1718906463.75,1.677998,-0.8232201325245482,-0.8221720081723676,-0.001048124330686186,ForecastPage,11
1718906464.0,1.672872,-0.8286835547190551,-0.825640925967615,-0.0030426287299536218,ForecastPage,11
1718906464.25,1.669028,-0.8327805884521187,-0.8290598715145326,-0.0037207169161084797,ForecastPage,11
1718906464.5,1.670309,-0.8314152658163083,-0.8323983106694803,0.0009830448746387934,ForecastPage,11
1718906464.75,1.671591,-0.8300488773548652,-0.8356260330048008,0.005577155671388287,ForecastPage,11
1718906465.0,1.674154,-0.827317166257612,-0.8387135286739438,0.011396362437765917,ForecastPage,11
1718906465.25,1.666465,-0.8355122995493719,-0.841632378861083,0.0061200793331196175,ForecastPage,11
1718906465.5,1.665184,-0.8368776221851822,-0.8443556575352623,0.007478035371453488,ForecastPage,11
1718906465.75,1.662621,-0.8396093332824357,-0.8468583411724684,0.007249007911358784,ForecastPage,11
1718906466.0,1.66134,-0.8409746559182458,-0.8491177218838236,0.008143065986843114,ForecastPage,11
1718906466.25,1.658777,-0.8437063670154993,-0.8511138180541371,0.007407451059828317,ForecastPage,11
1718906466.5,1.658777,-0.8437063670154993,-0.8528297752206964,0.009123408226298663,ForecastPage,11
1718906466.75,1.65237,-0.8505351118458163,-0.8542522485778402,0.003717136753023917,ForecastPage,11
1718906467.0,1.657495,-0.8450727554769425,-0.8553717572492463,0.010299001793191225,ForecastPage,11
1718906467.25,1.653651,-0.8491697892100061,-0.8561829993980518,0.007013210208811799,ForecastPage,11
1718906467.5,1.651088,-0.8519015003072595,-0.8566851164156228,0.004783616129001934,ForecastPage,11
1718906467.75,1.648525,-0.8546332114045128,-0.856881893912465,0.002248682528459141,ForecastPage,11
1718906468.0,1.644681,-0.8587302451375763,-0.8567818870971505,-0.0019483580200529444,ForecastPage,11
1718906468.25,1.6434,-0.8600955677733867,-0.8563984584352097,-0.00369710931793923,ForecastPage,11
1718906468.5,1.640837,-0.8628272788706399,-0.8557497162844903,-0.0070775625660466175,ForecastPage,11
1718906468.75,1.639556,-0.8641926015064503,-0.854858344544573,-0.009334256941906423,ForecastPage,11
1718906469.0,1.640837,-0.8628272788706399,-0.8537513152504752,-0.009075963600320711,ForecastPage,11
1718906469.25,1.645963,-0.8573638566761332,-0.8524594784744635,-0.004904378181944569,ForecastPage,11
1718906469.5,1.644681,-0.8587302451375763,-0.8510170268392573,-0.0077132182787026694,ForecastPage,11
1718906469.75,1.645963,-0.8573638566761332,-0.8494608353366168,-0.007903021319998085,ForecastPage,11
1718906470.0,1.639556,-0.8641926015064503,-0.8478296809208871,-0.01636292056613195,ForecastPage,11
1718906470.25,1.635711,-0.8682907010651469,-0.8461633504366293,-0.022127350609164882,ForecastPage,11
1718906470.5,1.633149,-0.8710213463367673,-0.8445016497684961,-0.026519696548991417,ForecastPage,11
1718906470.75,1.63443,-0.869656023700957,-0.8428833315836954,-0.026772692098052706,ForecastPage,11
1718906471.0,1.620335,-0.8846788359974012,-0.8413449635605434,-0.043333872417721186,ForecastPage,11
1718906471.25,1.62546,-0.8792164796285276,-0.8399197634099919,-0.03929671619947554,ForecastPage,11
1718906471.5,1.639556,-0.8641926015064503,-0.8386364311044564,-0.02555617038301703,ForecastPage,11
1718906471.75,1.660058,-0.842341044379689,-0.837518012287436,-0.004823032073368247,ForecastPage,11
1718906472.0,1.670309,-0.8314152658163083,-0.8365808295674717,0.00516556376994582,ForecastPage,11
1718906472.25,1.672872,-0.8286835547190551,-0.8358335200058402,0.007149965305453839,ForecastPage,11
1718906472.5,1.683123,-0.8177577761556745,-0.8352762173221661,0.017518441185035344,ForecastPage,11
1718906472.75,1.694656,-0.8054656091308506,-0.8348999159721151,0.029434306859672847,ForecastPage,11
1718906473.0,1.710033,-0.7890764083729633,-0.8346860512010428,0.045609642846343834,ForecastPage,11
1718906473.25,1.71644,-0.7822476635426463,-0.8346063244508367,0.05235866092630534,ForecastPage,11
1718906473.5,1.712596,-0.7863446972757098,-0.8346227971904623,0.048278099932716034,ForecastPage,11
1718906473.75,1.708752,-0.7904417310087734,-0.8346882685413346,0.04424653755037432,ForecastPage,11
1718906474.0,1.706189,-0.7931734421060269,-0.8347469432558726,0.04157350116751125,ForecastPage,11
1718906474.25,1.701063,-0.7986368643005336,-0.8347353870404176,0.03609852275740713,ForecastPage,11
1718906474.5,1.693375,-0.8068309317666608,-0.8345837563012664,0.02775282455199322,ForecastPage,11
1718906474.75,1.688249,-0.8122943539611676,-0.8342172795573937,0.02192292561348645,ForecastPage,11
1718906475.0,1.681842,-0.8191230987914846,-0.833557958411044,0.01443485963670145,ForecastPage,11
1718906475.25,1.681842,-0.8191230987914846,-0.8325264474666144,0.013403348692163261,ForecastPage,11
1718906475.5,1.676716,-0.8245865209859913,-0.831044065259376,0.0064575442903185365,ForecastPage,11
1718906475.75,1.676716,-0.8245865209859913,-0.8290348823638627,0.004448361394712206,ForecastPage,11
1718906476.0,1.672872,-0.8286835547190551,-0.8264278286070578,-0.002255726095247052,ForecastPage,11
1718906476.25,1.669028,-0.8327805884521187,-0.8231587588725807,-0.009621829562880286,ForecastPage,11
1718906476.5,1.667747,-0.8341459110879288,-0.819172416461685,-0.014973494609686317,ForecastPage,11
1718906476.75,1.669028,-0.8327805884521187,-0.8144242344437194,-0.01835635399195366,ForecastPage,11
1718906477.0,1.662621,-0.8396093332824357,-0.8088819189052824,-0.030727414360834322,ForecastPage,11
1718906477.25,1.65237,-0.8505351118458163,-0.8025267634654253,-0.04800834836421423,MarketWaitPage,11
1718906477.5,1.648525,-0.8546332114045128,-0.7953546517801297,-0.059278559608362535,MarketWaitPage,11
1718906477.75,1.648525,-0.8546332114045128,-0.7873767138656623,-0.06725649752299681,MarketWaitPage,11
1718906478.0,1.635711,-0.8682907010651469,-0.7786196127028493,-0.08967108834661791,MarketWaitPage,11
1718906478.25,1.633149,-0.8710213463367673,-0.7691254494231182,-0.10189589689814675,MarketWaitPage,11
1718906478.5,1.66134,-0.8409746559182458,-0.7589512879921999,-0.08202336791071996,MarketWaitPage,11
1718906478.75,1.708752,-0.7904417310087734,-0.7481683131514143,-0.042273417842202635,MarketWaitPage,11
1718906479.0,1.765134,-0.7303483501717306,-0.7368606477939473,0.006512297637216419,MarketWaitPage,11
1718906479.25,1.799732,-0.6934729149228921,-0.7251238672208934,0.031650952312863447,MarketWaitPage,11
1718906479.5,1.827923,-0.6634262245043708,-0.7130632571334823,0.0496370326438612,MarketWaitPage,11
1718906479.75,1.856114,-0.6333795340858493,-0.7007918692030816,0.0674123351319005,MarketWaitPage,11
1718906480.0,1.881742,-0.6060645547645813,-0.6884284322845345,0.08236387753457686,MarketWaitPage,11
1718906480.25,1.879179,-0.6087962658618349,-0.6760951787455383,0.0672989128983241,MarketWaitPage,11
1718906480.5,1.868928,-0.6197220444252155,-0.6639156441793715,0.044193599768820604,MarketWaitPage,11
1718906480.75,1.859958,-0.6292825003527858,-0.6520124953573833,0.02272999501935634,MarketWaitPage,11
1718906481.0,1.862521,-0.6265507892555323,-0.6405054361954773,0.013954646954849631,MarketWaitPage,11
1718906481.25,1.857395,-0.6320142114500393,-0.6295092353289505,-0.002504976105988224,MarketWaitPage,11
1718906481.5,1.883023,-0.6046992321287713,-0.6191319121369128,0.014432680023485009,MarketWaitPage,11
1718906481.75,1.895837,-0.5910417424681371,-0.609473111143336,0.018431368690827815,MarketWaitPage,11
1718906482.0,1.903526,-0.582846609176377,-0.6006226879291332,0.017776078768707664,MarketWaitPage,11
1718906482.25,1.888149,-0.5992358099342643,-0.5926595231983214,-0.006576286719636629,MarketWaitPage,11
1718906482.5,1.854832,-0.6347459225472926,-0.5856505755761778,-0.0490953469544264,MarketWaitPage,11
1718906482.75,1.856114,-0.6333795340858493,-0.5796501781830047,-0.053729355885752,MarketWaitPage,11
1718906483.0,1.90737,-0.5787495754433134,-0.5746995791008893,-0.004049996324909943,MarketWaitPage,11
1718906483.25,1.92531,-0.5596286635881725,-0.5708267215364294,0.011198057966204447,MarketWaitPage,11
1718906483.5,1.945812,-0.5377771064614113,-0.5680462556715589,0.03026914922853525,MarketWaitPage,11
1718906483.75,1.939405,-0.5446058512917283,-0.5663597706905334,0.021753919417634545,MarketWaitPage,11
1718906484.0,1.950938,-0.5323136842669045,-0.5657562320774975,0.03344254782986036,MarketWaitPage,11
1718906484.25,1.949656,-0.5336800727283477,-0.5662126058958754,0.03253253318722271,MarketWaitPage,11
1718906484.5,1.931717,-0.5527999187578557,-0.5676946484253181,0.014894729687568544,MarketWaitPage,11
1718906484.75,1.91634,-0.569189119515743,-0.5701578363969912,0.0009687169017418185,MarketWaitPage,11
1718906485.0,1.902244,-0.5842129976378201,-0.5735484103525097,-0.010664587264459586,MarketWaitPage,11
1718906485.25,1.899681,-0.5869447087350737,-0.5778045015890652,-0.009140207124836942,RoundResultsPage,11
1718906485.5,1.893274,-0.5937734535653907,-0.58285731194348,-0.010916141600459861,RoundResultsPage,11
1718906485.75,1.886867,-0.6006021983957075,-0.588632315441279,-0.01196988293274472,RoundResultsPage,11
1718906486.0,1.872772,-0.6156250106921517,-0.5950504516395211,-0.020574559030762735,RoundResultsPage,11
1718906486.25,1.862521,-0.6265507892555323,-0.6020292822978871,-0.02452150693564299,RoundResultsPage,11
1718906486.5,1.862521,-0.6265507892555323,-0.6094840857455525,-0.017066703487892604,RoundResultsPage,11
1718906486.75,1.852269,-0.637477633644546,-0.6173288668622852,-0.02014876676013758,RoundResultsPage,11
1718906487.0,1.854832,-0.6347459225472926,-0.6254772648232987,-0.00926865770188336,RoundResultsPage,11
1718906487.25,1.845862,-0.644306378474863,-0.6338433455069988,-0.01046303294581542,RoundResultsPage,11
1718906487.5,1.830485,-0.6606955792327505,-0.6423422705590115,-0.0183533086518013,RoundResultsPage,11
1718906487.75,1.813827,-0.6784501026264479,-0.6508908403751851,-0.02755926222948587,RoundResultsPage,11
1718906488.0,1.815109,-0.6770837141650047,-0.6594079135558062,-0.01767580058763155,RoundResultsPage,11
1718906488.25,1.804857,-0.6880105585540185,-0.6678147105492519,-0.02019584798345804,RoundResultsPage,11
1718906488.5,1.806139,-0.6866441700925753,-0.6760350140979963,-0.010609155973574556,RoundResultsPage,11
1718906488.75,1.801013,-0.6921075922870821,-0.6839952835594887,-0.00811230870693477,RoundResultsPage,11
1718906489.0,1.792043,-0.7016680482146523,-0.6916247040221051,-0.01004334417227121,RoundResultsPage,11
1718906489.25,1.793325,-0.7003016597532091,-0.6988551941988445,-0.0014464655345025486,RoundResultsPage,11
1718906489.5,1.788199,-0.7057650819477159,-0.7056213992063067,-0.00014368272198749237,RoundResultsPage,11
1718906489.75,1.788199,-0.7057650819477159,-0.7118606954012167,0.0060956134724603405,RoundResultsPage,11
1718906490.0,1.783073,-0.7112285041422229,-0.717513234360125,0.006284730236383233,RoundResultsPage,11
1718906490.25,1.779229,-0.7153255378752864,-0.7225220517897778,0.007196513932483616,RoundResultsPage,11
1718906490.5,1.776666,-0.7180572489725398,-0.7268332646179129,0.008776015662872103,RoundResultsPage,11
1718906490.75,1.772822,-0.7221542827056036,-0.7303963757407412,0.008242093052146768,RoundResultsPage,11
1718906491.0,1.795887,-0.6975710144815888,-0.733164700925864,0.03559368646080615,RoundResultsPage,11
1718906491.25,1.836892,-0.6538668344024334,-0.7350959262429769,0.08122909185661713,RoundResultsPage,11
1718906491.5,1.831767,-0.6593291907713072,-0.7361527972029047,0.07682360644724408,RoundResultsPage,11
1718906491.75,1.822797,-0.6688896466988776,-0.7363039326672433,0.06741428598362346,RoundResultsPage,11
1718906492.0,1.829204,-0.6620609018685605,-0.7355247477882452,0.07346384593459833,RoundResultsPage,11
1718906492.25,1.79845,-0.6948393033843353,-0.7337984611365888,0.038959157766871456,RoundResultsPage,11
1718906492.5,1.801013,-0.6921075922870821,-0.7311171522962715,0.03900956002356272,RoundResultsPage,11
1718906492.75,1.779229,-0.7153255378752864,-0.727482828155378,0.01215729029427326,RoundResultsPage,11
1718906493.0,1.766415,-0.7289830275359204,-0.7229084495054525,-0.006074578016424158,RoundResultsPage,11
1718906493.25,1.754882,-0.7412751945607441,-0.7174188649206881,-0.023856329626097204,RoundResultsPage,11
1718906493.5,1.756164,-0.739908806099301,-0.7110515966473331,-0.02885720943804327,RoundResultsPage,11
1718906493.75,1.744631,-0.7522009731241248,-0.7038574236773636,-0.048343549432823506,RoundResultsPage,11
1718906494.0,1.742068,-0.7549326842213783,-0.6959007104362878,-0.059031973771096556,RoundResultsPage,11
1718906494.25,1.71644,-0.7822476635426463,-0.6872594355548995,-0.09498822797365647,RoundResultsPage,11
1718906494.5,1.774103,-0.7207889600697932,-0.6780248838445732,-0.04276407621099688,RoundResultsPage,11
1718906494.75,1.776666,-0.7180572489725398,-0.6683009755450975,-0.049756273413053304,RoundResultsPage,11
1718906495.0,1.770259,-0.7248859938028568,-0.6582032197300469,-0.06668277405822656,RoundResultsPage,11
1718906495.25,1.767696,-0.7276177049001102,-0.647857292911412,-0.07976041197389658,RoundResultsPage,11
1718906495.5,1.770259,-0.7248859938028568,-0.6373972588127489,-0.08748873497506883,RoundResultsPage,11
1718906495.75,1.766415,-0.7289830275359204,-0.6269634604012309,-0.10201956711939843,RoundResultsPage,11
1718906496.0,1.780511,-0.7139591494138433,-0.6167001299937123,-0.09725901940457835,RoundResultsPage,11
1718906496.25,1.812546,-0.6798154252622582,-0.6067527769403952,-0.07306264830604389,RiskPage1,11
1718906496.5,1.875335,-0.6128932995948985,-0.5972654243240314,-0.015627875254780127,RiskPage1,11
1718906496.75,1.947094,-0.5364107179999681,-0.5883777755083162,0.05196705752470129,RiskPage1,11
1718906497.0,2.008601,-0.47085498079405147,-0.5802223974379883,0.10936741666055208,RiskPage1,11
1718906497.25,2.047043,-0.4298825118121496,-0.5729220096570444,0.14303949786176415,RiskPage1,11
1718906497.5,2.058576,-0.41759034478732576,-0.5665869656471458,0.14899662087693094,RiskPage1,11
1718906497.75,2.05345,-0.4230537669818323,-0.5613130062556783,0.13825923929118092,RiskPage1,11
1718906498.0,2.040636,-0.4367112566424664,-0.5571793540822538,0.12046809745732327,RiskPage1,11
1718906498.25,2.01629,-0.4626598475022912,-0.554247203523008,0.09158735603842429,RiskPage1,11
1718906498.5,1.988099,-0.4927065379208127,-0.5525586448095794,0.05985210690661007,RiskPage1,11
1718906498.75,1.961189,-0.5213879057035239,-0.552136043019009,0.03074813733342331,RiskPage1,11
1718906499.0,1.935561,-0.5487028850247919,-0.5529818758390475,0.004278990832242757,RiskPage1,11
1718906499.25,1.911214,-0.5746525417102498,-0.5550790178777527,-0.019573523814509386,RiskPage1,11
1718906499.5,1.893274,-0.5937734535653907,-0.558391445322165,-0.035382008225286775,RiskPage1,11
1718906499.75,1.8433,-0.6470370237464835,-0.562865323346027,-0.08417170038261496,RiskPage1,11
1718906500.0,1.809983,-0.6825471363595117,-0.5684304301533435,-0.11411670618846934,RiskPage1,11
1718906500.25,1.852269,-0.637477633644546,-0.5750018659853565,-0.0624757676416738,RiskPage1,11
1718906500.5,1.884305,-0.6033328436673281,-0.5824819926315837,-0.02085085101844647,RiskPage1,11
1718906500.75,1.883023,-0.6046992321287713,-0.5907625485620976,-0.013936683549620105,RiskPage1,11
1718906501.0,1.886867,-0.6006021983957075,-0.5997268861641359,-0.0008753122147804465,RiskPage1,11
1718906501.25,1.884305,-0.6033328436673281,-0.6092522801038538,0.00591943645304506,RiskPage2,11
1718906501.5,1.884305,-0.6033328436673281,-0.6192122590183717,0.01587941536728972,RiskPage2,11
1718906501.75,1.859958,-0.6292825003527858,-0.6294789162201717,0.00019641588336342247,RiskPage2,11
1718906502.0,1.842018,-0.6484034122079266,-0.639925158681508,-0.008478253510699939,RiskPage2,11
1718906502.25,1.839455,-0.6511351233051799,-0.6504268572005274,-0.0007082660891785594,RiskPage2,11
1718906502.5,1.82536,-0.6661579356016241,-0.6608648643416446,-0.005293071244732779,RiskPage2,11
1718906502.75,1.818953,-0.6729866804319412,-0.6711268705193774,-0.0018598098975247182,RiskPage2,11
1718906503.0,1.815109,-0.6770837141650047,-0.6811090724735053,0.004025358323353056,RiskPage2,11
1718906503.25,1.809983,-0.6825471363595117,-0.6907176323571028,0.008170496012277588,RiskPage2,11
1718906503.5,1.795887,-0.6975710144815888,-0.6998699097073632,0.002298895240315189,RiskPage2,11
1718906503.75,1.784355,-0.7098621156807797,-0.7084954526753562,-0.0013666629910091864,RiskPage2,11
1718906504.0,1.779229,-0.7153255378752864,-0.7165367390539225,0.0012112011929428183,RiskPage2,11
1718906504.25,1.765134,-0.7303483501717306,-0.7239496618792958,-0.006398688278217789,RiskPage2,11
1718906504.5,1.712596,-0.7863446972757098,-0.7307037587161929,-0.05564093854537193,RiskPage2,11
1718906504.75,1.744631,-0.7522009731241248,-0.7367821881829713,-0.015418784927063887,RiskPage2,11
1718906505.0,1.735661,-0.7617614290516953,-0.7421814618155665,-0.019579967222077416,RiskPage2,11
1718906505.25,1.740787,-0.7562980068571883,-0.7469109439313528,-0.009387062911803624,RiskPage2,11
1718906505.5,1.740787,-0.7562980068571883,-0.7509921365923292,-0.005305870250826775,RiskPage2,11
1718906505.75,1.740787,-0.7562980068571883,-0.7544577708868017,-0.0018402359563327968,RiskPage2,11
1718906506.0,1.735661,-0.7617614290516953,-0.7573507293513131,-0.004410699686283973,RiskPage2,11
1718906506.25,1.738224,-0.7590297179544419,-0.7597228272771367,0.0006931093368621327,RiskPage2,11
1718906506.5,1.739505,-0.7576643953186315,-0.7616334827749857,0.003969087470616774,RiskPage2,11
1718906506.75,1.739505,-0.7576643953186315,-0.7631483067370238,0.005483911432777516,RiskPage2,11
1718906507.0,1.760008,-0.7358117723662374,-0.7643376441968784,0.028525871845176153,RiskPage2,11
1718906507.25,1.760008,-0.7358117723662374,-0.7652750980317142,0.02946332568018997,RiskPage3,11
1718906507.5,1.754882,-0.7412751945607441,-0.7660360644916651,0.024760869945841077,RiskPage3,11
1718906507.75,1.754882,-0.7412751945607441,-0.7666963077416068,0.02542111319602022,RiskPage3,11
1718906508.0,1.748475,-0.7481039393910612,-0.7673305975768311,0.01922665820119595,RiskPage3,11
1718906508.25,1.745912,-0.7508356504883147,-0.7680114309037136,0.01717578043112421,RiskPage3,11
1718906508.5,1.739505,-0.7576643953186315,-0.7688078536736979,0.011143458371121722,RiskPage3,11
1718906508.75,1.73438,-0.7631267516875054,-0.769784395948777,0.006657644277687318,RiskPage3,11
1718906509.0,1.730536,-0.7672237854205689,-0.7710001288702459,0.00377634346648123,RiskPage3,11
1718906509.25,1.722847,-0.7754189187123292,-0.7725078486826018,-0.0029110700125096894,RiskPage3,11
1718906509.5,1.715159,-0.7836129861784563,-0.7743533897781141,-0.009259596382690099,RiskPage3,11
1718906509.75,1.713877,-0.7849793746398995,-0.7765750660819778,-0.00840430853981886,RiskPage3,11
1718906510.0,1.706189,-0.7931734421060269,-0.7792032380583238,-0.013970204029139118,RiskPage3,11
1718906510.25,1.702345,-0.7972704758390905,-0.7822600012057717,-0.01501047461428877,RiskPage3,11
1718906510.5,1.6985,-0.8013685753977872,-0.7857589911076397,-0.015609584270653235,RiskPage3,11
1718906510.75,1.692093,-0.808197320228104,-0.7897052998484418,-0.018492020359713347,RiskPage3,11
1718906511.0,1.686968,-0.8136596765969778,-0.794095498815508,-0.019564177761083473,RiskPage3,11
1718906511.25,1.688249,-0.8122943539611676,-0.7989177634580451,-0.013376590482323963,RiskPage3,11
1718906511.5,1.686968,-0.8136596765969778,-0.8041520963418035,-0.009507580233997327,RiskPage3,11
1718906511.75,1.681842,-0.8191230987914846,-0.8097706456682918,-0.009352453101679092,RiskPage3,11
1718906512.0,1.683123,-0.8177577761556745,-0.8157381171709411,-0.0020196589629324774,RiskPage3,11
1718906512.25,1.677998,-0.8232201325245482,-0.8220122778117923,-0.0012078546907245656,RiskPage4,11
1718906512.5,1.679279,-0.821854809888738,-0.8285445498555276,0.006689739988989078,RiskPage4,11
1718906512.75,1.675435,-0.8259518436218016,-0.8352806935950796,0.009328849995579466,RiskPage4,11
1718906513.0,1.675435,-0.8259518436218016,-0.8421615761789927,0.016209732579526515,RiskPage4,11
1718906513.25,1.670309,-0.8314152658163083,-0.8491240226152854,0.017708756821280133,RiskPage4,11
1718906513.5,1.671591,-0.8300488773548652,-0.8561017431090969,0.02605286577643996,RiskPage4,11
1718906513.75,1.667747,-0.8341459110879288,-0.8630263284834218,0.028880417417550104,RiskPage4,11
1718906514.0,1.667747,-0.8341459110879288,-0.8698283026289518,0.03568239156287982,RiskPage4,11
1718906514.25,1.674154,-0.827317166257612,-0.8764382178700563,0.04912105163405978,RiskPage4,11
1718906514.5,1.644681,-0.8587302451375763,-0.8827877760045973,0.024057530888363647,RiskPage4,11
1718906514.75,1.617772,-0.8874105470946547,-0.8888109548082042,0.001400407734598319,RiskPage4,11
1718906515.0,1.587018,-0.9201889486104294,-0.8944451172637886,-0.02574383132589466,RiskPage4,11
1718906515.25,1.580611,-0.9270176934407465,-0.8996320789774309,-0.02738561444286771,RiskPage4,11
1718906515.5,1.583174,-0.924285982343493,-0.9043191084318479,-0.01996687389147763,RiskPage4,11
1718906515.75,1.581892,-0.9256523708049361,-0.9084598350725254,-0.017192535712491425,RiskPage4,11
1718906516.0,1.597269,-0.9092631700470488,-0.9120150417507997,0.0027518717234676845,RiskPage4,11
1718906516.25,1.580611,-0.9270176934407465,-0.9149533206750307,-0.012064372746145087,RiskPage4,11
1718906516.5,1.55242,-0.957064383859268,-0.9172515755921656,-0.03981280824761276,RiskPage4,11
1718906516.75,1.533199,-0.977550618350219,-0.918895357275189,-0.0586552610555511,RiskPage4,11
1718906517.0,1.529354,-0.9816487179089153,-0.9198790243790825,-0.06176969351029386,RiskPage4,11
1718906517.25,1.533199,-0.977550618350219,-0.9202057271901362,-0.05734489114041656,PreMarketWait,12
1718906517.5,1.56139,-0.9475039279316975,-0.9198872175073419,-0.027616710404501445,PreMarketWait,12
1718906517.75,1.590862,-0.9160919148773659,-0.9189434935336087,0.002851578676335606,PreMarketWait,12
1718906518.0,1.608802,-0.896971003022225,-0.9174022938019738,0.020431290800119614,PreMarketWait,12
1718906518.25,1.63443,-0.869656023700957,-0.9152984583786878,0.04564243469840702,PreMarketWait,12
1718906518.5,1.656214,-0.8464380781127525,-0.912673178502827,0.06623510041107065,PreMarketWait,12
1718906518.75,1.663902,-0.8382440106466255,-0.9095731572255411,0.07132914660023552,PreMarketWait,12
1718906519.0,1.66134,-0.8409746559182458,-0.9060497034843975,0.06507504758778913,PreMarketWait,12
1718906519.25,1.654932,-0.8478044665741957,-0.9021577805775517,0.054353314025296466,PreMarketWait,12
1718906519.5,1.642118,-0.8614619562348299,-0.8979550275554765,0.036493071342866605,PreMarketWait,12
1718906519.75,1.615209,-0.8901422581919082,-0.8935007691181514,0.003358510948711091,PreMarketWait,12
1718906520.0,1.563952,-0.944773282660077,-0.888855026740789,-0.055918255896612215,PreMarketWait,12
1718906520.25,1.56139,-0.9475039279316975,-0.8840775414701719,-0.06342638643868831,PreMarketWait,12
1718906520.5,1.55242,-0.957064383859268,-0.8792268175396235,-0.07783756629669739,PreMarketWait,12
1718906520.75,1.554983,-0.9543326727620145,-0.8743591958497567,-0.07997347688925659,PreMarketWait,12
1718906521.0,1.606239,-0.8997027141194784,-0.8695279674093414,-0.030174746687140236,PreMarketWait,12
1718906521.25,1.615209,-0.8901422581919082,-0.8647825387302938,-0.025359719438680553,PreMarketWait,12
1718906521.5,1.635711,-0.8682907010651469,-0.8601676634430628,-0.008123037599270112,PreMarketWait,12
1718906521.75,1.653651,-0.8491697892100061,-0.8557227564901169,0.006552967302751497,PreMarketWait,12
1718906522.0,1.671591,-0.8300488773548652,-0.8514813086533355,0.021432431320890316,PreMarketWait,12
1718906522.25,1.704907,-0.79453983056747,-0.8474704194848857,0.05293058893957514,PreMarketWait,12
1718906522.5,1.710033,-0.7890764083729633,-0.8437104657045859,0.05463405735348886,PreMarketWait,12
1718906522.75,1.704907,-0.79453983056747,-0.8402149197222407,0.045675089176319364,PreMarketWait,12
1718906523.0,1.699782,-0.800002186936344,-0.8369903292181999,0.03698814230307133,PreMarketWait,12
1718906523.25,1.697219,-0.8027338980335972,-0.834036463891963,0.03130256587924121,PreMarketWait,12
1718906523.5,1.690812,-0.8095626428639142,-0.8313466299037081,0.021783987060330863,PreMarketWait,12
1718906523.75,1.68953,-0.8109290313253574,-0.828908146582086,0.01797911527693547,PreMarketWait,12
1718906524.0,1.684405,-0.8163913876942314,-0.8267029740459777,0.010311586371636778,PreMarketWait,12
1718906524.25,1.680561,-0.8204884214272948,-0.8247084748362076,0.004220053428504742,MarketGridChoice,12
1718906524.5,1.681842,-0.8191230987914846,-0.8228982877615848,0.0037751889894149697,MarketGridChoice,12
1718906524.75,1.671591,-0.8300488773548652,-0.8212432881544609,-0.008805589181344296,MarketGridChoice,12
1718906525.0,1.667747,-0.8341459110879288,-0.8197126057663106,-0.014433305302790127,MarketGridChoice,12
1718906525.25,1.669028,-0.8327805884521187,-0.8182746697193823,-0.01450591871411679,MarketGridChoice,12
1718906525.5,1.662621,-0.8396093332824357,-0.8168982493176113,-0.022711083946389495,MarketGridChoice,12
1718906525.75,1.663902,-0.8382440106466255,-0.8155534601055296,-0.02269055052282066,MarketGridChoice,12
1718906526.0,1.658777,-0.8437063670154993,-0.8142127062903896,-0.029493660706968586,MarketGridChoice,12
1718906526.25,1.662621,-0.8396093332824357,-0.8128515334022104,-0.026757799862191435,MarketGridChoice,12
1718906526.5,1.651088,-0.8519015003072595,-0.811449368707195,-0.04045213158210982,MarketGridChoice,12
1718906526.75,1.663902,-0.8382440106466255,-0.8099901312223359,-0.028253879406384148,MarketGridChoice,12
1718906527.0,1.669028,-0.8327805884521187,-0.8084626979797438,-0.02431789045448697,MarketGridChoice,12
1718906527.25,1.713877,-0.7849793746398995,-0.8068612182057893,0.02188184358379252,MarketGridChoice,12
1718906527.5,1.719003,-0.7795159524453927,-0.8051852720429175,0.02566931961547439,MarketGridChoice,12
1718906527.75,1.70747,-0.7918081194702166,-0.8034398750937599,0.011631755641571102,MarketGridChoice,12
1718906528.0,1.701063,-0.7986368643005336,-0.8016353342109175,0.0029984699285201116,MarketGridChoice,12
1718906528.25,1.699782,-0.800002186936344,-0.7997869634984527,-0.00021522341961694412,MarketGridChoice,12
1718906528.5,1.686968,-0.8136596765969778,-0.7979146724491517,-0.01574500412938585,MarketGridChoice,12
1718906528.75,1.702345,-0.7972704758390905,-0.7960424405977425,-0.001228035222715541,MarketGridChoice,12
1718906529.0,1.68953,-0.8109290313253574,-0.7941976951101599,-0.016731336196350102,MarketGridChoice,12
1718906529.25,1.703626,-0.7959051532032801,-0.7924106093966694,-0.0034945437875302868,MarketGridChoice,12
1718906529.5,1.713877,-0.7849793746398995,-0.7907133421238632,0.005733967503290023,MarketGridChoice,12
1718906529.75,1.729254,-0.7685901738820121,-0.7891392368598465,0.020549062997414384,MarketGridChoice,12
1718906530.0,1.731817,-0.7658584627847589,-0.787722002956237,0.021863540191314455,MarketGridChoice,12
1718906530.25,1.713877,-0.7849793746398995,-0.7864948981021966,0.0015155234823878289,MarketGridChoice,12
1718906530.5,1.719003,-0.7795159524453927,-0.7854899322743737,0.005973979849318207,MarketGridChoice,12
1718906530.75,1.720284,-0.7781506298095827,-0.7847371116030691,0.00658648181405597,MarketGridChoice,12
1718906531.0,1.713877,-0.7849793746398995,-0.784263739072977,-0.0007156355461415201,MarketGridChoice,12
1718906531.25,1.715159,-0.7836129861784563,-0.784093787081417,0.00048080092392688636,MarketGridChoice,12
1718906531.5,1.715159,-0.7836129861784563,-0.7842473547761982,0.0006343686188628548,MarketGridChoice,12
1718906531.75,1.715159,-0.7836129861784563,-0.7847402208506702,0.0011272346934555373,MarketGridChoice,12
1718906532.0,1.71644,-0.7822476635426463,-0.7855835001238116,0.0033358366024902313,MarketGridChoice,12
1718906532.25,1.719003,-0.7795159524453927,-0.7867834098011283,0.00726745737710338,MarketGridChoice,12
1718906532.5,1.712596,-0.7863446972757098,-0.7883411488119063,0.0019964515575644696,MarketGridChoice,12
1718906532.75,1.719003,-0.7795159524453927,-0.7902528910639133,0.010736938639843934,MarketGridChoice,12
1718906533.0,1.713877,-0.7849793746398995,-0.7925098908688599,0.007530516250193768,MarketGridChoice,12
1718906533.25,1.710033,-0.7890764083729633,-0.7950986962027814,0.006022287850915649,MarketGridChoice,12
1718906533.5,1.711314,-0.787711085737153,-0.7980014629188767,0.010290377202640396,MarketGridChoice,12
1718906533.75,1.708752,-0.7904417310087734,-0.8011963605812434,0.01075462959316406,MarketGridChoice,12
1718906534.0,1.706189,-0.7931734421060269,-0.8046580583005892,0.01148461621499708,MarketGridChoice,12
1718906534.25,1.702345,-0.7972704758390905,-0.8083582768990704,0.01108780108012741,MarketGridChoice,12
1718906534.5,1.695938,-0.8040992206694075,-0.8122663919896851,0.008167171340120107,MarketGridChoice,12
1718906534.75,1.680561,-0.8204884214272948,-0.8163500712126018,-0.004138350195160675,MarketGridChoice,12
1718906535.0,1.667747,-0.8341459110879288,-0.8205759280184882,-0.01356998305020997,MarketGridChoice,12
1718906535.25,1.657495,-0.8450727554769425,-0.8249101741158481,-0.020162581342142112,MarketGridChoice,12
1718906535.5,1.656214,-0.8464380781127525,-0.8293192530731993,-0.017118825020841513,MarketGridChoice,12
1718906535.75,1.647244,-0.8559985340403231,-0.8337704386127699,-0.02222809540903297,MarketGridChoice,12
1718906536.0,1.651088,-0.8519015003072595,-0.8382323828171087,-0.013669117471763973,MarketGridChoice,12
1718906536.25,1.648525,-0.8546332114045128,-0.8426756017013145,-0.011957609684880164,MarketGridChoice,12
1718906536.5,1.6434,-0.8600955677733867,-0.8470728882452097,-0.013022679509858623,MarketGridChoice,12
1718906536.75,1.647244,-0.8559985340403231,-0.8513996458744496,-0.004598888147484222,MarketGridChoice,12
1718906537.0,1.640837,-0.8628272788706399,-0.855634138370422,-0.0071931404816881275,MarketGridChoice,12
1718906537.25,1.640837,-0.8628272788706399,-0.8597576551338982,-0.0030696237180045487,MarketGridChoice,12
1718906537.5,1.639556,-0.8641926015064503,-0.8637545935066161,-0.0004380079808274009,MarketGridChoice,12
1718906537.75,1.636993,-0.8669243126037037,-0.8676124623716969,0.0006881497873256637,MarketGridChoice,12
1718906538.0,1.63443,-0.869656023700957,-0.8713218134344343,0.0016657897531852145,MarketGridChoice,12
1718906538.25,1.635711,-0.8682907010651469,-0.8748761083777356,0.0065854073327140635,MarketGridChoice,12
1718906538.5,1.629304,-0.8751194458954638,-0.8782715314601743,0.0031520855852866132,MarketGridChoice,12
1718906538.75,1.626742,-0.8778500911670843,-0.881506758067441,0.0036566669214043307,MarketGridChoice,12
1718906539.0,1.624179,-0.8805818022643376,-0.8845826902459146,0.004000888003104216,MarketGridChoice,12
1718906539.25,1.624179,-0.8805818022643376,-0.8875021703608201,0.006920368118482793,MarketGridChoice,12
1718906539.5,1.619053,-0.8860452244588444,-0.8902696837618596,0.004224459325467831,MarketGridChoice,12
1718906539.75,1.621616,-0.8833135133615911,-0.892891060742907,0.009577547404187602,MarketGridChoice,12
1718906540.0,1.617772,-0.8874105470946547,-0.8953731871896117,0.007962640118203579,MarketGridChoice,12
1718906540.25,1.611365,-0.8942392919249718,-0.8977237321646282,0.003484440263225157,MarketGridChoice,12
1718906540.5,1.608802,-0.896971003022225,-0.8999508993363361,0.0029798963379437503,MarketGridChoice,12
1718906540.75,1.60752,-0.8983373914836682,-0.9020632076712728,0.0037258162116393344,MarketGridChoice,12
1718906541.0,1.606239,-0.8997027141194784,-0.904069305243419,0.0043665911481158065,MarketGridChoice,12
1718906541.25,1.606239,-0.8997027141194784,-0.9059778184213492,0.00627510432612748,MarketGridChoice,12
1718906541.5,1.606239,-0.8997027141194784,-0.907797237125428,0.008094523030233815,MarketGridChoice,12
1718906541.75,1.602395,-0.903799747852542,-0.9095358353435894,0.005736087515312397,MarketGridChoice,12
1718906542.0,1.592144,-0.9147255264159226,-0.9112016246970606,-0.0035239016946541236,MarketGridChoice,12
1718906542.25,1.590862,-0.9160919148773659,-0.912802337602235,-0.003289577251009615,MarketGridChoice,12
1718906542.5,1.588299,-0.9188236259746193,-0.9143454355302016,-0.004478190420403904,MarketGridChoice,12
1718906542.75,1.590862,-0.9160919148773659,-0.9158381370637977,-0.00025377778967411706,MarketGridChoice,12
1718906543.0,1.587018,-0.9201889486104294,-0.9172874599189212,-0.002901488667740384,MarketGridChoice,12
1718906543.25,1.588299,-0.9188236259746193,-0.918700270835415,-0.00012335511556592176,MarketGridChoice,12
1718906543.5,1.581892,-0.9256523708049361,-0.9200833372389011,-0.00556903354252908,MarketGridChoice,12
1718906543.75,1.584455,-0.9229206597076829,-0.9214433748069897,-0.0014772848773257456,MarketGridChoice,12
1718906544.0,1.579329,-0.9283840819021897,-0.9227870855195374,-0.005596996359432912,MarketGridChoice,12
1718906544.25,1.579329,-0.9283840819021897,-0.9241211814119428,-0.004262900467188313,MarketGridChoice,12
1718906544.5,1.581892,-0.9256523708049361,-0.9254523900595742,-0.000199980722479582,MarketGridChoice,12
1718906544.75,1.575485,-0.9324811156352533,-0.9267874387728263,-0.005693676839737478,MarketGridChoice,12
1718906545.0,1.575485,-0.9324811156352533,-0.928133015544527,-0.004348100068246632,MarketGridChoice,12
1718906545.25,1.572922,-0.9352128267325067,-0.9294957059311967,-0.005717120779056537,ForecastPage,12
1718906545.5,1.572922,-0.9352128267325067,-0.9308819062336013,-0.004330920476894216,ForecastPage,12
1718906545.75,1.569078,-0.9393098604655703,-0.9322977145358123,-0.00701214590800524,ForecastPage,12
1718906546.0,1.574204,-0.9338464382710635,-0.9337488023279973,-9.763592158762782e-05,ForecastPage,12
1718906546.25,1.571641,-0.9365781493683167,-0.9352402705344336,-0.0013378788126922926,ForecastPage,12
1718906546.5,1.567797,-0.9406751831013803,-0.9367764947504081,-0.003898688330078913,ForecastPage,12
1718906546.75,1.571641,-0.9365781493683167,-0.9383609653172649,0.0017828159695381764,ForecastPage,12
1718906547.0,1.565234,-0.9434068941986339,-0.9399961284978151,-0.0034107656805326125,ForecastPage,12
1718906547.25,1.57036,-0.9379434720041271,-0.9416832354270747,0.0037397634429336213,ForecastPage,12
1718906547.5,1.57036,-0.9379434720041271,-0.9434222056860548,0.005478733701622251,ForecastPage,12
1718906547.75,1.567797,-0.9406751831013803,-0.9452115122659067,0.004536329183942712,ForecastPage,12
1718906548.0,1.566515,-0.9420415715628235,-0.947048094350824,0.005006522807155802,ForecastPage,12
1718906548.25,1.566515,-0.9420415715628235,-0.9489273037569732,0.006885732213062965,ForecastPage,12
1718906548.5,1.562671,-0.9461386052958873,-0.9508428900418077,0.004704284764611547,ForecastPage,12
1718906548.75,1.558827,-0.9502356390289509,-0.952787028277253,0.0025513892667905396,ForecastPage,12
1718906549.0,1.554983,-0.9543326727620145,-0.9547503923044336,0.00041771956072309425,ForecastPage,12
1718906549.25,1.551138,-0.9584307723207112,-0.9567222750036759,-0.0017084972988972626,ForecastPage,12
1718906549.5,1.554983,-0.9543326727620145,-0.9586907557662371,0.0043580830222130565,ForecastPage,12
1718906549.75,1.557545,-0.9516020274903941,-0.9606429139805558,0.009040886508023692,ForecastPage,12
1718906550.0,1.551138,-0.9584307723207112,-0.962565085972318,0.004134313669359501,ForecastPage,12
1718906550.25,1.548576,-0.9611614175923315,-0.9644431614841724,0.0032817439095021157,ForecastPage,12
1718906550.5,1.54345,-0.9666248397868383,-0.9662629144700411,-0.0003619252992093443,ForecastPage,12
1718906550.75,1.540887,-0.9693565508840918,-0.9680103617425089,-0.0013461891240500409,ForecastPage,12
1718906551.0,1.54345,-0.9666248397868383,-0.9696721418886881,0.0030473021193452216,ForecastPage,12
1718906551.25,1.537043,-0.9734535846171554,-0.9712359058967847,-0.00221767870289505,ForecastPage,12
1718906551.5,1.539606,-0.9707218735199018,-0.9726907101382123,0.001968836635785096,ForecastPage,12
1718906551.75,1.539606,-0.9707218735199018,-0.974027401742634,0.0033055282402271215,ForecastPage,12
1718906552.0,1.537043,-0.9734535846171554,-0.9752389859926538,0.00178540139303615,ForecastPage,12
1718906552.25,1.537043,-0.9734535846171554,-0.9763209651563204,0.0028673805567675536,ForecastPage,12
1718906552.5,1.53448,-0.9761852957144086,-0.9772716381769918,0.0010863424802713172,ForecastPage,12
1718906552.75,1.530636,-0.9802823294474722,-0.9780923508640299,-0.002189978565648652,ForecastPage,12
1718906553.0,1.531917,-0.978917006811662,-0.9787876866911112,-0.00012932010263344757,ForecastPage,12
1718906553.25,1.529354,-0.9816487179089153,-0.9793655890293378,-0.002283128861520079,ForecastPage,12
1718906553.5,1.52551,-0.9857457516419791,-0.9798374066334422,-0.005908344990325695,ForecastPage,12
1718906553.75,1.529354,-0.9816487179089153,-0.9802178554668293,-0.0014308624237098218,ForecastPage,12
1718906554.0,1.52551,-0.9857457516419791,-0.9805248914908756,-0.0052208601325520985,ForecastPage,12
1718906554.25,1.524229,-0.9871110742777892,-0.98077949084193,-0.006331583417123734,ForecastPage,12
1718906554.5,1.519103,-0.992574496472296,-0.9810053358529474,-0.01156916060042028,ForecastPage,12
1718906554.75,1.517822,-0.9939398191081062,-0.9812284076145885,-0.012711411474389927,ForecastPage,12
1718906555.0,1.517822,-0.9939398191081062,-0.9814764881726129,-0.012463330916162786,ForecastPage,12
1718906555.25,1.522947,-0.9884774627392324,-0.9817785779711632,-0.006698884748535591,ForecastPage,12
1718906555.5,1.524229,-0.9871110742777892,-0.9821642367044952,-0.004946837553558996,ForecastPage,12
1718906555.75,1.52551,-0.9857457516419791,-0.9826628582460968,-0.0030828933759483213,ForecastPage,12
1718906556.0,1.529354,-0.9816487179089153,-0.9833028926898749,0.0016541748010882535,ForecastPage,12
1718906556.25,1.522947,-0.9884774627392324,-0.9841110306750541,-0.0043664320438624345,ForecastPage,12
1718906556.5,1.528073,-0.9830140405447256,-0.985111367003575,0.00209732647934158,ForecastPage,12
1718906556.75,1.522947,-0.9884774627392324,-0.986324562046218,-0.002152900672359394,ForecastPage,12
1718906557.0,1.521666,-0.9898427853750427,-0.9877670205401913,-0.002075764814046943,ForecastPage,12
1718906557.25,1.521666,-0.9898427853750427,-0.9894501080878598,-0.00039267726624180564,ForecastPage,12
1718906557.5,1.519103,-0.992574496472296,-0.991379425961413,-0.0011950704898172773,ForecastPage,12
1718906557.75,1.51654,-0.9953062075695495,-0.993554164691404,-0.0017520428569667628,ForecastPage,12
1718906558.0,1.51654,-0.9953062075695495,-0.9959665563578242,0.0006603488095541852,ForecastPage,12
1718906558.25,1.515259,-0.9966715302053598,-0.9986014444997457,0.001929914315754181,ForecastPage,12
1718906558.5,1.51654,-0.9953062075695495,-1.001435989103115,0.006129781555010707,ForecastPage,12
1718906558.75,1.511415,-1.0007685639384234,-1.0044395222082578,0.0036709582913456843,ForecastPage,12
1718906559.0,1.510133,-1.0021349523998666,-1.0075735672975794,0.00543861491928194,ForecastPage,12
1718906559.25,1.511415,-1.0007685639384234,-1.0107920327887698,0.010023468871968613,ForecastPage,12
1718906559.5,1.506289,-1.00623198613293,-1.014041586691778,0.007809600580520765,ForecastPage,12
1718906559.75,1.510133,-1.0021349523998666,-1.0172622158244935,0.015127263446350526,ForecastPage,12
1718906560.0,1.502445,-1.0103290198659935,-1.0203879689709179,0.010058949126701773,ForecastPage,12
1718906560.25,1.503726,-1.0089636972301836,-1.0233478790686648,0.014384181860319466,ForecastPage,12
1718906560.5,1.501163,-1.0116954083274368,-1.0260670550071258,0.014371646701598888,ForecastPage,12
1718906560.75,1.502445,-1.0103290198659935,-1.028467928996073,0.018138909152073723,ForecastPage,12
1718906561.0,1.498601,-1.0144260535990572,-1.0304716408328463,0.016045587255881604,ForecastPage,12
1718906561.25,1.498601,-1.0144260535990572,-1.0319995358721565,0.01757348229530167,ForecastPage,12
1718906561.5,1.494756,-1.0185241531577538,-1.0329747492146286,0.014450596079193478,ForecastPage,12
1718906561.75,1.493475,-1.019889475793564,-1.0333238447180122,0.013434368946884136,ForecastPage,12
1718906562.0,1.501163,-1.0116954083274368,-1.032978474046305,0.021283065741418666,ForecastPage,12
1718906562.25,1.485787,-1.0280835432596913,-1.0318770182580617,0.003793475021029175,ForecastPage,12
1718906562.5,1.47938,-1.0349122880900083,-1.0299661725455282,-0.004946115521720682,ForecastPage,12
1718906562.75,1.480661,-1.033546965454198,-1.0272024338143084,-0.006344531617037122,ForecastPage,12
1718906563.0,1.480661,-1.033546965454198,-1.0235534509673232,-0.009993514463935073,ForecastPage,12
1718906563.25,1.481942,-1.0321816428183879,-1.0189991991243705,-0.013182443670996566,ForecastPage,12
1718906563.5,1.47938,-1.0349122880900083,-1.0135329416195487,-0.021379346447365437,ForecastPage,12
1718906563.75,1.478098,-1.0362786765514516,-1.007161947468655,-0.029116729059639898,ForecastPage,12
1718906564.0,1.471691,-1.0431074213817684,-0.9999079370322127,-0.04319948432635113,ForecastPage,12
1718906564.25,1.493475,-1.019889475793564,-0.9918072347153591,-0.028082241054971244,ForecastPage,12
1718906564.5,1.52551,-0.9857457516419791,-0.9829106145925111,-0.0028351370262290274,ForecastPage,12
1718906564.75,1.526792,-0.984379363180536,-0.9732828326192895,-0.01109653053803079,ForecastPage,12
1718906565.0,1.517822,-0.9939398191081062,-0.9630018473538148,-0.03093797173113277,ForecastPage,12
1718906565.25,1.529354,-0.9816487179089153,-0.9521577396048804,-0.02949097828097102,ForecastPage,12
1718906565.5,1.542169,-0.9679901624226486,-0.9408513499333501,-0.027138812466371138,ForecastPage,12
1718906565.75,1.51654,-0.9953062075695495,-0.9291926612635828,-0.06611354628321915,ForecastPage,12
1718906566.0,1.524229,-0.9871110742777892,-0.9172989618222629,-0.06981211243300219,ForecastPage,12
1718906566.25,1.548576,-0.9611614175923315,-0.9052928309813988,-0.055868586588673275,ForecastPage,12
1718906566.5,1.580611,-0.9270176934407465,-0.8932999970388807,-0.03371769637990722,ForecastPage,12
1718906566.75,1.630586,-0.8737530574340205,-0.8814471211372659,0.007694063724874571,ForecastPage,12
1718906567.0,1.677998,-0.8232201325245482,-0.8698595649420439,0.04663943243877588,ForecastPage,12
1718906567.25,1.722847,-0.7754189187123292,-0.8586592009071868,0.08324028221577798,ForecastPage,12
1718906567.5,1.747194,-0.7494692620268715,-0.8479623225713411,0.09849306056502709,ForecastPage,12
1718906567.75,1.763852,-0.7317147386331738,-0.8378777081717543,0.10616296955877963,ForecastPage,12
1718906568.0,1.762571,-0.733080061268984,-0.8285048840233512,0.09542482277421857,ForecastPage,12
1718906568.25,1.753601,-0.7426405171965544,-0.8199326249624574,0.07729210778542207,ForecastPage,12
1718906568.5,1.744631,-0.7522009731241248,-0.8122377183193713,0.06003674521445257,ForecastPage,12
1718906568.75,1.730536,-0.7672237854205689,-0.8054840061427048,0.03826022074104969,ForecastPage,12
1718906569.0,1.715159,-0.7836129861784563,-0.7997217085897501,0.016108722429936384,ForecastPage,12
1718906569.25,1.70747,-0.7918081194702166,-0.7949870203206361,0.0031789008688107856,ForecastPage,12
1718906569.5,1.695938,-0.8040992206694075,-0.7913019620781249,-0.01279725857312447,ForecastPage,12
1718906569.75,1.694656,-0.8054656091308506,-0.7886744619340275,-0.016791147178881298,ForecastPage,12
1718906570.0,1.654932,-0.8478044665741957,-0.7870986353014868,-0.06070583125496721,ForecastPage,12
1718906570.25,1.633149,-0.8710213463367673,-0.7865552299460064,-0.08446611637320396,ForecastPage,12
1718906570.5,1.633149,-0.8710213463367673,-0.787012201913385,-0.08400914440599581,ForecastPage,12
1718906570.75,1.642118,-0.8614619562348299,-0.7884253904043199,-0.07303656581328127,ForecastPage,12
1718906571.0,1.654932,-0.8478044665741957,-0.7907392638641095,-0.057065202693004274,ForecastPage,12
1718906571.25,1.662621,-0.8396093332824357,-0.7938877154499441,-0.04572161781554583,ForecastPage,12
1718906571.5,1.675435,-0.8259518436218016,-0.797794892985677,-0.028156950619303636,ForecastPage,12
1718906571.75,1.657495,-0.8450727554769425,-0.8023760558615772,-0.042696699598656865,ForecastPage,12
1718906572.0,1.656214,-0.8464380781127525,-0.8075384584617298,-0.03889961963441386,ForecastPage,12
1718906572.25,1.685686,-0.815026065058421,-0.8131822660618595,-0.0018437989800391408,ForecastPage,12
1718906572.5,1.695938,-0.8040992206694075,-0.8192015142818941,0.01510229362893447,ForecastPage,12
1718906572.75,1.710033,-0.7890764083729633,-0.8254851267241453,0.03640871836756575,ForecastPage,12
1718906573.0,1.71644,-0.7822476635426463,-0.8319180070802068,0.04967034355388926,ForecastPage,12
1718906573.25,1.727973,-0.7699554965178225,-0.8383822215540766,0.068426725052535,ForecastPage,12
1718906573.5,1.727973,-0.7699554965178225,-0.8447582848799824,0.07480278837839818,ForecastPage,12
1718906573.75,1.717721,-0.780882340906836,-0.8509265586386313,0.07004421774799563,ForecastPage,12
1718906574.0,1.692093,-0.808197320228104,-0.8567687642930008,0.048571444081063536,ForecastPage,12
1718906574.25,1.670309,-0.8314152658163083,-0.8621696058162791,0.03075434001610869,ForecastPage,12
1718906574.5,1.66134,-0.8409746559182458,-0.8670184885107746,0.02604383260864248,ForecastPage,12
1718906574.75,1.645963,-0.8573638566761332,-0.8712113121933796,0.013847455533342025,ForecastPage,12
1718906575.0,1.639556,-0.8641926015064503,-0.874652308892021,0.010459707401656686,ForecastPage,12
1718906575.25,1.629304,-0.8751194458954638,-0.8772558880129222,0.002136442133545656,MarketWaitPage,12
1718906575.5,1.626742,-0.8778500911670843,-0.8789484459476188,0.0010983547966361973,MarketWaitPage,12
1718906575.75,1.626742,-0.8778500911670843,-0.879670092538478,0.0018200013875259522,MarketWaitPage,12
1718906576.0,1.620335,-0.8846788359974012,-0.8793762438772359,-0.005302592103985275,MarketWaitPage,12
1718906576.25,1.619053,-0.8860452244588444,-0.8780390296749541,-0.00800619476764549,MarketWaitPage,12
1718906576.5,1.622897,-0.8819481907257808,-0.8756484639689909,-0.00629972674046262,MarketWaitPage,12
1718906576.75,1.626742,-0.8778500911670843,-0.8722133302432215,-0.005636760907435291,MarketWaitPage,12
1718906577.0,1.620335,-0.8846788359974012,-0.8677617361240829,-0.01691709985677271,MarketWaitPage,12
1718906577.25,1.624179,-0.8805818022643376,-0.8623412986452897,-0.01824050360236737,MarketWaitPage,12
1718906577.5,1.619053,-0.8860452244588444,-0.8560189285953276,-0.03002629584668451,MarketWaitPage,12
1718906577.75,1.610083,-0.8956056803864149,-0.8488801915994275,-0.0467254887699864,MarketWaitPage,12
1718906578.0,1.604958,-0.9010680367552886,-0.8410282342363941,-0.060039802501707915,MarketWaitPage,12
1718906578.25,1.593425,-0.9133602037801124,-0.8325822754969643,-0.0807779282657585,RoundResultsPage,12
1718906578.5,1.583174,-0.924285982343493,-0.8236756770289689,-0.10061030529691208,RoundResultsPage,12
1718906578.75,1.603676,-0.9024344252167318,-0.8144536195618243,-0.08798080563705171,RoundResultsPage,12
1718906579.0,1.620335,-0.8846788359974012,-0.8050704272131524,-0.07960840876612607,RoundResultsPage,12
1718906579.25,1.624179,-0.8805818022643376,-0.7956865954754542,-0.0848952067704696,RoundResultsPage,12
1718906579.5,1.6434,-0.8600955677733867,-0.7864655918650068,-0.07362997588965053,RoundResultsPage,12
1718906579.75,1.690812,-0.8095626428639142,-0.7775705097176044,-0.031992133127239884,RoundResultsPage,12
1718906580.0,1.758727,-0.7371770950020478,-0.7691606646460123,0.03198356966339977,RoundResultsPage,12
1718906580.25,1.818953,-0.6729866804319412,-0.7613882289791013,0.08840154856698448,RoundResultsPage,12
1718906580.5,1.875335,-0.6128932995948985,-0.7543950014362168,0.14150170186155428,RoundResultsPage,12
1718906580.75,1.879179,-0.6087962658618349,-0.7483094069117713,0.13951314107060217,RoundResultsPage,12
1718906581.0,1.872772,-0.6156250106921517,-0.743243814435294,0.127618803764251,RoundResultsPage,12
1718906581.25,1.854832,-0.6347459225472926,-0.7392922504138867,0.10454632788815153,RoundResultsPage,12
1718906581.5,1.829204,-0.6620609018685605,-0.7365285698339724,0.07446766798741637,RoundResultsPage,12
1718906581.75,1.8433,-0.6470370237464835,-0.7350051311633139,0.08796810743927219,RoundResultsPage,12
1718906582.0,1.815109,-0.6770837141650047,-0.7347520023479827,0.057668288205839247,RoundResultsPage,12
1718906582.25,1.795887,-0.6975710144815888,-0.7357767066196027,0.0382056921612675,RoundResultsPage,12
1718906582.5,1.772822,-0.7221542827056036,-0.7380644987854114,0.01591021610341732,RoundResultsPage,12
1718906582.75,1.704907,-0.79453983056747,-0.7415791460974288,-0.052960684446120676,RoundResultsPage,12
1718906583.0,1.712596,-0.7863446972757098,-0.7462641733662513,-0.04008052388527934,RoundResultsPage,12
1718906583.25,1.706189,-0.7931734421060269,-0.7520445202026507,-0.041128921878997006,RoundResultsPage,12
1718906583.5,1.68953,-0.8109290313253574,-0.7588285494237906,-0.05210048187705105,RoundResultsPage,12
1718906583.75,1.688249,-0.8122943539611676,-0.7665103397997997,-0.04578401413678314,RoundResultsPage,12
1718906584.0,1.681842,-0.8191230987914846,-0.7749721932759265,-0.04415090549097271,RoundResultsPage,12
1718906584.25,1.681842,-0.8191230987914846,-0.7840872862723465,-0.035035812494618845,RoundResultsPage,12
1718906584.5,1.672872,-0.8286835547190551,-0.7937223962477851,-0.034961158446881205,RoundResultsPage,12
1718906584.75,1.677998,-0.8232201325245482,-0.8037406379985773,-0.0194794945017725,RoundResultsPage,12
1718906585.0,1.681842,-0.8191230987914846,-0.8140041487415062,-0.00511895002602393,RoundResultsPage,12
1718906585.25,1.679279,-0.821854809888738,-0.8243766665159,0.002521856650827145,RoundResultsPage,12
1718906585.5,1.679279,-0.821854809888738,-0.8347259525074251,0.012871142642026101,RoundResultsPage,12
1718906585.75,1.697219,-0.8027338980335972,-0.844926014282876,0.04219211627226453,RoundResultsPage,12
1718906586.0,1.630586,-0.8737530574340205,-0.854859093461177,-0.018893963950228382,RoundResultsPage,12
1718906586.25,1.612646,-0.8928739692891614,-0.864417387958884,-0.028456581308041625,RoundResultsPage,12
1718906586.5,1.608802,-0.896971003022225,-0.8735044856556913,-0.023466517344676308,RoundResultsPage,12
1718906586.75,1.60752,-0.8983373914836682,-0.8820364931902733,-0.016300898271906828,RoundResultsPage,12
1718906587.0,1.595988,-0.9106284926828591,-0.8899428506607204,-0.020685642001003403,RoundResultsPage,12
1718906587.25,1.581892,-0.9256523708049361,-0.897166830229753,-0.02848554055437724,RoundResultsPage,12
1718906587.5,1.581892,-0.9256523708049361,-0.9036657238988287,-0.021986646885600876,RoundResultsPage,12
1718906587.75,1.57036,-0.9379434720041271,-0.9094107328388469,-0.02853273914503814,RoundResultsPage,12
1718906588.0,1.585736,-0.9215553370718725,-0.9143865774486556,-0.0071687596032012114,RoundResultsPage,12
1718906588.25,1.578048,-0.9297494045379999,-0.9185908535475105,-0.011158550970658522,RoundResultsPage,12
1718906588.5,1.583174,-0.924285982343493,-0.9220331655814661,-0.002252816742336983,RoundResultsPage,12
1718906588.75,1.589581,-0.9174572375131762,-0.9247340722324301,0.007276834738848045,RoundResultsPage,12
1718906589.0,1.585736,-0.9215553370718725,-0.9267238831871546,0.005168546134827187,RoundResultsPage,12
1718906589.25,1.593425,-0.9133602037801124,-0.9280413479226627,0.014681144162094501,RiskPage1,12
1718906589.5,1.601113,-0.9051661363139852,-0.928732278119446,0.023566141825051908,RiskPage1,12
1718906589.75,1.60752,-0.8983373914836682,-0.9288481447039107,0.030510753239925203,RiskPage1,12
1718906590.0,1.60752,-0.8983373914836682,-0.9284446885801303,0.030107297116276688,RiskPage1,12
1718906590.25,1.60752,-0.8983373914836682,-0.9275805809252539,0.029243189461566642,RiskPage1,12
1718906590.5,1.613927,-0.8915086466533514,-0.9263161646363214,0.034807518003145244,RiskPage1,12
1718906590.75,1.601113,-0.9051661363139852,-0.9247123033260395,0.019546167032443183,RiskPage1,12
1718906591.0,1.611365,-0.8942392919249718,-0.9228293584112621,0.0285900665069035,RiskPage1,12
1718906591.25,1.606239,-0.8997027141194784,-0.9207263085853248,0.021023594486684137,RiskPage1,12
1718906591.5,1.610083,-0.8956056803864149,-0.9184600195851095,0.02285433921974591,RiskPage1,12
1718906591.75,1.597269,-0.9092631700470488,-0.9160846659189571,0.006821495893151473,RiskPage1,12
1718906592.0,1.595988,-0.9106284926828591,-0.9136513003589272,0.0030228076974727555,RiskPage1,12
1718906592.25,1.592144,-0.9147255264159226,-0.9112075617449428,-0.0035179646494521762,RiskPage1,12
1718906592.5,1.597269,-0.9092631700470488,-0.9087975071928105,-0.00046566283263237726,RiskPage1,12
1718906592.75,1.584455,-0.9229206597076829,-0.9064615512932094,-0.016459108392838765,RiskPage1,12
1718906593.0,1.584455,-0.9229206597076829,-0.90423649243083,-0.018684167255239935,RiskPage1,12
1718906593.25,1.585736,-0.9215553370718725,-0.9021556049824506,-0.019399732067879795,RiskPage1,12
1718906593.5,1.590862,-0.9160919148773659,-0.9002487758581009,-0.01584313899783884,RiskPage1,12
1718906593.75,1.584455,-0.9229206597076829,-0.8985426645695992,-0.024377995116812375,RiskPage1,12
1718906594.0,1.588299,-0.9188236259746193,-0.8970608676392456,-0.021762758314287943,RiskPage1,12
1718906594.25,1.603676,-0.9024344252167318,-0.8958240705557389,-0.006610354640115015,RiskPage2,12
1718906594.5,1.594706,-0.9119948811443023,-0.8948501734789445,-0.01714470764470227,RiskPage2,12
1718906594.75,1.593425,-0.9133602037801124,-0.8941543803142377,-0.019205823445449743,RiskPage2,12
1718906595.0,1.602395,-0.903799747852542,-0.8937492444462638,-0.010050503386087244,RiskPage2,12
1718906595.25,1.601113,-0.9051661363139852,-0.8936446681769822,-0.01152146811704681,RiskPage2,12
1718906595.5,1.598551,-0.9078967815856056,-0.8938478566026793,-0.014048924963204857,RiskPage2,12
1718906595.75,1.608802,-0.896971003022225,-0.8943632301479899,-0.0026077728547488147,RiskPage2,12
1718906596.0,1.612646,-0.8928739692891614,-0.8951923031185391,0.0023183338486277086,RiskPage2,12
1718906596.25,1.610083,-0.8956056803864149,-0.8963335383158145,0.0007278579484124737,RiskPage2,12
1718906596.5,1.611365,-0.8942392919249718,-0.8977821898750196,0.0035428979688238915,RiskPage2,12
1718906596.75,1.615209,-0.8901422581919082,-0.8995301479623765,0.009387889789011995,RiskPage2,12
1718906597.0,1.612646,-0.8928739692891614,-0.9015657997587406,0.00869183048789981,RiskPage2,12
1718906597.25,1.617772,-0.8874105470946547,-0.9038739212506589,0.0164633741741173,RiskPage2,12
1718906597.5,1.608802,-0.896971003022225,-0.906435613766718,0.009464610762419957,RiskPage2,12
1718906597.75,1.608802,-0.896971003022225,-0.9092282979810061,0.012257294976548592,RiskPage2,12
1718906598.0,1.60752,-0.8983373914836682,-0.9122257763262681,0.013888384860239363,RiskPage2,12
1718906598.25,1.602395,-0.903799747852542,-0.9153983725074442,0.01159862467244799,RiskPage2,12
1718906598.5,1.598551,-0.9078967815856056,-0.9187131541864072,0.010816372618288998,RiskPage2,12
1718906598.75,1.593425,-0.9133602037801124,-0.9221342420322949,0.008774038269646043,RiskPage2,12
1718906599.0,1.590862,-0.9160919148773659,-0.9256232053122143,0.009531290452322021,RiskPage2,12
1718906599.25,1.585736,-0.9215553370718725,-0.929139541146221,0.0075842040918651585,RiskPage2,12
1718906599.5,1.583174,-0.924285982343493,-0.9326412315754317,0.00835524924953127,RiskPage2,12
1718906599.75,1.574204,-0.9338464382710635,-0.9360853697923358,0.0022389315389724825,RiskPage2,12
1718906600.0,1.566515,-0.9420415715628235,-0.9394288443484269,-0.0026127271965607074,RiskPage2,12
1718906600.25,1.554983,-0.9543326727620145,-0.9426290679670856,-0.011703604776933016,RiskPage3,12
1718906600.5,1.55242,-0.957064383859268,-0.9456447358163216,-0.011419648024771101,RiskPage3,12
1718906600.75,1.556264,-0.9529673501262041,-0.9484365967808631,-0.004530753326973139,RiskPage3,12
1718906601.0,1.562671,-0.9461386052958873,-0.9509682204275949,0.0048296151502736275,RiskPage3,12
1718906601.25,1.565234,-0.9434068941986339,-0.953206741957724,0.009799847777852515,RiskPage3,12
1718906601.5,1.56139,-0.9475039279316975,-0.9551235674341927,0.007619639521444298,RiskPage3,12
1718906601.75,1.553701,-0.9556990612234576,-0.9566950219153358,0.0009959607109991503,RiskPage3,12
1718906602.0,1.547294,-0.9625278060537747,-0.9579029237928829,-0.004624882241615249,RiskPage3,12
1718906602.25,1.548576,-0.9611614175923315,-0.9587350696360913,-0.0024263479368218242,RiskPage3,12
1718906602.5,1.540887,-0.9693565508840918,-0.959185615218566,-0.01017093564597556,RiskPage3,12
1718906602.75,1.542169,-0.9679901624226486,-0.9592553401835631,-0.00873482221940905,RiskPage3,12
1718906603.0,1.540887,-0.9693565508840918,-0.9589517859997835,-0.010404764864507386,RiskPage3,12
1718906603.25,1.531917,-0.978917006811662,-0.9582892594563692,-0.020627747335366577,RiskPage3,12
1718906603.5,1.54345,-0.9666248397868383,-0.9572886968984948,-0.009336142868287876,RiskPage3,12
1718906603.75,1.539606,-0.9707218735199018,-0.955977387644163,-0.014744485855547789,RiskPage3,12
1718906604.0,1.546013,-0.9638931286895848,-0.9543885584568735,-0.00950457021237832,RiskPage3,12
1718906604.25,1.553701,-0.9556990612234576,-0.9525608244679427,-0.0031382367350350797,RiskPage3,12
1718906604.5,1.553701,-0.9556990612234576,-0.9505375154268584,-0.005161545775970197,RiskPage3,12
1718906604.75,1.556264,-0.9529673501262041,-0.9483658894908803,-0.00460146061454796,RiskPage3,12
1718906605.0,1.556264,-0.9529673501262041,-0.946096249842429,-0.006871100262859624,RiskPage3,12
1718906605.25,1.56139,-0.9475039279316975,-0.9437809821606915,-0.003722945749962709,RiskPage4,12
1718906605.5,1.558827,-0.9502356390289509,-0.9414735333067907,-0.008762105701005257,RiskPage4,12
1718906605.75,1.557545,-0.9516020274903941,-0.9392273534557131,-0.01237467401343431,RiskPage4,12
1718906606.0,1.567797,-0.9406751831013803,-0.9370948252717606,-0.0035803578083047644,RiskPage4,12
1718906606.25,1.574204,-0.9338464382710635,-0.9351262045229625,0.0012797662732552347,RiskPage4,12
1718906606.5,1.580611,-0.9270176934407465,-0.933368596702793,0.0063509032834152355,RiskPage4,12
1718906606.75,1.594706,-0.9119948811443023,-0.9318649937112271,0.0198701125882781,RiskPage4,12
1718906607.0,1.603676,-0.9024344252167318,-0.930653393388267,0.028218968192847596,RiskPage4,12
1718906607.25,1.608802,-0.896971003022225,-0.929766022668318,0.032795019667341774,RiskPage4,12
1718906607.5,1.606239,-0.8997027141194784,-0.9292286823604625,0.029525968262150294,RiskPage4,12
1718906607.75,1.599832,-0.9065314589497956,-0.9290602281502728,0.022528769221545397,RiskPage4,12
1718906608.0,1.593425,-0.9133602037801124,-0.9292721985240313,0.015911994764876848,RiskPage4,12
1718906608.25,1.585736,-0.9215553370718725,-0.9298685961518928,0.008313259100859925,RiskPage4,12
1718906608.5,1.571641,-0.9365781493683167,-0.930845825074808,-0.005732324272791273,RiskPage4,12
1718906608.75,1.565234,-0.9434068941986339,-0.9321927820544985,-0.011214112123539753,RiskPage4,12
1718906609.0,1.563952,-0.944773282660077,-0.933891096860132,-0.010882185779468059,RiskPage4,12
1718906609.25,1.558827,-0.9502356390289509,-0.9359155132117064,-0.014320125796882603,RiskPage4,12
1718906609.5,1.558827,-0.9502356390289509,-0.9382343996389629,-0.012001239369738185,RiskPage4,12
1718906609.75,1.557545,-0.9516020274903941,-0.9408103776378596,-0.01079164983239517,RiskPage4,12
1718906610.0,1.553701,-0.9556990612234576,-0.943601053152932,-0.012098008050496076,RiskPage4,12
1718906610.25,1.553701,-0.9556990612234576,-0.9465598364894138,-0.009139224714125625,PreMarketWait,13
1718906610.5,1.553701,-0.9556990612234576,-0.9496368351556973,-0.00606222604795752,PreMarketWait,13
1718906610.75,1.562671,-0.9461386052958873,-0.9527798037445189,0.006641198468312397,PreMarketWait,13
1718906611.0,1.569078,-0.9393098604655703,-0.9559351346762703,0.016625274230251313,PreMarketWait,13
1718906611.25,1.575485,-0.9324811156352533,-0.9590488733618806,0.026567757746040723,PreMarketWait,13
1718906611.5,1.56139,-0.9475039279316975,-0.9620677410385138,0.014563813126082499,PreMarketWait,13
1718906611.75,1.544731,-0.965259517151028,-0.9649401481817077,-0.00031936895021077985,PreMarketWait,13
1718906612.0,1.544731,-0.965259517151028,-0.967617181056999,0.0023576639249164727,PreMarketWait,13
1718906612.25,1.537043,-0.9734535846171554,-0.9700535437487078,-0.0034000408496705965,PreMarketWait,13
1718906612.5,1.526792,-0.984379363180536,-0.9722084380181785,-0.012170925143747813,PreMarketWait,13
1718906612.75,1.537043,-0.9734535846171554,-0.9740463637024681,0.0005927791037633077,PreMarketWait,13
1718906613.0,1.53448,-0.9761852957144086,-0.97553782312666,-0.0006474725694394909,PreMarketWait,13
1718906613.25,1.539606,-0.9707218735199018,-0.9766599141823025,0.005938040680595714,PreMarketWait,13
1718906613.5,1.549857,-0.9597960949565212,-0.9773967983035945,0.017600703365191532,PreMarketWait,13
1718906613.75,1.522947,-0.9884774627392324,-0.9777400315258045,-0.01073743119534033,PreMarketWait,13
1718906614.0,1.508852,-1.0035002750356765,-0.9776887491236644,-0.025811525893900095,PreMarketWait,13
1718906614.25,1.513978,-0.9980368528411698,-0.9772496970099729,-0.02078715581299742,PreMarketWait,13
1718906614.5,1.511415,-1.0007685639384234,-0.9764371061433708,-0.024331457776695473,PreMarketWait,13
1718906614.75,1.512696,-0.999403241302613,-0.9752724096396639,-0.02413083164435953,PreMarketWait,13
1718906615.0,1.52551,-0.9857457516419791,-0.9737838060339071,-0.011961945589171886,PreMarketWait,13
1718906615.25,1.551138,-0.9584307723207112,-0.9720056760652408,0.013574903763819268,PreMarketWait,13
1718906615.5,1.535761,-0.9748199730785985,-0.9699778642753121,-0.004842108783530222,PreMarketWait,13
1718906615.75,1.528073,-0.9830140405447256,-0.9677448404430397,-0.015269200081390787,PreMarketWait,13
1718906616.0,1.540887,-0.9693565508840918,-0.9653547592758717,-0.00400179158731946,PreMarketWait,13
1718906616.25,1.548576,-0.9611614175923315,-0.9628584397433246,0.0016970221725569443,PreMarketWait,13
1718906616.5,1.53448,-0.9761852957144086,-0.9603082879146475,-0.015877007777488093,PreMarketWait,13
1718906616.75,1.526792,-0.984379363180536,-0.9577571891037987,-0.02662217405372376,PreMarketWait,13
1718906617.0,1.539606,-0.9707218735199018,-0.9552573964798429,-0.015464477016289085,PreMarketWait,13
1718906617.25,1.56139,-0.9475039279316975,-0.9528594440034923,0.005355516096322331,PreMarketWait,13
1718906617.5,1.574204,-0.9338464382710635,-0.9506111115142835,0.01676467326849272,PreMarketWait,13
1718906617.75,1.588299,-0.9188236259746193,-0.9485564689097241,0.029732842961097572,PreMarketWait,13
1718906618.0,1.599832,-0.9065314589497956,-0.9467350245210847,0.040203565597963675,PreMarketWait,13
1718906618.25,1.606239,-0.8997027141194784,-0.9451809999415473,0.045478285849375084,PreMarketWait,13
1718906618.5,1.594706,-0.9119948811443023,-0.9439227497338903,0.031927868617466076,PreMarketWait,13
1718906618.75,1.581892,-0.9256523708049361,-0.9429823397789161,0.017329969002360182,PreMarketWait,13
1718906619.0,1.569078,-0.9393098604655703,-0.9423752927611824,0.0030654323244162472,PreMarketWait,13
1718906619.25,1.585736,-0.9215553370718725,-0.9421105037230593,0.020555166680329348,PreMarketWait,13
1718906619.5,1.575485,-0.9324811156352533,-0.942190323056181,0.009709207450318441,PreMarketWait,13
1718906619.75,1.575485,-0.9324811156352533,-0.9426107990051381,0.010129683399431358,PreMarketWait,13
1718906620.0,1.574204,-0.9338464382710635,-0.943362066935157,0.009515628693704196,PreMarketWait,13
1718906620.25,1.565234,-0.9434068941986339,-0.9444288684162945,0.0010219742472466452,MarketGridChoice,13
1718906620.5,1.56139,-0.9475039279316975,-0.9457911797246457,-0.001712748177574869,MarketGridChoice,13
1718906620.75,1.544731,-0.965259517151028,-0.9474249267615852,-0.017834590360153585,MarketGridChoice,13
1718906621.0,1.538324,-0.972088261981345,-0.9493027617294005,-0.02278550022291472,MarketGridChoice,13
1718906621.25,1.537043,-0.9734535846171554,-0.9513948762270804,-0.02205870836136927,MarketGridChoice,13
1718906621.5,1.533199,-0.977550618350219,-0.9536698257466412,-0.023880792575253957,MarketGridChoice,13
1718906621.75,1.535761,-0.9748199730785985,-0.9560953418014121,-0.018724631249293827,MarketGridChoice,13
1718906622.0,1.539606,-0.9707218735199018,-0.9586391099855667,-0.012082763506914021,MarketGridChoice,13
1718906622.25,1.53448,-0.9761852957144086,-0.9612694949846077,-0.01491580070288161,MarketGridChoice,13
1718906622.5,1.529354,-0.9816487179089153,-0.9639561967424747,-0.01769252114004291,MarketGridChoice,13
1718906622.75,1.531917,-0.978917006811662,-0.9666708254560514,-0.012246181329742305,MarketGridChoice,13
1718906623.0,1.538324,-0.972088261981345,-0.9693873866403866,-0.002700875315615338,MarketGridChoice,13
1718906623.25,1.535761,-0.9748199730785985,-0.9720826710336751,-0.002737302020089767,MarketGridChoice,13
1718906623.5,1.538324,-0.972088261981345,-0.974736547451477,0.0026482854944830207,MarketGridChoice,13
1718906623.75,1.538324,-0.972088261981345,-0.97733215973506,0.005243897777621992,MarketGridChoice,13
1718906624.0,1.530636,-0.9802823294474722,-0.9798560315773217,-0.00042629784663885024,MarketGridChoice,13
1718906624.25,1.535761,-0.9748199730785985,-0.9822980851949198,0.007478112139493916,MarketGridChoice,13
1718906624.5,1.53448,-0.9761852957144086,-0.9846515815248315,0.008466285833316317,MarketGridChoice,13
1718906624.75,1.533199,-0.977550618350219,-0.9869129908621619,0.00936237253461618,MarketGridChoice,13
1718906625.0,1.526792,-0.984379363180536,-0.9890818036471327,0.004702440489104828,MarketGridChoice,13
1718906625.25,1.52551,-0.9857457516419791,-0.9911602914911571,0.005414539871569882,MarketGridChoice,13
1718906625.5,1.519103,-0.992574496472296,-0.9931532285565419,0.000578732106564072,MarketGridChoice,13
1718906625.75,1.522947,-0.9884774627392324,-0.9950675831327338,0.006590120415783041,MarketGridChoice,13
1718906626.0,1.519103,-0.992574496472296,-0.9969121887461704,0.0043376922961519526,MarketGridChoice,13
1718906626.25,1.515259,-0.9966715302053598,-0.9986974034558842,0.0020258732728255634,MarketGridChoice,13
1718906626.5,1.512696,-0.999403241302613,-1.0004347651691827,0.0010315238889161138,MarketGridChoice,13
1718906626.75,1.507571,-1.0048655976714869,-1.0021366499007587,-0.0027289477483217767,MarketGridChoice,13
1718906627.0,1.519103,-0.992574496472296,-1.0038159389303127,0.011241442480490527,MarketGridChoice,13
1718906627.25,1.512696,-0.999403241302613,-1.0054856998191086,0.006082458539038297,MarketGridChoice,13
1718906627.5,1.507571,-1.0048655976714869,-1.0071588852499498,0.002293287601071692,MarketGridChoice,13
1718906627.75,1.503726,-1.0089636972301836,-1.0088480526814396,-0.00011564452607435577,MarketGridChoice,13
1718906628.0,1.501163,-1.0116954083274368,-1.0105651068854755,-0.0011303014192363186,MarketGridChoice,13
1718906628.25,1.498601,-1.0144260535990572,-1.0123210666037226,-0.0021049869725596007,MarketGridChoice,13
1718906628.5,1.498601,-1.0144260535990572,-1.014125855851088,-0.00030019772514784985,MarketGridChoice,13
1718906628.75,1.489631,-1.0239865095266278,-1.0159881198377487,-0.007998389666013486,MarketGridChoice,13
1718906629.0,1.490912,-1.0226211868908175,-1.0179150650858675,-0.00470612178204039,MarketGridChoice,13
1718906629.25,1.490912,-1.0226211868908175,-1.0199123230778504,-0.0027088637900113573,MarketGridChoice,13
1718906629.5,1.496038,-1.0171577646963108,-1.0219838366728786,0.004826071999573574,MarketGridChoice,13
1718906629.75,1.490912,-1.0226211868908175,-1.0241317685406088,0.0015105816728519543,MarketGridChoice,13
1718906630.0,1.488349,-1.0253528979880708,-1.0263564309538533,0.0010035329889011846,MarketGridChoice,13
1718906630.25,1.481942,-1.0321816428183879,-1.0286562364290464,-0.0035254063661646273,MarketGridChoice,13
1718906630.5,1.47938,-1.0349122880900083,-1.0310276688910442,-0.0038846191757327454,MarketGridChoice,13
1718906630.75,1.472973,-1.0417410329203252,-1.0334652752668072,-0.008275757630239003,MarketGridChoice,13
1718906631.0,1.474254,-1.040375710284515,-1.0359616776835456,-0.0044140325776517685,MarketGridChoice,13
1718906631.25,1.474254,-1.040375710284515,-1.0385076067550203,-0.001868103506150038,MarketGridChoice,13
1718906631.5,1.471691,-1.0431074213817684,-1.0410919567635581,-0.0020154645948528265,MarketGridChoice,13
1718906631.75,1.465284,-1.0499361662120854,-1.04370186384974,-0.006234302338992742,MarketGridChoice,13
1718906632.0,1.469128,-1.045839132479022,-1.0463228085650491,0.00048367610935622345,MarketGridChoice,13
1718906632.25,1.467847,-1.0472044551148323,-1.0489387442851836,0.0017342891936393502,MarketGridChoice,13
1718906632.5,1.466565,-1.0485708435762753,-1.051532252989224,0.0029614094361808483,MarketGridChoice,13
1718906632.75,1.464003,-1.0513014888478958,-1.0540847297551998,0.002783240930469421,MarketGridChoice,13
1718906633.0,1.462721,-1.052667877309339,-1.0565765969873218,0.003908719701073271,MarketGridChoice,13
1718906633.25,1.458877,-1.0567649110424024,-1.0589875488680285,0.002222637848637278,MarketGridChoice,13
1718906633.5,1.460158,-1.055399588406592,-1.0612968258266917,0.005897237443029476,MarketGridChoice,13
1718906633.75,1.456314,-1.0594966221396558,-1.0634835179552866,0.003986895838477668,MarketGridChoice,13
1718906634.0,1.453751,-1.0622283332369094,-1.0655268953058827,0.003298562091735009,MarketGridChoice,13
1718906634.25,1.45247,-1.0635936558727195,-1.0674067619063767,0.003813106056330859,MarketGridChoice,13
1718906634.5,1.45247,-1.0635936558727195,-1.0691038291638695,0.005510173313733664,MarketGridChoice,13
1718906634.75,1.451189,-1.0649589785085296,-1.0706001031263686,0.005641124640332701,MarketGridChoice,13
1718906635.0,1.451189,-1.0649589785085296,-1.0718792788811484,0.00692030039502532,MarketGridChoice,13
1718906635.25,1.446063,-1.0704224007030363,-1.0729271342213922,0.0025047335406807657,MarketGridChoice,13
1718906635.5,1.446063,-1.0704224007030363,-1.0737319136535812,0.003309512972797755,MarketGridChoice,13
1718906635.75,1.451189,-1.0649589785085296,-1.0742846928920322,0.009325714405695882,MarketGridChoice,13
1718906636.0,1.444782,-1.0717877233388466,-1.0745797132416819,0.0027919899249845225,MarketGridChoice,13
1718906636.25,1.446063,-1.0704224007030363,-1.0746146747528609,0.004192274071948727,MarketGridChoice,13
1718906636.5,1.4435,-1.0731541118002899,-1.0743909767882556,0.001236865010088062,MarketGridChoice,13
1718906636.75,1.4435,-1.0731541118002899,-1.0739138947181093,0.0007597829399673536,MarketGridChoice,13
1718906637.0,1.440937,-1.0758858228975434,-1.0731926818993498,-0.0026931409759887474,MarketGridChoice,13
1718906637.25,1.440937,-1.0758858228975434,-1.072240586936756,-0.0036452359384926015,MarketGridChoice,13
1718906637.5,1.43453,-1.0827145677278602,-1.0710747774979827,-0.011639790207462277,MarketGridChoice,13
1718906637.75,1.435812,-1.081348179266417,-1.0697161636731634,-0.011632015570694768,MarketGridChoice,13
1718906638.0,1.433249,-1.0840798903636706,-1.068189116029509,-0.015890774311441955,MarketGridChoice,13
1718906638.25,1.430686,-1.086811601460924,-1.0665210760843873,-0.020290525353645006,MarketGridChoice,13
1718906638.5,1.448426,-1.0679038547323734,-1.064742059851578,-0.003161794857726932,MarketGridChoice,13
1718906638.75,1.448426,-1.0679038547323734,-1.0628840583202757,-0.005019796388853862,MarketGridChoice,13
1718906639.0,1.448426,-1.0679038547323734,-1.0609803420964714,-0.006923512612490102,MarketGridChoice,13
1718906639.25,1.447145,-1.0692691773681837,-1.0590646808532618,-0.0102044964913544,MarketGridChoice,13
1718906639.5,1.444582,-1.0720008884654368,-1.0571704915900506,-0.014830396851679287,MarketGridChoice,13
1718906639.75,1.450989,-1.0651721436351198,-1.0553299328983594,-0.009842210712934186,MarketGridChoice,13
1718906640.0,1.463803,-1.051514653974486,-1.0535729653951906,0.00205831144462854,MarketGridChoice,13
1718906640.25,1.445864,-1.0706345000039936,-1.0519264011349612,-0.018708098845031905,MarketGridChoice,13
1718906640.5,1.456115,-1.0597087214406131,-1.0504129670623477,-0.009295754354208024,MarketGridChoice,13
1718906640.75,1.447145,-1.0692691773681837,-1.0490504093319366,-0.02021876801215073,MarketGridChoice,13
1718906641.0,1.453552,-1.0624404325378665,-1.0478506665085725,-0.014589766005172932,MarketGridChoice,13
1718906641.25,1.462522,-1.052879976610296,-1.0468191401838334,-0.006060836402326248,ForecastPage,13
1718906641.5,1.477899,-1.0364907758524087,-1.0459540912959164,0.009463315467655335,ForecastPage,13
1718906641.75,1.484306,-1.0296620310220919,-1.0452461893058078,0.015584158307875694,ForecastPage,13
1718906642.0,1.484306,-1.0296620310220919,-1.0446782392479308,0.015016208250015381,ForecastPage,13
1718906642.25,1.485587,-1.0282967083862815,-1.0442251084551806,0.015928400093098594,ForecastPage,13
1718906642.5,1.500964,-1.011907507628394,-1.043853870429972,0.03194636282580725,ForecastPage,13
1718906642.75,1.509934,-1.0023470517008235,-1.043524177935589,0.04117712625903091,ForecastPage,13
1718906643.0,1.509934,-1.0023470517008235,-1.0431888710185182,0.04084181934200081,ForecastPage,13
1718906643.25,1.507371,-1.005078762798077,-1.0427948184996616,0.037716055725934644,ForecastPage,13
1718906643.5,1.530437,-0.9804944287484295,-1.042283983702931,0.06178955497889685,ForecastPage,13
1718906643.75,1.530437,-0.9804944287484295,-1.0415946970963936,0.061100268372403725,ForecastPage,13
1718906644.0,1.495839,-1.017369863997268,-1.0406631104353428,0.02329324646255481,ForecastPage,13
1718906644.25,1.475336,-1.0392224869496622,-1.039424799301048,0.00020231237589925233,ForecastPage,13
1718906644.5,1.465085,-1.0501482655130427,-1.0378164740426967,-0.012331791445807469,ForecastPage,13
1718906644.75,1.461241,-1.0542452992461062,-1.0357777534732198,-0.018467545748330323,ForecastPage,13
1718906645.0,1.456115,-1.0597087214406131,-1.033252951600863,-0.02645576981518273,ForecastPage,13
1718906645.25,1.453552,-1.0624404325378665,-1.0301928254317976,-0.032247607081495974,ForecastPage,13
1718906645.5,1.456115,-1.0597087214406131,-1.0265562315379204,-0.03315248987811699,ForecastPage,13
1718906645.75,1.458678,-1.0569770103433598,-1.0223116405959978,-0.03466536972278425,ForecastPage,13
1718906646.0,1.454834,-1.0610740440764235,-1.0174384623162158,-0.04363558173562583,ForecastPage,13
1718906646.25,1.480462,-1.0337590647551553,-1.0119281378667735,-0.021830926863792448,ForecastPage,13
1718906646.5,1.536844,-0.9736656839181124,-1.0057849627956092,0.03211927890209841,ForecastPage,13
1718906646.75,1.538125,-0.9723003612823024,-0.999026610255264,0.026726248997579506,ForecastPage,13
1718906647.0,1.543251,-0.9668369390877956,-0.9916843317696158,0.0248473927064582,ForecastPage,13
1718906647.25,1.527874,-0.983226139845683,-0.9838028206296644,0.0005766808086427383,ForecastPage,13
1718906647.5,1.47918,-1.0351254532165985,-0.9754397311817261,-0.0596857220101867,ForecastPage,13
1718906647.75,1.47918,-1.0351254532165985,-0.9666648558145556,-0.06846059737733547,ForecastPage,13
1718906648.0,1.490713,-1.0228332861917748,-0.9575589704565854,-0.06527431571046684,ForecastPage,13
1718906648.25,1.504808,-1.0078104738953306,-0.9482123688920157,-0.05959810497858764,ForecastPage,13
1718906648.5,1.508653,-1.0037123743366339,-0.9387231160618581,-0.06498925825005678,ForecastPage,13
1718906648.75,1.509934,-1.0023470517008235,-0.9291950604045732,-0.07315199127155489,ForecastPage,13
1718906649.0,1.565035,-0.9436189934995911,-0.9197356547289148,-0.023883338746020225,ForecastPage,13
1718906649.25,1.586819,-0.9204010479113868,-0.9104536435379553,-0.00994740434883229,ForecastPage,13
1718906649.5,1.61501,-0.8903543574928653,-0.9014566815619468,0.011102324093603518,ForecastPage,13
1718906649.75,1.626542,-0.8780632562936745,-0.8928489529712273,0.01478569670197447,ForecastPage,13
1718906650.0,1.657296,-0.8452848547778996,-0.8847288628872095,0.03944400813360503,ForecastPage,13
1718906650.25,1.695738,-0.8043123857959977,-0.8771868720959692,0.07287448632411274,ForecastPage,13
1718906650.5,1.720085,-0.7783627291105397,-0.8703035421748901,0.09194081308830931,ForecastPage,13
1718906650.75,1.725211,-0.772899306916033,-0.8641478516226236,0.09124854473033854,ForecastPage,13
1718906651.0,1.731618,-0.766070562085716,-0.8587758342657235,0.09270527220351653,ForecastPage,13
1718906651.25,1.729055,-0.7688022731829695,-0.8542295796126127,0.0854273064528879,ForecastPage,13
1718906651.5,1.708552,-0.7906548961353635,-0.8505366215218064,0.059881725409401496,ForecastPage,13
1718906651.75,1.694457,-0.8056777084318077,-0.8477097272644408,0.042032018855290634,ForecastPage,13
1718906652.0,1.666266,-0.8357243988503292,-0.8457470845736003,0.010022685745620957,ForecastPage,13
1718906652.25,1.650889,-0.8521135996082166,-0.8446328703537367,-0.007480729232435243,ForecastPage,13
1718906652.5,1.634231,-0.8698681230019143,-0.8443381720547601,-0.02552995092540338,ForecastPage,13
1718906652.75,1.635512,-0.8685028003661039,-0.8448222218320078,-0.023680578512619233,ForecastPage,13
1718906653.0,1.647045,-0.8562106333412802,-0.8460338948654056,-0.010176738454644084,ForecastPage,13
1718906653.25,1.645763,-0.8575770218027233,-0.8479134167590704,-0.009663605022636045,ForecastPage,13
1718906653.5,1.632949,-0.8712345114633575,-0.8503942207875297,-0.020840290654988602,ForecastPage,13
1718906653.75,1.618854,-0.8862573237598017,-0.8534048937954877,-0.03285242994361552,ForecastPage,13
1718906654.0,1.612447,-0.8930860685901187,-0.8568711496497414,-0.036214918919784185,ForecastPage,13
1718906654.25,1.607321,-0.8985494907846254,-0.8607177711275965,-0.037831719636509,ForecastPage,13
1718906654.5,1.612447,-0.8930860685901187,-0.8648704648328948,-0.028215603736750014,ForecastPage,13
1718906654.75,1.622698,-0.8821602900267381,-0.8692575789481854,-0.012902711058104664,ForecastPage,13
1718906655.0,1.611165,-0.894452457051562,-0.8738116401034837,-0.020640816927644412,ForecastPage,13
1718906655.25,1.60604,-0.8999148134204358,-0.8784706730837811,-0.021444140316230438,ForecastPage,13
1718906655.5,1.602195,-0.9040129129791322,-0.8831792752285434,-0.02083363773017769,ForecastPage,13
1718906655.75,1.589381,-0.9176704026397663,-0.8878894259462509,-0.029780976673129164,ForecastPage,13
1718906656.0,1.586819,-0.9204010479113868,-0.8925610205580378,-0.027840027333005658,ForecastPage,13
1718906656.25,1.581693,-0.9258644701058935,-0.8971621264956778,-0.02870234358993884,ForecastPage,13
1718906656.5,1.57913,-0.9285961812031469,-0.9016689685055317,-0.026927212677430812,ForecastPage,13
1718906656.75,1.580411,-0.9272308585673367,-0.906065657730032,-0.021165200817237287,ForecastPage,13
1718906657.0,1.582974,-0.9244991474700831,-0.9103436871123369,-0.014155460337817546,ForecastPage,13
1718906657.25,1.5881,-0.9190357252755764,-0.9145012222489523,-0.004534503006851131,ForecastPage,13
1718906657.5,1.602195,-0.9040129129791322,-0.9185422223560998,0.014529309396573944,ForecastPage,13
1718906657.75,1.608602,-0.8971841681488152,-0.9224754302004852,0.025291262071104305,ForecastPage,13
1718906658.0,1.61501,-0.8903543574928653,-0.9263132725045353,0.03595891503093288,ForecastPage,13
1718906658.25,1.613728,-0.8917207459543084,-0.9300707133742528,0.03834996743904158,ForecastPage,13
1718906658.5,1.603477,-0.902646524517689,-0.933764102714001,0.031117578215253468,ForecastPage,13
1718906658.75,1.594507,-0.9122069804452596,-0.9374100594911686,0.02520307906470777,ForecastPage,13
1718906659.0,1.585537,-0.9217674363728299,-0.9410244262937771,0.019256989939619232,ForecastPage,13
1718906659.25,1.584256,-0.92313275900864,-0.9446213271490362,0.021488568158959623,ForecastPage,13
1718906659.5,1.574004,-0.9340596033976537,-0.9482123553277806,0.014152751948602535,ForecastPage,13
1718906659.75,1.566316,-0.9422536708637809,-0.9518059121240836,0.009552241278713541,ForecastPage,13
1718906660.0,1.562472,-0.9463507045968444,-0.9554067116148766,0.009056007036401428,ForecastPage,13
1718906660.25,1.558627,-0.9504488041555411,-0.9590154603783424,0.008566656241152461,ForecastPage,13
1718906660.5,1.549658,-0.9600081942574785,-0.9626287152546694,0.0026205210155454996,ForecastPage,13
1718906660.75,1.550939,-0.9586428716216682,-0.9662389166086965,0.007596045005405125,ForecastPage,13
1718906661.0,1.545813,-0.964106293816175,-0.9698345893126361,0.005728295514876276,ForecastPage,13
1718906661.25,1.540688,-0.9695686501850488,-0.9734006988967286,0.0038320487301463694,ForecastPage,13
1718906661.5,1.535562,-0.9750320723795556,-0.9769191460878219,0.0018870737267957637,ForecastPage,13
1718906661.75,1.532999,-0.977763783476809,-0.9803693793308018,0.002605595872597597,ForecastPage,13
1718906662.0,1.526592,-0.9845925283071262,-0.9837291019182284,-0.0008634263702036859,ForecastPage,13
1718906662.25,1.518904,-0.9927865957732532,-0.9869750480847979,-0.005811547669655552,ForecastPage,13
1718906662.5,1.517622,-0.9941529842346964,-0.9900838008909285,-0.00406918332484358,ForecastPage,13
1718906662.75,1.512497,-0.9996153406035704,-0.993032623946437,-0.006582716638065887,ForecastPage,13
1718906663.0,1.507371,-1.005078762798077,-0.9958002790174374,-0.009278483761412482,ForecastPage,13
1718906663.25,1.507371,-1.005078762798077,-0.9983678023053069,-0.0067109604733694775,ForecastPage,13
1718906663.5,1.502246,-1.0105411191669509,-1.0007192136553351,-0.009821905492029406,ForecastPage,13
1718906663.75,1.500964,-1.011907507628394,-1.002842135097881,-0.009065372510731324,ForecastPage,13
1718906664.0,1.503527,-1.0091757965311405,-1.0047282978871228,-0.0044474986240331214,ForecastPage,13
1718906664.25,1.499683,-1.0132728302642042,-1.0063739205132352,-0.00689890973077883,ForecastPage,13
1718906664.5,1.494557,-1.0187362524587111,-1.0077799439491533,-0.010956308489163272,ForecastPage,13
1718906664.75,1.493276,-1.0201015750945213,-1.0089521145782079,-0.01114946049572056,ForecastPage,13
1718906665.0,1.489432,-1.0241986088275847,-1.0099009097606446,-0.014297699046159379,ForecastPage,13
1718906665.25,1.483024,-1.031028419483535,-1.0106413057622028,-0.02038711370037706,ForecastPage,13
1718906665.5,1.476617,-1.0378571643138519,-1.011192392706332,-0.026664771586405178,ForecastPage,13
1718906665.75,1.472773,-1.0419541980469154,-1.0115768462273145,-0.03037735179834133,ForecastPage,13
1718906666.0,1.471492,-1.0433195206827257,-1.0118202704739614,-0.03149925018737051,ForecastPage,13
1718906666.25,1.477899,-1.0364907758524087,-1.0119504318894292,-0.0245403439414573,ForecastPage,13
1718906666.5,1.490713,-1.0228332861917748,-1.0119964075809202,-0.010836878589203491,ForecastPage,13
1718906666.75,1.507371,-1.005078762798077,-1.0119876758684145,0.006908913092124588,ForecastPage,13
1718906667.0,1.517622,-0.9941529842346964,-1.0119531795232055,0.01780019531044382,ForecastPage,13
1718906667.25,1.520185,-0.9914212731374432,-1.0119203940511987,0.020499120935851555,ForecastPage,13
1718906667.5,1.521467,-0.990054884676,-1.0119144339760333,0.02185954932230516,ForecastPage,13
1718906667.75,1.526592,-0.9845925283071262,-1.0119572293550314,0.027364701070365764,ForecastPage,13
1718906668.0,1.526592,-0.9845925283071262,-1.012066802737315,0.02747427445284633,ForecastPage,13
1718906668.25,1.521467,-0.990054884676,-1.0122566735543177,0.022201788901173167,ForecastPage,13
1718906668.5,1.516341,-0.9955183068705068,-1.0125354126853536,0.0170171058378919,ForecastPage,13
1718906668.75,1.522748,-0.9886895620401897,-1.0129063648687748,0.024216802851801302,ForecastPage,13
1718906669.0,1.51506,-0.9968836295063168,-1.0133675509537656,0.016483921470808415,ForecastPage,13
1718906669.25,1.516341,-0.9955183068705068,-1.0139117559312354,0.01839344908419839,ForecastPage,13
1718906669.5,1.51506,-0.9968836295063168,-1.0145268024567926,0.01764317297401949,ForecastPage,13
1718906669.75,1.512497,-0.9996153406035704,-1.0151960033831762,0.015580662803186552,ForecastPage,13
1718906670.0,1.513778,-0.99825001796776,-1.0158987808407542,0.017648762896576884,ForecastPage,13
1718906670.25,1.504808,-1.0078104738953306,-1.0166114338200962,0.008800959948318931,ForecastPage,13
1718906670.5,1.502246,-1.0105411191669509,-1.017308031188661,0.006766912045209196,ForecastPage,13
1718906670.75,1.49712,-1.0160045413614578,-1.0179614027731836,0.0019568614351526373,ForecastPage,13
1718906671.0,1.483024,-1.031028419483535,-1.0185441977054706,-0.012484221754720217,ForecastPage,13
1718906671.25,1.483024,-1.031028419483535,-1.0190299767847764,-0.011998442675502222,MarketWaitPage,13
1718906671.5,1.481743,-1.032393742119345,-1.0193943042436084,-0.012999437852569594,MarketWaitPage,13
1718906671.75,1.486869,-1.0269303199248383,-1.0196158040595074,-0.007314515842252241,MarketWaitPage,13
1718906672.0,1.47918,-1.0351254532165985,-1.0196771468257764,-0.01544830636782683,MarketWaitPage,13
1718906672.25,1.476617,-1.0378571643138519,-1.0195659351253605,-0.018291229165571955,MarketWaitPage,13
1718906672.5,1.475336,-1.0392224869496622,-1.0192754582574386,-0.019947028669370835,MarketWaitPage,13
1718906672.75,1.486869,-1.0269303199248383,-1.0188052909405039,-0.008125028961537453,MarketWaitPage,13
1718906673.0,1.47021,-1.044685909144169,-1.018161715140297,-0.026524193981118833,MarketWaitPage,13
1718906673.25,1.466366,-1.0487829428772324,-1.0173579493132994,-0.03142499354120985,MarketWaitPage,13
1718906673.5,1.463803,-1.051514653974486,-1.0164141749693019,-0.03510047898247487,MarketWaitPage,13
1718906673.75,1.466366,-1.0487829428772324,-1.015357356376815,-0.033425586477704355,MarketWaitPage,13
1718906674.0,1.494557,-1.0187362524587111,-1.0142208552761522,-0.004515397159822146,MarketWaitPage,13
1718906674.25,1.507371,-1.005078762798077,-1.0130438484069835,0.007965085631689212,MarketWaitPage,13
1718906674.5,1.516341,-0.9955183068705068,-1.0118705612534207,0.016352254405765845,MarketWaitPage,13
1718906674.75,1.504808,-1.0078104738953306,-1.0107493364209574,0.0029388625485707157,MarketWaitPage,13
1718906675.0,1.513778,-0.99825001796776,-1.0097315593028324,0.01148154135812961,MarketWaitPage,13
1718906675.25,1.512497,-0.9996153406035704,-1.0088704670759332,0.009255126495553054,RoundResultsPage,13
1718906675.5,1.509934,-1.0023470517008235,-1.0082198695839144,0.005872817906434909,RoundResultsPage,13
1718906675.75,1.50609,-1.0064440854338874,-1.0078328123709872,0.0013887269606215544,RoundResultsPage,13
1718906676.0,1.503527,-1.0091757965311405,-1.0077602131000145,-0.001415583407398488,RoundResultsPage,13
1718906676.25,1.504808,-1.0078104738953306,-1.0080495029001642,0.00023902902879846533,RoundResultsPage,13
1718906676.5,1.507371,-1.005078762798077,-1.0087433039085207,0.003664541134680361,RoundResultsPage,13
1718906676.75,1.504808,-1.0078104738953306,-1.0098781734448317,0.0020676995740444154,RoundResultsPage,13
1718906677.0,1.502246,-1.0105411191669509,-1.0114834439179086,0.0009423247758411808,RoundResultsPage,13
1718906677.25,1.49712,-1.0160045413614578,-1.013580185722197,-0.00242435561400816,RoundResultsPage,13
1718906677.5,1.495839,-1.017369863997268,-1.0161803180558195,-0.0011895459158048505,RoundResultsPage,13
1718906677.75,1.518904,-0.9927865957732532,-1.0192858897896315,0.026499294042423342,RoundResultsPage,13
1718906678.0,1.525311,-0.9859578509429362,-1.0228885492535504,0.03693069833705867,RoundResultsPage,13
1718906678.25,1.51506,-0.9968836295063168,-1.026969218100315,0.030085588620826553,RoundResultsPage,13
1718906678.5,1.494557,-1.0187362524587111,-1.0314979803026247,0.01276172787109897,RoundResultsPage,13
1718906678.75,1.465085,-1.0501482655130427,-1.0364341929366707,-0.01371407254886716,RoundResultsPage,13
1718906679.0,1.467648,-1.0474165544157892,-1.0417268208674952,-0.005689733520516655,RoundResultsPage,13
1718906679.25,1.447145,-1.0692691773681837,-1.0473149929780268,-0.021954184362160994,RoundResultsPage,13
1718906679.5,1.444582,-1.0720008884654368,-1.0531287733470605,-0.01887211509021899,RoundResultsPage,13
1718906679.75,1.450989,-1.0651721436351198,-1.0590901368766819,-0.006082006730176247,RoundResultsPage,13
1718906680.0,1.462522,-1.052879976610296,-1.0651141352969786,0.01223415871499425,RoundResultsPage,13
1718906680.25,1.463803,-1.051514653974486,-1.0711102361620388,0.01959558221586379,RoundResultsPage,13
1718906680.5,1.457396,-1.058343398804803,-1.0769838142923853,0.018640415515844663,RoundResultsPage,13
1718906680.75,1.450989,-1.0651721436351198,-1.0826377720309595,0.017465628424006983,RoundResultsPage,13
1718906681.0,1.444582,-1.0720008884654368,-1.0879742616392203,0.015973373201809967,RoundResultsPage,13
1718906681.25,1.431768,-1.085658378126071,-1.0928964802196095,0.007238102121378851,RoundResultsPage,13
1718906681.5,1.427924,-1.0897554118591346,-1.0973105048246385,0.007555092993113698,RoundResultsPage,13
1718906681.75,1.425361,-1.0924871229563877,-1.101127133045117,0.00864001011606719,RoundResultsPage,13
1718906682.0,1.425361,-1.0924871229563877,-1.1042636925046254,0.011776569575267237,RoundResultsPage,13
1718906682.25,1.418954,-1.0993158677867048,-1.1066457814506598,0.007329913690644689,RoundResultsPage,13
1718906682.5,1.412547,-1.106144612617022,-1.1082089021302381,0.002064289539540548,RoundResultsPage,13
1718906682.75,1.398452,-1.1211674249134662,-1.1088999489594182,-0.012267475928106834,RoundResultsPage,13
1718906683.0,1.399733,-1.119802102277656,-1.1086785147228604,-0.01112358752924686,RoundResultsPage,13
1718906683.25,1.407421,-1.1116080348115287,-1.107517980237924,-0.004090054548446887,RoundResultsPage,13
1718906683.5,1.404859,-1.114338680083149,-1.1054063561260974,-0.008932323932273467,RoundResultsPage,13
1718906683.75,1.401014,-1.1184367796418457,-1.1023468495504598,-0.016089930066966806,RoundResultsPage,13
1718906684.0,1.403577,-1.1157050685445922,-1.0983581339597996,-0.017346934560704255,RoundResultsPage,13
1718906684.25,1.395889,-1.1238991360107196,-1.0934743059592722,-0.030424830027657,RoundResultsPage,13
1718906684.5,1.39717,-1.1225338133749092,-1.0877445203166627,-0.03478929303471996,RoundResultsPage,13
1718906684.75,1.395889,-1.1238991360107196,-1.08123230170131,-0.04266683428611388,RoundResultsPage,13
1718906685.0,1.404859,-1.114338680083149,-1.074014539890314,-0.04032414016974009,RoundResultsPage,13
1718906685.25,1.409984,-1.1088763237142754,-1.0661801836626768,-0.04269614002867977,RoundResultsPage,13
1718906685.5,1.417673,-1.100681190422515,-1.0578286571775521,-0.04285253322220035,RoundResultsPage,13
1718906685.75,1.449708,-1.0665374662709302,-1.0490680309858256,-0.017469435262483082,RoundResultsPage,13
1718906686.0,1.475336,-1.0392224869496622,-1.040012987605132,0.0007905006779620541,RoundResultsPage,13
1718906686.25,1.476617,-1.0378571643138519,-1.0307826284347974,-0.007074535856681411,RiskPage1,13
1718906686.5,1.485587,-1.0282967083862815,-1.021498174358309,-0.006798534005710089,RiskPage1,13
1718906686.75,1.508653,-1.0037123743366339,-1.012280616395525,0.008568242081050313,RiskPage1,13
1718906687.0,1.550939,-0.9586428716216682,-1.0032483750274477,0.04460550342784079,RiskPage1,13
1718906687.25,1.57016,-0.9381566371307173,-0.9945150272100257,0.05635839010127555,RiskPage1,13
1718906687.5,1.556065,-0.9531794494271615,-0.9861871585845263,0.03300770917923961,RiskPage1,13
1718906687.75,1.540688,-0.9695686501850488,-0.9783623950321854,0.008793744868919283,RiskPage1,13
1718906688.0,1.532999,-0.977763783476809,-0.971127662668699,-0.006636120786421208,RiskPage1,13
1718906688.25,1.485587,-1.0282967083862815,-0.9645577188845602,-0.06373898948013036,RiskPage1,13
1718906688.5,1.622698,-0.8821602900267381,-0.9587139893960722,0.07655369939082177,RiskPage1,13
1718906688.75,1.673954,-0.8275303313842021,-0.9536437377059973,0.1261134063431729,RiskPage1,13
1718906689.0,1.634231,-0.8698681230019143,-0.949379584007499,0.07951146102684543,RiskPage1,13
1718906689.25,1.599633,-0.9067435582507526,-0.945939380486332,0.039195822256715966,RiskPage1,13
1718906689.5,1.585537,-0.9217674363728299,-0.9433264393746255,0.02155900302280031,RiskPage1,13
1718906689.75,1.574004,-0.9340596033976537,-0.9415300993853482,0.007470496008561318,RiskPage1,13
1718906690.0,1.566316,-0.9422536708637809,-0.9405266058792161,-0.0017270649638381763,RiskPage1,13
1718906690.25,1.565035,-0.9436189934995911,-0.9402802708680896,-0.003338722610913055,RiskPage1,13
1718906690.5,1.557346,-0.9518141267913514,-0.9407448711949337,-0.011069255575959206,RiskPage1,13
1718906690.75,1.556065,-0.9531794494271615,-0.9418652372298094,-0.011314212177007395,RiskPage1,13
1718906691.0,1.545813,-0.964106293816175,-0.9435789803175368,-0.0205273134783828,RiskPage1,13
1718906691.25,1.539406,-0.970935038646492,-0.9458183050387697,-0.025116733587523726,RiskPage2,13
1718906691.5,1.535562,-0.9750320723795556,-0.9485118520680819,-0.02652022029129219,RiskPage2,13
1718906691.75,1.524029,-0.9873242394043794,-0.9515865189447752,-0.035737720439395326,RiskPage2,13
1718906692.0,1.524029,-0.9873242394043794,-0.9549692092826146,-0.03235503010148216,RiskPage2,13
1718906692.25,1.511215,-1.0009817290650136,-0.9585884656560754,-0.04239326338853677,RiskPage2,13
1718906692.5,1.499683,-1.0132728302642042,-0.9623759473912422,-0.05089688285240175,RiskPage2,13
1718906692.75,1.503527,-1.0091757965311405,-0.9662677214958337,-0.04290807501455501,RiskPage2,13
1718906693.0,1.513778,-0.99825001796776,-0.9702053426816569,-0.028044675265135856,RiskPage2,13
1718906693.25,1.521467,-0.990054884676,-0.9741367065229249,-0.01591817813187841,RiskPage2,13
1718906693.5,1.541969,-0.9682033275492388,-0.9780166678862543,0.00981334035844568,RiskPage2,13
1718906693.75,1.55222,-0.9572775489858582,-0.9818074244937517,0.02452987552955261,RiskPage2,13
1718906694.0,1.535562,-0.9750320723795556,-0.9854786725154822,0.01044660015780452,RiskPage2,13
1718906694.25,1.521467,-0.990054884676,-0.9890075472001189,-0.0010473374537974672,RiskPage2,13
1718906694.5,1.521467,-0.990054884676,-0.9923783666302947,0.0023234819765693224,RiskPage2,13
1718906694.75,1.521467,-0.990054884676,-0.9955822007290968,0.005527316075546646,RiskPage2,13
1718906695.0,1.517622,-0.9941529842346964,-0.9986162907084616,0.004463306496373127,RiskPage2,13
1718906695.25,1.513778,-0.99825001796776,-1.001483346314408,0.0032333283693943247,RiskPage2,13
1718906695.5,1.513778,-0.99825001796776,-1.0041907495475015,0.005940731602603933,RiskPage2,13
1718906695.75,1.51506,-0.9968836295063168,-1.0067496940626917,0.0098660645793297,RiskPage2,13
1718906696.0,1.512497,-0.9996153406035704,-1.0091742892188027,0.009558948638256366,RiskPage2,13
1718906696.25,1.51506,-0.9968836295063168,-1.0114806567963723,0.014597027313126818,RiskPage2,13
1718906696.5,1.517622,-0.9941529842346964,-1.013686046783776,0.019533062572179013,RiskPage2,13
1718906696.75,1.511215,-1.0009817290650136,-1.0158079964101054,0.014826267368204887,RiskPage2,13
1718906697.0,1.50609,-1.0064440854338874,-1.017863553862754,0.011419468451982911,RiskPage2,13
1718906697.25,1.502246,-1.0105411191669509,-1.019868584973748,0.009327465829910401,RiskPage3,13
1718906697.5,1.493276,-1.0201015750945213,-1.021837177716145,0.001735602644729748,RiskPage3,13
1718906697.75,1.486869,-1.0269303199248383,-1.0237811557530039,-0.0031491641487390483,RiskPage3,13
1718906698.0,1.493276,-1.0201015750945213,-1.0257097086513844,0.005608133579944649,RiskPage3,13
1718906698.25,1.489432,-1.0241986088275847,-1.027629142814489,0.00343053400996768,RiskPage3,13
1718906698.5,1.489432,-1.0241986088275847,-1.0295427537679114,0.005344144963368434,RiskPage3,13
1718906698.75,1.48815,-1.025564997289028,-1.031450817205388,0.005885819939378168,RiskPage3,13
1718906699.0,1.484306,-1.0296620310220919,-1.0333506931852185,0.003688662186119753,RiskPage3,13
1718906699.25,1.484306,-1.0296620310220919,-1.035237035099601,0.005575004100477061,RiskPage3,13
1718906699.5,1.480462,-1.0337590647551553,-1.0371020925510923,0.0033430278188813526,RiskPage3,13
1718906699.75,1.477899,-1.0364907758524087,-1.0389360951050899,0.0024453192756054547,RiskPage3,13
1718906700.0,1.47021,-1.044685909144169,-1.040727702088893,-0.003958207032367737,RiskPage3,13
1718906700.25,1.468929,-1.0460512317799793,-1.042464502218977,-0.003586729538104943,RiskPage3,13
1718906700.5,1.468929,-1.0460512317799793,-1.0441335458945533,-0.0019176858625330594,RiskPage3,13
1718906700.75,1.465085,-1.0501482655130427,-1.0457218925212968,-0.0044263729688491585,RiskPage3,13
1718906701.0,1.465085,-1.0501482655130427,-1.0472171552317868,-0.002931110258343984,RiskPage3,13
1718906701.25,1.461241,-1.0542452992461062,-1.0486080258395543,-0.005637273383611249,RiskPage3,13
1718906701.5,1.458678,-1.0569770103433598,-1.0498847637801263,-0.00709224654024798,RiskPage3,13
1718906701.75,1.459959,-1.0556116877075494,-1.0510396341262012,-0.0045720535583005685,RiskPage3,13
1718906702.0,1.454834,-1.0610740440764235,-1.0520672814807202,-0.009006762572575372,RiskPage3,13
1718906702.25,1.453552,-1.0624404325378665,-1.0529650286107097,-0.009475403903930877,RiskPage4,13
1718906702.5,1.450989,-1.0651721436351198,-1.0537330910385203,-0.01143905257325964,RiskPage4,13
1718906702.75,1.450989,-1.0651721436351198,-1.0543747013995486,-0.010797442212103107,RiskPage4,13
1718906703.0,1.453552,-1.0624404325378665,-1.054896140141476,-0.007544292372780294,RiskPage4,13
1718906703.25,1.453552,-1.0624404325378665,-1.0553066720038082,-0.0071337605102923494,RiskPage4,13
1718906703.5,1.450989,-1.0651721436351198,-1.0556183905930525,-0.009553753018131857,RiskPage4,13
1718906703.75,1.450989,-1.0651721436351198,-1.055845976168581,-0.009326167442420827,RiskPage4,13
1718906704.0,1.454834,-1.0610740440764235,-1.0560063743887562,-0.0050676696633543995,RiskPage4,13
1718906704.25,1.453552,-1.0624404325378665,-1.0561184061525526,-0.006322026360795851,RiskPage4,13
1718906704.5,1.459959,-1.0556116877075494,-1.0562023207292266,0.0005906330464097254,RiskPage4,13
1718906704.75,1.465085,-1.0501482655130427,-1.0562793060222972,0.006131040534208567,RiskPage4,13
1718906705.0,1.467648,-1.0474165544157892,-1.0563709709967395,0.008954416606130196,RiskPage4,13
1718906705.25,1.47021,-1.044685909144169,-1.0564988159581874,0.011812906839425983,RiskPage4,13
1718906705.5,1.468929,-1.0460512317799793,-1.056683706483723,0.010632474729376751,RiskPage4,13
1718906705.75,1.466366,-1.0487829428772324,-1.0569453663718373,0.008162423520457601,RiskPage4,13
1718906706.0,1.462522,-1.052879976610296,-1.0573019040449154,0.004421927460680496,RiskPage4,13
1718906706.25,1.461241,-1.0542452992461062,-1.0577693854689383,0.0035240862490855084,RiskPage4,13
1718906706.5,1.463803,-1.051514653974486,-1.0583614649341375,0.006846810986076932,RiskPage4,13
1718906706.75,1.463803,-1.051514653974486,-1.0590890830490032,0.007574429101090321,RiskPage4,13
1718906707.0,1.467648,-1.0474165544157892,-1.059960239110564,0.012543684721467635,RiskPage4,13
1718906707.25,1.463803,-1.051514653974486,-1.0609798426879273,0.009465188740225191,PreMarketWait,14
1718906707.5,1.456115,-1.0597087214406131,-1.0621496468521374,0.002440925438371551,PreMarketWait,14
1718906707.75,1.454834,-1.0610740440764235,-1.0634682630675596,0.0023942190180229594,PreMarketWait,14
1718906708.0,1.452271,-1.0638057551736766,-1.0649312554008565,0.001125500254087964,PreMarketWait,14
1718906708.25,1.452271,-1.0638057551736766,-1.0665313094778301,0.002725554331068911,PreMarketWait,14
1718906708.5,1.447145,-1.0692691773681837,-1.0682584695911517,-0.0010107077501191441,PreMarketWait,14
1718906708.75,1.448426,-1.0679038547323734,-1.0701004355813957,0.0021965808759283906,PreMarketWait,14
1718906709.0,1.447145,-1.0692691773681837,-1.0720429096111874,0.002773732269905408,PreMarketWait,14
1718906709.25,1.439457,-1.0774632448343107,-1.0740699817478416,-0.003393263059561624,PreMarketWait,14
1718906709.5,1.442019,-1.0747325995626904,-1.0761645423779442,0.0014319428421850772,PreMarketWait,14
1718906709.75,1.439457,-1.0774632448343107,-1.078308708909311,0.0008454641019815124,PreMarketWait,14
1718906710.0,1.436894,-1.0801949559315642,-1.0804842539806996,0.0002892980761982347,PreMarketWait,14
1718906710.25,1.430487,-1.087023700761881,-1.0826730225036836,-0.004350678231018333,PreMarketWait,14
1718906710.5,1.427924,-1.0897554118591346,-1.084857325307323,-0.004898086524480318,PreMarketWait,14
1718906710.75,1.422798,-1.0952188340536413,-1.0870202979449695,-0.008198536081151942,PreMarketWait,14
1718906711.0,1.421517,-1.0965841566894516,-1.0891462143490032,-0.007437942312702158,PreMarketWait,14
1718906711.25,1.420235,-1.0979505451508949,-1.0912207464684451,-0.006729798654439982,PreMarketWait,14
1718906711.5,1.41511,-1.1034129015197685,-1.0932311627659093,-0.010181738725549831,PreMarketWait,14
1718906711.75,1.41511,-1.1034129015197685,-1.0951664604378433,-0.0082464410532852,PreMarketWait,14
1718906712.0,1.41511,-1.1034129015197685,-1.0970174283960759,-0.006395473094697804,PreMarketWait,14
1718906712.25,1.412547,-1.106144612617022,-1.0987766403414356,-0.007367972246221698,PreMarketWait,14
1718906712.5,1.413828,-1.1047792899812117,-1.1004383795986592,-0.004340910352815567,PreMarketWait,14
1718906712.75,1.413828,-1.1047792899812117,-1.1019984996915047,-0.0027807902596103757,PreMarketWait,14
1718906713.0,1.408703,-1.1102416463500855,-1.103454226845878,-0.006787419473780386,PreMarketWait,14
1718906713.25,1.407421,-1.1116080348115287,-1.104803912651041,-0.0068041221297776245,PreMarketWait,14
1718906713.5,1.409984,-1.1088763237142754,-1.106046746926782,-0.0028295767565645817,PreMarketWait,14
1718906713.75,1.409984,-1.1088763237142754,-1.107182442386527,-0.001693881296679453,PreMarketWait,14
1718906714.0,1.412547,-1.106144612617022,-1.1082109039047732,0.0020662913188702575,PreMarketWait,14
1718906714.25,1.413828,-1.1047792899812117,-1.10913189604602,0.0043526060958793905,PreMarketWait,14
1718906714.5,1.413828,-1.1047792899812117,-1.1099447229513821,0.0051654330010908415,PreMarketWait,14
1718906714.75,1.41511,-1.1034129015197685,-1.1106479346810936,0.007235033191991414,PreMarketWait,14
1718906715.0,1.408703,-1.1102416463500855,-1.1112390736678057,0.0009974273480331444,PreMarketWait,14
1718906715.25,1.409984,-1.1088763237142754,-1.111714474059012,0.0028381503746036565,MarketGridChoice,14
1718906715.5,1.408703,-1.1102416463500855,-1.11206912544582,0.0018274791250743466,MarketGridChoice,14
1718906715.75,1.411266,-1.1075099352528321,-1.1122966108274317,0.004786675603344966,MarketGridChoice,14
1718906716.0,1.409984,-1.1088763237142754,-1.1123891266842245,0.0035128029980496297,MarketGridChoice,14
1718906716.25,1.407421,-1.1116080348115287,-1.1123375907607553,0.0007295559766489204,MarketGridChoice,14
1718906716.5,1.40614,-1.112973357447339,-1.1121318406224365,-0.0008415167981742147,MarketGridChoice,14
1718906716.75,1.412547,-1.106144612617022,-1.1117609232735435,0.005616310682556293,MarketGridChoice,14
1718906717.0,1.421517,-1.0965841566894516,-1.1112134731361465,0.014629316472050399,MarketGridChoice,14
1718906717.25,1.429205,-1.0883900892233243,-1.1104781725143935,0.0220880833157691,MarketGridChoice,14
1718906717.5,1.43305,-1.084291989664628,-1.1095442853337274,0.02525229569317411,MarketGridChoice,14
1718906717.75,1.434331,-1.0829266670288176,-1.1084022514939285,0.025475584488597217,MarketGridChoice,14
1718906718.0,1.435612,-1.0815613443930072,-1.1070443256873976,0.02548298131733218,MarketGridChoice,14
1718906718.25,1.434331,-1.0829266670288176,-1.105465241136839,0.02253857413046966,MarketGridChoice,14
1718906718.5,1.426643,-1.0911207344949447,-1.103662875572943,0.012542141100013213,MarketGridChoice,14
1718906718.75,1.427924,-1.0897554118591346,-1.1016388941085313,0.011883482271050728,MarketGridChoice,14
1718906719.0,1.420235,-1.0979505451508949,-1.0993993416881165,0.0014487965585985411,MarketGridChoice,14
1718906719.25,1.41511,-1.1034129015197685,-1.0969551567081486,-0.006457744790425187,MarketGridChoice,14
1718906719.5,1.411266,-1.1075099352528321,-1.094322577391263,-0.013187357840452416,MarketGridChoice,14
1718906719.75,1.404859,-1.114338680083149,-1.0915234136906329,-0.02281526637136671,MarketGridChoice,14
1718906720.0,1.403577,-1.1157050685445922,-1.0885851599750394,-0.02711990854825675,MarketGridChoice,14
1718906720.25,1.403577,-1.1157050685445922,-1.0855409275142147,-0.030164141008821043,MarketGridChoice,14
1718906720.5,1.404859,-1.114338680083149,-1.0824291807913553,-0.03190949926986751,MarketGridChoice,14
1718906720.75,1.402296,-1.1170703911804025,-1.0792932677916516,-0.03777712336635307,MarketGridChoice,14
1718906721.0,1.404859,-1.114338680083149,-1.0761807414674691,-0.038157938592717815,MarketGridChoice,14
1718906721.25,1.402296,-1.1170703911804025,-1.07314247732759,-0.04392791382920723,MarketGridChoice,14
1718906721.5,1.403577,-1.1157050685445922,-1.0702316002650252,-0.045473468255257034,MarketGridChoice,14
1718906721.75,1.402296,-1.1170703911804025,-1.0675022420173002,-0.04956814913804637,MarketGridChoice,14
1718906722.0,1.409984,-1.1088763237142754,-1.065008158705895,-0.04386816498256025,MarketGridChoice,14
1718906722.25,1.427924,-1.0897554118591346,-1.0628012453593074,-0.026954166473247783,MarketGridChoice,14
1718906722.5,1.449708,-1.0665374662709302,-1.0609299907938101,-0.005607475449810478,MarketGridChoice,14
1718906722.75,1.474055,-1.0405878095854724,-1.0594379213041052,0.018850111746619526,MarketGridChoice,14
1718906723.0,1.498401,-1.0146392187256474,-1.0583620849206976,0.04372286622364045,MarketGridChoice,14
1718906723.25,1.51506,-0.9968836295063168,-1.0577316292091772,0.06084799973196395,MarketGridChoice,14
1718906723.5,1.512497,-0.9996153406035704,-1.057566524529441,0.05795118395538585,MarketGridChoice,14
1718906723.75,1.512497,-0.9996153406035704,-1.0578764813175878,0.058261140743836703,MarketGridChoice,14
1718906724.0,1.50609,-1.0064440854338874,-1.058660104459722,0.052216019055849126,MarketGridChoice,14
1718906724.25,1.491994,-1.0214679635559645,-1.059904320519041,0.03843635699318009,MarketGridChoice,14
1718906724.5,1.47918,-1.0351254532165985,-1.0615841048941692,0.026458651707662574,MarketGridChoice,14
1718906724.75,1.472773,-1.0419541980469154,-1.0636625264192252,0.02170832840229671,MarketGridChoice,14
1718906725.0,1.459959,-1.0556116877075494,-1.0660911169504923,0.010479429272740912,MarketGridChoice,14
1718906725.25,1.454834,-1.0610740440764235,-1.0688105635572969,0.007736519510407557,MarketGridChoice,14
1718906725.5,1.447145,-1.0692691773681837,-1.0717517114069441,0.002482534067963931,MarketGridChoice,14
1718906725.75,1.442019,-1.0747325995626904,-1.0748368565829933,0.00010425704911694311,MarketGridChoice,14
1718906726.0,1.439457,-1.0774632448343107,-1.0779813001021645,0.0005180552962269261,MarketGridChoice,14
1718906726.25,1.435612,-1.0815613443930072,-1.08109512743102,-0.00046621693409757727,MarketGridChoice,14
1718906726.5,1.434331,-1.0829266670288176,-1.0840851719307187,0.0011585049292745161,MarketGridChoice,14
1718906726.75,1.429205,-1.0883900892233243,-1.0868571159209175,-0.0015329732755693971,MarketGridChoice,14
1718906727.0,1.429205,-1.0883900892233243,-1.0893176794731054,0.0009275902760769311,MarketGridChoice,14
1718906727.25,1.426643,-1.0911207344949447,-1.0913768446275396,0.0002561101583564672,MarketGridChoice,14
1718906727.5,1.42408,-1.093852445592198,-1.0929500614793248,-0.000902384087626551,MarketGridChoice,14
1718906727.75,1.418954,-1.0993158677867048,-1.093960382498767,-0.005355485263175815,MarketGridChoice,14
1718906728.0,1.416391,-1.1020475788839583,-1.0943404725384782,-0.007707106321162428,MarketGridChoice,14
1718906728.25,1.411266,-1.1075099352528321,-1.094034444231631,-0.013475490997281188,MarketGridChoice,14
1718906728.5,1.408703,-1.1102416463500855,-1.092999471891228,-0.017242174435283614,MarketGridChoice,14
1718906728.75,1.408703,-1.1102416463500855,-1.0912071415522506,-0.019034504774551493,MarketGridChoice,14
1718906729.0,1.408703,-1.1102416463500855,-1.0886445004050274,-0.021597145922008357,MarketGridChoice,14
1718906729.25,1.399733,-1.119802102277656,-1.0853147754656172,-0.034487326789166335,MarketGridChoice,14
1718906729.5,1.399733,-1.119802102277656,-1.0812377387993413,-0.03856436345556308,MarketGridChoice,14
1718906729.75,1.407421,-1.1116080348115287,-1.0764497048026278,-0.03515832998621403,MarketGridChoice,14
1718906730.0,1.421517,-1.0965841566894516,-1.0710031537625764,-0.02558100290419966,MarketGridChoice,14
1718906730.25,1.443301,-1.0733662111012472,-1.064965984916864,-0.008400226161668224,MarketGridChoice,14
1718906730.5,1.456115,-1.0597087214406131,-1.058420411255451,-0.0012883101623596335,MarketGridChoice,14
1718906730.75,1.477899,-1.0364907758524087,-1.0514615170535186,0.014970741224045346,MarketGridChoice,14
1718906731.0,1.484306,-1.0296620310220919,-1.044195507341898,0.014533476342915859,MarketGridChoice,14
1718906731.25,1.509934,-1.0023470517008235,-1.0367376860126518,0.034390634335148704,MarketGridChoice,14
1718906731.5,1.420235,-1.0979505451508949,-1.0292102059199457,-0.06874033920738724,MarketGridChoice,14
1718906731.75,1.422798,-1.0952188340536413,-1.021739640156322,-0.0734791938734913,MarketGridChoice,14
1718906732.0,1.453552,-1.0624404325378665,-1.0144544287007822,-0.047986003812971356,MarketGridChoice,14
1718906732.25,1.458678,-1.0569770103433598,-1.0074822588578978,-0.04949475146105319,MarketGridChoice,14
1718906732.5,1.490713,-1.0228332861917748,-1.000947441221792,-0.021885844945275564,MarketGridChoice,14
1718906732.75,1.518904,-0.9927865957732532,-0.9949683450195957,0.002181749271342978,MarketGridChoice,14
1718906733.0,1.559909,-0.9490824156940979,-0.9896549572059399,0.0405725415371236,MarketGridChoice,14
1718906733.25,1.59707,-0.9094752693480062,-0.9851066281692603,0.07563135884679842,MarketGridChoice,14
1718906733.5,1.616291,-0.8889890348570552,-0.9814100630461096,0.09242102821483683,MarketGridChoice,14
1718906733.75,1.622698,-0.8821602900267381,-0.9786376112765599,0.09647732127581303,MarketGridChoice,14
1718906734.0,1.616291,-0.8889890348570552,-0.9768458982620265,0.08785686343113787,MarketGridChoice,14
1718906734.25,1.599633,-0.9067435582507526,-0.9760748321486651,0.06933127392421834,MarketGridChoice,14
1718906734.5,1.57913,-0.9285961812031469,-0.9763470064200878,0.04775082524334994,MarketGridChoice,14
1718906734.75,1.562472,-0.9463507045968444,-0.9776675058563609,0.03131680128599491,MarketGridChoice,14
1718906735.0,1.540688,-0.9695686501850488,-0.980024110266676,0.010455460108145562,MarketGridChoice,14
1718906735.25,1.522748,-0.9886895620401897,-0.9833878779518628,-0.005301684061793016,MarketGridChoice,14
1718906735.5,1.508653,-1.0037123743366339,-0.9877140797075844,-0.015998294602521303,MarketGridChoice,14
1718906735.75,1.498401,-1.0146392187256474,-0.9929434447944544,-0.021695773904688236,MarketGridChoice,14
1718906736.0,1.48815,-1.025564997289028,-0.9990036729677682,-0.026561324294792688,MarketGridChoice,14
1718906736.25,1.475336,-1.0392224869496622,-1.0058111615113101,-0.03341132541193541,ForecastPage,14
1718906736.5,1.467648,-1.0474165544157892,-1.0132728932569857,-0.03414366113244966,ForecastPage,14
1718906736.75,1.463803,-1.051514653974486,-1.021288430689506,-0.030226223258699073,ForecastPage,14
1718906737.0,1.452271,-1.0638057551736766,-1.0297519622498539,-0.03405379289762322,ForecastPage,14
1718906737.25,1.448426,-1.0679038547323734,-1.038554349624673,-0.02934950508158614,ForecastPage,14
1718906737.5,1.442019,-1.0747325995626904,-1.0475851288674485,-0.027147470669210687,ForecastPage,14
1718906737.75,1.434331,-1.0829266670288176,-1.0567344233496023,-0.026192243653257778,ForecastPage,14
1718906738.0,1.430487,-1.087023700761881,-1.0658947324900208,-0.021128968245959084,ForecastPage,14
1718906738.25,1.426643,-1.0911207344949447,-1.0749625666715668,-0.016158167797508984,ForecastPage,14
1718906738.5,1.421517,-1.0965841566894516,-1.0838399054489256,-0.012744251214660038,ForecastPage,14
1718906738.75,1.416391,-1.1020475788839583,-1.09243546283092,-0.009612116027141931,ForecastPage,14
1718906739.0,1.416391,-1.1020475788839583,-1.1006657498566728,-0.001381829001320771,ForecastPage,14
1718906739.25,1.412547,-1.106144612617022,-1.1084559306859445,0.002311318094998467,ForecastPage,14
1718906739.5,1.408703,-1.1102416463500855,-1.1157404738340762,0.00549882751022112,ForecastPage,14
1718906739.75,1.402296,-1.1170703911804025,-1.1224636048859515,0.005393213731974555,ForecastPage,14
1718906740.0,1.398452,-1.1211674249134662,-1.128579570948555,0.007412146061744635,ForecastPage,14
1718906740.25,1.393326,-1.126630847107973,-1.1340527302170662,0.007421883136008507,ForecastPage,14
1718906740.5,1.390763,-1.1293625582052265,-1.1388574823405184,0.00949492416248824,ForecastPage,14
1718906740.75,1.386919,-1.13345959193829,-1.142978056812573,0.009518464901772342,ForecastPage,14
1718906741.0,1.383075,-1.1375566256713534,-1.1464081774319557,0.00885155178838606,ForecastPage,14
1718906741.25,1.383075,-1.1375566256713534,-1.149150621039116,0.011593995395831946,ForecastPage,14
1718906741.5,1.383075,-1.1375566256713534,-1.1512166883136608,0.013660062670641644,ForecastPage,14
1718906741.75,1.384356,-1.1361913030355435,-1.1526256034920446,0.016434300485070562,ForecastPage,14
1718906742.0,1.384356,-1.1361913030355435,-1.1534038585255004,0.017212555518723326,ForecastPage,14
1718906742.25,1.376668,-1.1443853705016707,-1.1535845155424913,0.009199145069738734,ForecastPage,14
1718906742.5,1.37026,-1.1512151811576206,-1.1532064796187884,0.0019912984901861303,ForecastPage,14
1718906742.75,1.371542,-1.1498487926961773,-1.152313751913968,0.002464959246852527,ForecastPage,14
1718906743.0,1.383075,-1.1375566256713534,-1.1509546713310523,0.013398045688741648,ForecastPage,14
1718906743.25,1.385637,-1.1348259803997331,-1.1491811511099426,0.01435517073916639,ForecastPage,14
1718906743.5,1.372823,-1.1484834700603672,-1.1470479152673303,-0.001435554764233727,ForecastPage,14
1718906743.75,1.356165,-1.1662379934540648,-1.1446117386199652,-0.021626254805517012,ForecastPage,14
1718906744.0,1.357446,-1.1648726708182546,-1.1419306933413063,-0.02294197744864848,ForecastPage,14
1718906744.25,1.371542,-1.1498487926961773,-1.139063404661726,-0.01078538800648653,ForecastPage,14
1718906744.5,1.374105,-1.147117081598924,-1.136068318455813,-0.011048763115521158,ForecastPage,14
1718906744.75,1.374105,-1.147117081598924,-1.1330029840349516,-0.014114097536782331,ForecastPage,14
1718906745.0,1.376668,-1.1443853705016707,-1.1299233563866327,-0.014462014088258753,ForecastPage,14
1718906745.25,1.375386,-1.1457517589631137,-1.1268831232452552,-0.018868635691487518,ForecastPage,14
1718906745.5,1.380512,-1.140288336768607,-1.1239330636066396,-0.01635527313598965,ForecastPage,14
1718906745.75,1.39717,-1.1225338133749092,-1.1211204454779633,-0.0014133678713341286,ForecastPage,14
1718906746.0,1.404859,-1.114338680083149,-1.1184884716544636,0.004149791596596477,ForecastPage,14
1718906746.25,1.417673,-1.100681190422515,-1.1160757830008883,0.015394592603368194,ForecastPage,14
1718906746.5,1.418954,-1.0993158677867048,-1.1139160289675116,0.014600161205564177,ForecastPage,14
1718906746.75,1.421517,-1.0965841566894516,-1.1120375148007482,0.015453358135869236,ForecastPage,14
1718906747.0,1.420235,-1.0979505451508949,-1.110462934086788,0.012512388960336992,ForecastPage,14
1718906747.25,1.416391,-1.1020475788839583,-1.1092091939259723,0.007161615066386761,ForecastPage,14
1718906747.5,1.413828,-1.1047792899812117,-1.108287338259711,0.0035080483028577334,ForecastPage,14
1718906747.75,1.416391,-1.1020475788839583,-1.107702572772512,0.005654993912951798,ForecastPage,14
1718906748.0,1.413828,-1.1047792899812117,-1.1074543924846423,0.0026751025279164705,ForecastPage,14
1718906748.25,1.418954,-1.0993158677867048,-1.1075368107372283,0.008220942975137827,ForecastPage,14
1718906748.5,1.41511,-1.1034129015197685,-1.1079386858308,0.004525784335806607,ForecastPage,14
1718906748.75,1.418954,-1.0993158677867048,-1.1086441391712363,0.009328271409490352,ForecastPage,14
1718906749.0,1.421517,-1.0965841566894516,-1.1096330564549837,0.013048899790688418,ForecastPage,14
1718906749.25,1.413828,-1.1047792899812117,-1.1108816612390573,0.006102371283203665,ForecastPage,14
1718906749.5,1.413828,-1.1047792899812117,-1.1123631482479588,0.0075838582923039724,ForecastPage,14
1718906749.75,1.407421,-1.1116080348115287,-1.1140483620363777,0.0024403272505969095,ForecastPage,14
1718906750.0,1.403577,-1.1157050685445922,-1.115906505229104,0.00020143671044138794,ForecastPage,14
1718906750.25,1.398452,-1.1211674249134662,-1.117905859575408,-0.003261565311955361,ForecastPage,14
1718906750.5,1.390763,-1.1293625582052265,-1.1200145025529495,-0.009348055626006282,ForecastPage,14
1718906750.75,1.3882,-1.1320942693024796,-1.1222010022863949,-0.00989326698964757,ForecastPage,14
1718906751.0,1.385637,-1.1348259803997331,-1.1244350741333564,-0.010390906239769505,ForecastPage,14
1718906751.25,1.383075,-1.1375566256713534,-1.1266881834306706,-0.01086844221389885,ForecastPage,14
1718906751.5,1.377949,-1.1430200478658603,-1.1289340805526444,-0.014085967286245988,ForecastPage,14
1718906751.75,1.37923,-1.1416547252300502,-1.1311492565478236,-0.010505468655060567,ForecastPage,14
1718906752.0,1.37923,-1.1416547252300502,-1.1333133101096484,-0.008341415093030068,ForecastPage,14
1718906752.25,1.375386,-1.1457517589631137,-1.1354092194033516,-0.010342539532177994,ForecastPage,14
1718906752.5,1.372823,-1.1484834700603672,-1.1374235152138672,-0.011059954818701645,ForecastPage,14
1718906752.75,1.366416,-1.155312214890684,-1.1393463548932519,-0.01596585996942129,ForecastPage,14
1718906753.0,1.368979,-1.1525805037934307,-1.141171499569544,-0.011409004195669384,ForecastPage,14
1718906753.25,1.37026,-1.1512151811576206,-1.1428961999323384,-0.00831898119687136,ForecastPage,14
1718906753.5,1.376668,-1.1443853705016707,-1.14452099853149,0.00013562805840148205,ForecastPage,14
1718906753.75,1.380512,-1.140288336768607,-1.146049458807836,0.005761122067952453,ForecastPage,14
1718906754.0,1.381793,-1.1389230141327966,-1.1474878329146927,0.008564818810723789,ForecastPage,14
1718906754.25,1.381793,-1.1389230141327966,-1.1488446816995943,0.00992166759568969,ForecastPage,14
1718906754.5,1.384356,-1.1361913030355435,-1.1501304609444651,0.013939157937836559,ForecastPage,14
1718906754.75,1.380512,-1.140288336768607,-1.1513570880992001,0.011068751359488331,ForecastPage,14
1718906755.0,1.37923,-1.1416547252300502,-1.152537503320748,0.010882778119529696,ForecastPage,14
1718906755.25,1.376668,-1.1443853705016707,-1.1536852377133486,0.009299867240402467,ForecastPage,14
1718906755.5,1.374105,-1.147117081598924,-1.154814000344434,0.007696918774083204,ForecastPage,14
1718906755.75,1.371542,-1.1498487926961773,-1.1559372939852246,0.006088501317425313,ForecastPage,14
1718906756.0,1.374105,-1.147117081598924,-1.1570680676970724,0.009950986126287234,ForecastPage,14
1718906756.25,1.367698,-1.1539458264292408,-1.1582184124501178,0.004272586048733916,ForecastPage,14
1718906756.5,1.367698,-1.1539458264292408,-1.1593993040067894,0.00545347760508204,ForecastPage,14
1718906756.75,1.362572,-1.159409248623748,-1.1606203954071646,0.0012111468105860928,ForecastPage,14
1718906757.0,1.357446,-1.1648726708182546,-1.1618898596267864,-0.002982811164702507,ForecastPage,14
1718906757.25,1.356165,-1.1662379934540648,-1.1632142814023774,-0.0030237120253661827,ForecastPage,14
1718906757.5,1.353602,-1.168969704551318,-1.1645985958868714,-0.004371108638610973,ForecastPage,14
1718906757.75,1.348477,-1.1744320609201921,-1.166046070734519,-0.008385990160362613,ForecastPage,14
1718906758.0,1.352321,-1.1703350271871282,-1.1675583274405048,-0.002776699721876754,ForecastPage,14
1718906758.25,1.348477,-1.1744320609201921,-1.1691353972573886,-0.005296663638656357,ForecastPage,14
1718906758.5,1.347195,-1.1757984493816351,-1.1707758067549336,-0.0050226426031819114,ForecastPage,14
1718906758.75,1.347195,-1.1757984493816351,-1.1724766880406698,-0.0033217613180932942,ForecastPage,14
1718906759.0,1.347195,-1.1757984493816351,-1.1742339087703826,-0.0015645405890373776,ForecastPage,14
1718906759.25,1.344632,-1.1785301604788885,-1.1760422173047402,-0.0024879431525872044,ForecastPage,14
1718906759.5,1.347195,-1.1757984493816351,-1.1778953986676042,0.0020969493068921236,ForecastPage,14
1718906759.75,1.345914,-1.1771637720174453,-1.179786437295765,0.002622665298635118,ForecastPage,14
1718906760.0,1.345914,-1.1771637720174453,-1.1817076829093303,0.0045439109116370315,ForecastPage,14
1718906760.25,1.34207,-1.181260805750509,-1.1836510161578673,0.0023902104266044126,ForecastPage,14
1718906760.5,1.336944,-1.1867242279450159,-1.185608011003705,-0.001116216922501311,ForecastPage,14
1718906760.75,1.335662,-1.188090616406459,-1.1875700910978755,-0.0005205252901322225,ForecastPage,14
1718906761.0,1.329255,-1.194919361236776,-1.1895286777030956,-0.00539068351550049,ForecastPage,14
1718906761.25,1.327974,-1.1962846838725862,-1.1914753270411524,-0.004809356813433648,ForecastPage,14
1718906761.5,1.329255,-1.194919361236776,-1.1934018553013286,-0.0015175059175339734,ForecastPage,14
1718906761.75,1.327974,-1.1962846838725862,-1.1953004499413293,-0.0009842339133397226,ForecastPage,14
1718906762.0,1.327974,-1.1962846838725862,-1.1971637663276748,0.000879082473097171,ForecastPage,14
1718906762.25,1.327974,-1.1962846838725862,-1.1989850091743148,0.002700325319913137,ForecastPage,14
1718906762.5,1.32413,-1.2003817176056497,-1.2007579986208352,0.0003762810336269733,ForecastPage,14
1718906762.75,1.322848,-1.201748106067093,-1.2024772211263695,0.0007291150780516486,ForecastPage,14
1718906763.0,1.321567,-1.2031134287029033,-1.2041378656343928,0.0010244369506689156,ForecastPage,14
1718906763.25,1.319004,-1.2058451398001564,-1.205735845688932,-0.00010929409157664494,ForecastPage,14
1718906763.5,1.316441,-1.20857685089741,-1.2072678083619937,-0.0013090425152422363,ForecastPage,14
1718906763.75,1.313879,-1.2113074961690304,-1.2087311309939237,-0.0025763651543541316,ForecastPage,14
1718906764.0,1.317723,-1.2072104624359667,-1.2101239068596805,0.0029134444450922923,ForecastPage,14
1718906764.25,1.313879,-1.2113074961690304,-1.2114449209575258,0.00013742481054347536,ForecastPage,14
1718906764.5,1.31516,-1.20994217353322,-1.2126936171712517,0.0027514436607910674,ForecastPage,14
1718906764.75,1.312597,-1.2126738846304734,-1.2138700580795878,0.001196173472623924,ForecastPage,14
1718906765.0,1.316441,-1.20857685089741,-1.214974878675854,0.006398027802739066,ForecastPage,14
1718906765.25,1.308753,-1.2167709183635371,-1.216009235221962,-0.0007616831164642644,ForecastPage,14
1718906765.5,1.307472,-1.2181362409993475,-1.2169747504051671,-0.0011614905682294759,ForecastPage,14
1718906765.75,1.307472,-1.2181362409993475,-1.217873455911021,-0.0002627850615186788,ForecastPage,14
1718906766.0,1.301064,-1.2249660516552974,-1.2187077334917211,-0.006258318135904418,ForecastPage,14
1718906766.25,1.298502,-1.2276966969269176,-1.219480255612327,-0.008216441286058637,ForecastPage,14
1718906766.5,1.298502,-1.2276966969269176,-1.220193926805194,-0.007502770092347612,ForecastPage,14
1718906766.75,1.301064,-1.2249660516552974,-1.2208518269476325,-0.004114224677473985,ForecastPage,14
1718906767.0,1.308753,-1.2167709183635371,-1.2214571577739426,0.004686239441368113,ForecastPage,14
1718906767.25,1.30619,-1.2195026294607907,-1.2220131939995764,0.0025105645704611044,MarketWaitPage,14
1718906767.5,1.312597,-1.2126738846304734,-1.2225232404239665,0.00984935582580763,MarketWaitPage,14
1718906767.75,1.312597,-1.2126738846304734,-1.222990596248777,0.010316711651171864,MarketWaitPage,14
1718906768.0,1.304909,-1.2208679520966006,-1.223418527581292,0.0025505755180184504,MarketWaitPage,14
1718906768.25,1.310034,-1.215405595727727,-1.2238102486992148,0.008404653005169984,MarketWaitPage,14
1718906768.5,1.301064,-1.2249660516552974,-1.2241689121716188,-0.0007971394497507328,MarketWaitPage,14
1718906768.75,1.295939,-1.2304284080241712,-1.2244976074171556,-0.005930800572955775,MarketWaitPage,14
1718906769.0,1.29722,-1.2290630853883608,-1.2247993667948145,-0.004263718559470308,MarketWaitPage,14
1718906769.25,1.302346,-1.2235996631938542,-1.2250771779147867,0.0014775147549104454,MarketWaitPage,14
1718906769.5,1.301064,-1.2249660516552974,-1.2253340005574656,0.00036794893593758665,MarketWaitPage,14
1718906769.75,1.301064,-1.2249660516552974,-1.2255727864041455,0.0006067347823050546,MarketWaitPage,14
1718906770.0,1.298502,-1.2276966969269176,-1.2257964997033268,-0.0019001971905432686,MarketWaitPage,14
1718906770.25,1.293376,-1.2331601191214245,-1.22600813700669,-0.007151982082185552,MarketWaitPage,14
1718906770.5,1.301064,-1.2249660516552974,-1.226210744197922,0.0012446925745961549,MarketWaitPage,14
1718906770.75,1.298502,-1.2276966969269176,-1.2264074291984917,-0.0012892676971005216,MarketWaitPage,14
1718906771.0,1.299783,-1.2263313742911077,-1.2266013689575213,0.00026999469703424366,MarketWaitPage,14
1718906771.25,1.302346,-1.2235996631938542,-1.226795809602661,0.0031961464386748204,MarketWaitPage,14
1718906771.5,1.298502,-1.2276966969269176,-1.2269940589275368,-0.0007026379703041648,MarketWaitPage,14
1718906771.75,1.298502,-1.2276966969269176,-1.2271994707053735,-0.0004972261932881856,MarketWaitPage,14
1718906772.0,1.298502,-1.2276966969269176,-1.2274154206423378,-0.0002812762571641999,MarketWaitPage,14
1718906772.25,1.294657,-1.2317947964856144,-1.2276452741195063,-0.004149522339543087,RoundResultsPage,14
1718906772.5,1.294657,-1.2317947964856144,-1.2278923462229991,-0.0039024502369006944,RoundResultsPage,14
1718906772.75,1.294657,-1.2317947964856144,-1.2281598549287165,-0.0036349415320215237,RoundResultsPage,14
1718906773.0,1.295939,-1.2304284080241712,-1.2284508686852467,-0.001977539314861487,RoundResultsPage,14
1718906773.25,1.295939,-1.2304284080241712,-1.2287682500109316,-0.001660157989952947,RoundResultsPage,14
1718906773.5,1.293376,-1.2331601191214245,-1.2291145970657371,-0.0040455220331271115,RoundResultsPage,14
1718906773.75,1.295939,-1.2304284080241712,-1.2294921854478418,-0.000936222554431339,RoundResultsPage,14
1718906774.0,1.302346,-1.2235996631938542,-1.2299029126708876,0.006303249498347089,RoundResultsPage,14
1718906774.25,1.29722,-1.2290630853883608,-1.2303482478757521,0.0012851625082099178,RoundResultsPage,14
1718906774.5,1.299783,-1.2263313742911077,-1.2308291893009011,0.004497815030218132,RoundResultsPage,14
1718906774.75,1.302346,-1.2235996631938542,-1.2313462318674668,0.007746568693753708,RoundResultsPage,14
1718906775.0,1.29722,-1.2290630853883608,-1.2318993469323116,0.0028362615639242164,RoundResultsPage,14
1718906775.25,1.295939,-1.2304284080241712,-1.2324879758427054,0.0020595678384619258,RoundResultsPage,14
1718906775.5,1.29722,-1.2290630853883608,-1.2331110384205002,0.004047953052147746,RoundResultsPage,14
1718906775.75,1.29722,-1.2290630853883608,-1.233766956949935,0.004703871581794076,RoundResultsPage,14
1718906776.0,1.292095,-1.2345254417572349,-1.2344536956815064,-7.174605516455275e-05,RoundResultsPage,14
1718906776.25,1.286969,-1.2399888639517416,-1.2351688153322942,-0.00482004859840683,RoundResultsPage,14
1718906776.5,1.285688,-1.241354186587552,-1.235909541593801,-0.005444644972104155,RoundResultsPage,14
1718906776.75,1.285688,-1.241354186587552,-1.2366728462780634,-0.00468134028711234,RoundResultsPage,14
1718906777.0,1.283125,-1.244085897684805,-1.237455539456142,-0.006630358205442258,RoundResultsPage,14
1718906777.25,1.283125,-1.244085897684805,-1.2382543707667768,-0.005831526893857708,RoundResultsPage,14
1718906777.5,1.289532,-1.2372571528544882,-1.2390661379740069,0.0018089851447312746,RoundResultsPage,14
1718906777.75,1.290813,-1.2358918302186779,-1.2398878007930203,0.0039959706006755785,RoundResultsPage,14
1718906778.0,1.289532,-1.2372571528544882,-1.2407165979394656,0.0034594451124936683,RoundResultsPage,14
1718906778.25,1.290813,-1.2358918302186779,-1.2415501652496317,0.005658335059697848,RoundResultsPage,14
1718906778.5,1.290813,-1.2358918302186779,-1.2423866525432499,0.00649482235456837,RoundResultsPage,14
1718906778.75,1.286969,-1.2399888639517416,-1.2432248366548373,0.0032359727343470907,RoundResultsPage,14
1718906779.0,1.286969,-1.2399888639517416,-1.2440642277623601,0.004075363843104706,RoundResultsPage,14
1718906779.25,1.284406,-1.242720575048995,-1.2449051658277517,0.002184590812433464,RoundResultsPage,14
1718906779.5,1.281843,-1.2454522861462483,-1.2457489036744573,0.0002966175630066577,RoundResultsPage,14
1718906779.75,1.280562,-1.2468176087820586,-1.2465976730055572,-0.00021993574067951781,RoundResultsPage,14
1718906780.0,1.279281,-1.248182931417869,-1.2474547295503124,-0.0007282018308299681,RoundResultsPage,14
1718906780.25,1.279281,-1.248182931417869,-1.2483243735468512,0.00014144216647481536,RoundResultsPage,14
1718906780.5,1.276718,-1.250914642515122,-1.2492119419437604,-0.0017027005332564311,RoundResultsPage,14
1718906780.75,1.283125,-1.244085897684805,-1.2501237690436193,0.006037871397371724,RoundResultsPage,14
1718906781.0,1.275436,-1.2522810309765653,-1.2510671128200945,-0.0012139181176247637,RoundResultsPage,14
1718906781.25,1.266466,-1.2618414869041357,-1.25205004481728,-0.009791442047881856,RoundResultsPage,14
1718906781.5,1.266466,-1.2618414869041357,-1.2530813023864988,-0.00876018447868732,RoundResultsPage,14
1718906781.75,1.267748,-1.2604750984426925,-1.2541701030326082,-0.00630499537129944,RoundResultsPage,14
1718906782.0,1.267748,-1.2604750984426925,-1.2553259218221868,-0.005149176582013009,RoundResultsPage,14
1718906782.25,1.260059,-1.2686702317344527,-1.256558234125238,-0.01211199757112704,RoundResultsPage,14
1718906782.5,1.262622,-1.2659385206371994,-1.2578762273743402,-0.008062293225272382,RoundResultsPage,14
1718906782.75,1.262622,-1.2659385206371994,-1.2592884869691847,-0.0066500336310085974,RoundResultsPage,14
1718906783.0,1.265185,-1.263206809539946,-1.2608026628611502,-0.0024041466424327123,RoundResultsPage,14
1718906783.25,1.265185,-1.263206809539946,-1.262425124649508,-0.000781684854760204,RiskPage1,14
1718906783.5,1.265185,-1.263206809539946,-1.2641606141351351,0.0009538046301595751,RiskPage1,14
1718906783.75,1.266466,-1.2618414869041357,-1.266011905142892,0.004170418273016405,RiskPage1,14
1718906784.0,1.267748,-1.2604750984426925,-1.267979480988739,0.007504382579612196,RiskPage1,14
1718906784.25,1.260059,-1.2686702317344527,-1.2700612402016116,0.0013910085000631177,RiskPage1,14
1718906784.5,1.258778,-1.270035554370263,-1.2722522410045054,0.0022166866665344898,RiskPage1,14
1718906784.75,1.253652,-1.2754989765647697,-1.2745444946256255,-0.0009544819074007995,RiskPage1,14
1718906785.0,1.254934,-1.2741325881033265,-1.2769268167744188,0.002794228702363984,RiskPage1,14
1718906785.25,1.257497,-1.2714008770060732,-1.279384745609552,0.007983868634368344,RiskPage1,14
1718906785.5,1.254934,-1.2741325881033265,-1.2819005332739648,0.007767945201244381,RiskPage1,14
1718906785.75,1.249808,-1.2795960102978334,-1.284453216599052,0.004857206331646918,RiskPage1,14
1718906786.0,1.25109,-1.2782296218363902,-1.2870187709106429,0.008789149104611586,RiskPage1,14
1718906786.25,1.240838,-1.2891564662254036,-1.2895703490386223,0.00041388284361479344,RiskPage1,14
1718906786.5,1.243401,-1.2864247551281505,-1.2920786056874336,0.005653850589817648,RiskPage1,14
1718906786.75,1.23315,-1.297350533691531,-1.294512105321893,-0.002838428338872592,RiskPage1,14
1718906787.0,1.235713,-1.2946188225942776,-1.2968378097169306,0.002218987153726118,RiskPage1,14
1718906787.25,1.231868,-1.2987169221529742,-1.299021639358585,0.00030471723705094005,RiskPage1,14
1718906787.5,1.231868,-1.2987169221529742,-1.3010291010025485,0.002312178881423196,RiskPage1,14
1718906787.75,1.23315,-1.297350533691531,-1.302825971919306,0.005475438260057505,RiskPage1,14
1718906788.0,1.229306,-1.3014475674245947,-1.3043790296963784,0.0029314623045086996,RiskPage1,14
1718906788.25,1.229306,-1.3014475674245947,-1.305656814940907,0.0042092475494739596,RiskPage2,14
1718906788.5,1.226743,-1.304179278521848,-1.306630412846095,0.0024511343578243906,RiskPage2,14
1718906788.75,1.22418,-1.3069109896191013,-1.3072742383761817,0.00036324879103752784,RiskPage2,14
1718906789.0,1.226743,-1.304179278521848,-1.3075668088159946,0.003387530328433327,RiskPage2,14
1718906789.25,1.23315,-1.297350533691531,-1.3074914866540428,0.01014095299706707,RiskPage2,14
1718906789.5,1.222899,-1.3082763122549117,-1.3070371752522423,-0.0012391369679157398,RiskPage2,14
1718906789.75,1.221617,-1.309642700716355,-1.306198949528473,-0.00344375115300569,RiskPage2,14
1718906790.0,1.221617,-1.309642700716355,-1.304978603968838,-0.004664096712597878,RiskPage2,14
1718906790.25,1.221617,-1.309642700716355,-1.3033851007240858,-0.006257599957385678,RiskPage2,14
1718906790.5,1.228024,-1.3028139558860377,-1.3014349013521325,-0.0013790544991282238,RiskPage2,14
1718906790.75,1.228024,-1.3028139558860377,-1.2991521669522461,-0.00366178889918158,RiskPage2,14
1718906791.0,1.238276,-1.2918871114970243,-1.2965688129818354,0.004681701519206132,RiskPage2,14
1718906791.25,1.239557,-1.290521788861214,-1.293724406925235,0.0032026180981671116,RiskPage2,14
1718906791.5,1.239557,-1.290521788861214,-1.2906658991642934,0.0001441103369567093,RiskPage2,14
1718906791.75,1.243401,-1.2864247551281505,-1.287447179860737,0.0010224247661901416,RiskPage2,14
1718906792.0,1.24212,-1.2877900777639606,-1.2841284573926552,-0.003661620337967092,RiskPage2,14
1718906792.25,1.240838,-1.2891564662254036,-1.280775456897512,-0.008381009294799228,RiskPage2,14
1718906792.5,1.243401,-1.2864247551281505,-1.2774584407720575,-0.00896631432321923,RiskPage2,14
1718906792.75,1.240838,-1.2891564662254036,-1.2742510565688192,-0.014905409623895225,RiskPage2,14
1718906793.0,1.245964,-1.283693044030897,-1.2712290215958901,-0.012464022402465177,RiskPage2,14
1718906793.25,1.245964,-1.283693044030897,-1.268468657633641,-0.015224386364822939,RiskPage2,14
1718906793.5,1.248527,-1.2809613329336436,-1.2660452934639357,-0.014916039437344684,RiskPage2,14
1718906793.75,1.253652,-1.2754989765647697,-1.2640315572743162,-0.011467419258123642,RiskPage2,14
1718906794.0,1.254934,-1.2741325881033265,-1.2624955853416941,-0.011637002729303672,RiskPage2,14
1718906794.25,1.260059,-1.2686702317344527,-1.2614991775952908,-0.007171054106808582,RiskPage3,14
1718906794.5,1.260059,-1.2686702317344527,-1.2610959345806851,-0.007574297121371287,RiskPage3,14
1718906794.75,1.254934,-1.2741325881033265,-1.26132941387336,-0.012803174197514854,RiskPage3,14
1718906795.0,1.252371,-1.27686429920058,-1.2622313470084494,-0.014632952159617081,RiskPage3,14
1718906795.25,1.248527,-1.2809613329336436,-1.263819960402179,-0.01714137249888907,RiskPage3,14
1718906795.5,1.247245,-1.2823277213950868,-1.2660984454446265,-0.01622927591782858,RiskPage3,14
1718906795.75,1.25109,-1.2782296218363902,-1.269053623843742,-0.009175997959971026,RiskPage3,14
1718906796.0,1.248527,-1.2809613329336436,-1.2726548542849696,-0.008306478615969067,RiskPage3,14
1718906796.25,1.247245,-1.2823277213950868,-1.2768532254136666,-0.005474495948712292,RiskPage3,14
1718906796.5,1.253652,-1.2754989765647697,-1.28158107791858,0.006082101386489255,RiskPage3,14
1718906796.75,1.253652,-1.2754989765647697,-1.2867518949735377,0.011252918441378096,RiskPage3,14
1718906797.0,1.258778,-1.270035554370263,-1.2922605953849569,0.022225041047186873,RiskPage3,14
1718906797.25,1.260059,-1.2686702317344527,-1.2979842574349247,0.029314025732793604,RiskPage3,14
1718906797.5,1.260059,-1.2686702317344527,-1.3037832935926947,0.03511306189033247,RiskPage3,14
1718906797.75,1.260059,-1.2686702317344527,-1.3095030870418922,0.04083285533923468,RiskPage3,14
1718906798.0,1.254934,-1.2741325881033265,-1.314976090456798,0.04084350238490488,RiskPage3,14
1718906798.25,1.245964,-1.283693044030897,-1.3200243758502865,0.03633133185039647,RiskPage3,14
1718906798.5,1.247245,-1.2823277213950868,-1.3244626118648122,0.04213489050024393,RiskPage3,14
1718906798.75,1.245964,-1.283693044030897,-1.3281014318944842,0.04440838789356176,RiskPage3,14
1718906799.0,1.248527,-1.2809613329336436,-1.3307511432538293,0.04978981034956956,RiskPage3,14
1718906799.25,1.24212,-1.2877900777639606,-1.3322257146106524,0.044435636875449346,RiskPage4,14
1718906799.5,1.243401,-1.2864247551281505,-1.3323469664542749,0.04592221135423349,RiskPage4,14
1718906799.75,1.238276,-1.2918871114970243,-1.3309488778698584,0.039061766400287086,RiskPage4,14
1718906800.0,1.236994,-1.2932534999584675,-1.3278819127444295,0.034628412812767205,RiskPage4,14
1718906800.25,1.236994,-1.2932534999584675,-1.3230172601598487,0.02976376022756262,RiskPage4,14
1718906800.5,1.236994,-1.2932534999584675,-1.3162508775470874,0.022997377614216413,RiskPage4,14
1718906800.75,1.235713,-1.2946188225942776,-1.3075072215793122,0.012888399010101814,RiskPage4,14
1718906801.0,1.234431,-1.2959852110557206,-1.2967425511290456,0.0007573400979323617,RiskPage4,14
1718906801.25,1.230587,-1.3000822447887843,-1.283947689222149,-0.016134555542409213,RiskPage4,14
1718906801.5,1.23315,-1.297350533691531,-1.2691501370460794,-0.028200396621522343,RiskPage4,14
1718906801.75,1.23315,-1.297350533691531,-1.2524154428959824,-0.04493509077182988,RiskPage4,14
1718906802.0,1.229306,-1.3014475674245947,-1.2338477425616292,-0.06759982483937062,RiskPage4,14
1718906802.25,1.229306,-1.3014475674245947,-1.2135894050511338,-0.08785816234990393,RiskPage4,14
1718906802.5,1.228024,-1.3028139558860377,-1.1918197385648366,-0.11099421729759694,RiskPage4,14
1718906802.75,1.23315,-1.297350533691531,-1.1687527359802086,-0.12859779768758667,RiskPage4,14
1718906803.0,1.240838,-1.2891564662254036,-1.1446338663288074,-0.14452259987264932,RiskPage4,14
1718906803.25,1.238276,-1.2918871114970243,-1.1197359482034437,-0.17215116326935043,RiskPage4,14
1718906803.5,1.24212,-1.2877900777639606,-1.0943541719044094,-0.1934359058349749,RiskPage4,14
1718906803.75,1.25109,-1.2782296218363902,-1.0688003684050567,-0.20942925340635957,RiskPage4,14
1718906804.0,1.28825,-1.2386235413159314,-1.0433966536877985,-0.19522688760272122,RiskPage4,14
1718906804.25,1.358728,-1.1635062823568114,-1.0184686052832115,-0.14503767704772236,PreMarketWait,15
1718906804.5,1.480462,-1.0337590647551553,-0.9943381523771527,-0.039420912351643134,PreMarketWait,15
1718906804.75,1.600914,-0.9053782356149426,-0.97131637996087,0.06593814437277284,PreMarketWait,15
1718906805.0,1.738025,-0.7592418172553992,-0.9496964595342601,0.19045464230618495,PreMarketWait,15
1718906805.25,1.837975,-0.6527125452419476,-0.9297469224127745,0.27703437719861035,PreMarketWait,15
1718906805.5,1.867447,-0.6213005321876157,-0.9117054858042273,0.2904049536448232,PreMarketWait,15
1718906805.75,1.875135,-0.6131064647214886,-0.8957736263032824,0.2826671616103913,PreMarketWait,15
1718906806.0,1.840537,-0.649981899970327,-0.8821120709298117,0.23213017098841635,PreMarketWait,15
1718906806.25,1.805939,-0.6868573352191655,-0.8708373437409876,0.18398000855102847,PreMarketWait,15
1718906806.5,1.768778,-0.7264644815652572,-0.8620194683964266,0.13555498686058487,PreMarketWait,15
1718906806.75,1.735462,-0.7619735283526524,-0.8556808861628306,0.09370735783973347,PreMarketWait,15
1718906807.0,1.707271,-0.7920202187711739,-0.8517966070120258,0.059776388270475544,PreMarketWait,15
1718906807.25,1.673954,-0.8275303313842021,-0.8502955707625204,0.022765239407938814,PreMarketWait,15
1718906807.5,1.644482,-0.8589423444385337,-0.8510631573507274,-0.00787918705825931,PreMarketWait,15
1718906807.75,1.620135,-0.8848920011239914,-0.8539447516095566,-0.030947249485028236,PreMarketWait,15
1718906808.0,1.600914,-0.9053782356149426,-0.8587502393117713,-0.04662799627396759,PreMarketWait,15
1718906808.25,1.5881,-0.9190357252755764,-0.8652592882851127,-0.05377643696151878,PreMarketWait,15
1718906808.5,1.572723,-0.9354249260334638,-0.8732272513959471,-0.062197674608880024,PreMarketWait,15
1718906808.75,1.557346,-0.9518141267913514,-0.8823915171328057,-0.06942260963026135,PreMarketWait,15
1718906809.0,1.547095,-0.9627399053547318,-0.892478128193121,-0.07026177713371778,PreMarketWait,15
1718906809.25,1.538125,-0.9723003612823024,-0.9032084885198266,-0.069091872735007,PreMarketWait,15
1718906809.5,1.531718,-0.9791291061126194,-0.9143059841712651,-0.06482312191433603,PreMarketWait,15
1718906809.75,1.525311,-0.9859578509429362,-0.9255023526833762,-0.06045549823301227,PreMarketWait,15
1718906810.0,1.517622,-0.9941529842346964,-0.9365436485952583,-0.05760933561337478,PreMarketWait,15
1718906810.25,1.507371,-1.005078762798077,-0.9471956689351564,-0.057883093837350075,PreMarketWait,15
1718906810.5,1.50609,-1.0064440854338874,-0.9572487210840795,-0.0491953643247342,PreMarketWait,15
1718906810.75,1.503527,-1.0091757965311405,-0.9665216359484933,-0.042654160558071044,PreMarketWait,15
1718906811.0,1.498401,-1.0146392187256474,-0.9748649512094943,-0.039774267492071316,PreMarketWait,15
1718906811.25,1.495839,-1.017369863997268,-0.9821632120330865,-0.03520665194058796,PreMarketWait,15
1718906811.5,1.48815,-1.025564997289028,-0.9883363595209601,-0.03722863774495329,PreMarketWait,15
1718906811.75,1.484306,-1.0296620310220919,-0.9933401998919935,-0.036321831107449444,PreMarketWait,15
1718906812.0,1.483024,-1.031028419483535,-0.9971659694927291,-0.03386244996860416,PreMarketWait,15
1718906812.25,1.485587,-1.0282967083862815,-0.9998390318575393,-0.02845767650696087,PreMarketWait,15
1718906812.5,1.484306,-1.0296620310220919,-1.0014167628186665,-0.02824526818203025,PreMarketWait,15
1718906812.75,1.47918,-1.0351254532165985,-1.0019856977626613,-0.03313975543288671,PreMarketWait,15
1718906813.0,1.480462,-1.0337590647551553,-1.001658031218249,-0.03210103351615185,PreMarketWait,15
1718906813.25,1.481743,-1.032393742119345,-1.0005675727325576,-0.03182616936627565,MarketGridChoice,15
1718906813.5,1.495839,-1.017369863997268,-0.9988652741526067,-0.018504589824336233,MarketGridChoice,15
1718906813.75,1.525311,-0.9859578509429362,-0.9967144516887334,0.01075660076599256,MarketGridChoice,15
1718906814.0,1.556065,-0.9531794494271615,-0.9942858312148042,0.04110638180776603,MarketGridChoice,15
1718906814.25,1.5881,-0.9190357252755764,-0.991752546901105,0.07271682164563645,MarketGridChoice,15
1718906814.5,1.60604,-0.8999148134204358,-0.9892852212950276,0.0893704078947376,MarketGridChoice,15
1718906814.75,1.618854,-0.8862573237598017,-0.9870472493115549,0.10078992557198437,MarketGridChoice,15
1718906815.0,1.616291,-0.8889890348570552,-0.9851903994130923,0.0962013645763928,MarketGridChoice,15
1718906815.25,1.600914,-0.9053782356149426,-0.9838508329127222,0.0784725973182893,MarketGridChoice,15
1718906815.5,1.584256,-0.92313275900864,-0.9831456274017601,0.06001286841380371,MarketGridChoice,15
1718906815.75,1.567597,-0.9408883482279707,-0.9831698735097608,0.04228152530265748,MarketGridChoice,15
1718906816.0,1.549658,-0.9600081942574785,-0.9839943963514807,0.023986202115051633,MarketGridChoice,15
1718906816.25,1.538125,-0.9723003612823024,-0.985664134881726,0.013363773620641367,MarketGridChoice,15
1718906816.5,1.526592,-0.9845925283071262,-0.9881971946561509,0.0036046663703842435,MarketGridChoice,15
1718906816.75,1.517622,-0.9941529842346964,-0.9915845727404072,-0.0025684114728246124,MarketGridChoice,15
1718906817.0,1.508653,-1.0037123743366339,-0.9957905381306649,-0.007921836184444057,MarketGridChoice,15
1718906817.25,1.499683,-1.0132728302642042,-1.0007536373166404,-0.012519192926027479,MarketGridChoice,15
1718906817.5,1.491994,-1.0214679635559645,-1.0063882826890054,-0.015079680845459811,MarketGridChoice,15
1718906817.75,1.486869,-1.0269303199248383,-1.0125868714297868,-0.014343448473634467,MarketGridChoice,15
1718906818.0,1.471492,-1.0433195206827257,-1.0192223743204227,-0.024097146341006126,MarketGridChoice,15
1718906818.25,1.467648,-1.0474165544157892,-1.0261513274976422,-0.02126522689699889,MarketGridChoice,15
1718906818.5,1.463803,-1.051514653974486,-1.0332171554818965,-0.018297498471607193,MarketGridChoice,15
1718906818.75,1.463803,-1.051514653974486,-1.0402537506645118,-0.011260903289166194,MarketGridChoice,15
1718906819.0,1.461241,-1.0542452992461062,-1.0470892327110628,-0.0071560665144090735,MarketGridChoice,15
1718906819.25,1.459959,-1.0556116877075494,-1.0535498108484902,-0.002061876838589438,MarketGridChoice,15
1718906819.5,1.454834,-1.0610740440764235,-1.0594636725835942,-0.0016103714725074214,MarketGridChoice,15
1718906819.75,1.452271,-1.0638057551736766,-1.0646648239039098,0.0008590687504288069,MarketGridChoice,15
1718906820.0,1.452271,-1.0638057551736766,-1.0689968083265882,0.005191053173006145,MarketGridChoice,15
1718906820.25,1.445864,-1.0706345000039936,-1.0723162352128577,0.0016817352288855877,MarketGridChoice,15
1718906820.5,1.443301,-1.0733662111012472,-1.0744960515146356,0.00112984043336542,MarketGridChoice,15
1718906820.75,1.444582,-1.0720008884654368,-1.0754284955520852,0.003427607106608794,MarketGridChoice,15
1718906821.0,1.440738,-1.0760979221985005,-1.0750276765414417,-0.0010702456370888826,MarketGridChoice,15
1718906821.25,1.435612,-1.0815613443930072,-1.073231729417133,-0.008329614955871908,MarketGridChoice,15
1718906821.5,1.440738,-1.0760979221985005,-1.0700045010396004,-0.006093421138844199,MarketGridChoice,15
1718906821.75,1.442019,-1.0747325995626904,-1.065336731163295,-0.009395868379266242,MarketGridChoice,15
1718906822.0,1.456115,-1.0597087214406131,-1.0592466995576209,-0.00046202186277153993,MarketGridChoice,15
1718906822.25,1.466366,-1.0487829428772324,-1.0517803194071569,0.0029973765502534916,MarketGridChoice,15
1718906822.5,1.468929,-1.0460512317799793,-1.043010666527658,-0.0030405652318702993,MarketGridChoice,15
1718906822.75,1.472773,-1.0419541980469154,-1.0330369439738805,-0.008917254052451758,MarketGridChoice,15
1718906823.0,1.449708,-1.0665374662709302,-1.0219828922416656,-0.044554574008541556,MarketGridChoice,15
1718906823.25,1.452271,-1.0638057551736766,-1.009994666444931,-0.05381108870787651,MarketGridChoice,15
1718906823.5,1.404859,-1.114338680083149,-0.9972382135308924,-0.11710046653123543,MarketGridChoice,15
1718906823.75,1.50609,-1.0064440854338874,-0.9838961946789577,-0.022547890733749666,MarketGridChoice,15
1718906824.0,1.454834,-1.0610740440764235,-0.9701645102910853,-0.09090953376399166,MarketGridChoice,15
1718906824.25,1.448426,-1.0679038547323734,-0.9562484970526013,-0.11165535765825227,MarketGridChoice,15
1718906824.5,1.520185,-0.9914212731374432,-0.9423588779061256,-0.0490623952096175,MarketGridChoice,15
1718906824.75,1.566316,-0.9422536708637809,-0.9287075558195941,-0.013546115022300041,MarketGridChoice,15
1718906825.0,1.602195,-0.9040129129791322,-0.9155033502709565,0.011490437313902,MarketGridChoice,15
1718906825.25,1.630386,-0.873966222560611,-0.9029477807389412,0.02898155820060177,MarketGridChoice,15
1718906825.5,1.67011,-0.8316273651172656,-0.8912310035718551,0.05960363847705578,MarketGridChoice,15
1718906825.75,1.703427,-0.7961172525042375,-0.8805280069631057,0.0844107544815278,MarketGridChoice,15
1718906826.0,1.730336,-0.7674369505471591,-0.8709951631921694,0.10355821266785872,MarketGridChoice,15
1718906826.25,1.746994,-0.7496824271534617,-0.8627672278513665,0.11308480072093573,MarketGridChoice,15
1718906826.5,1.757246,-0.738755582764448,-0.8559548627749923,0.11719928003375008,MarketGridChoice,15
1718906826.75,1.746994,-0.7496824271534617,-0.8506427433449234,0.10096031621483231,MarketGridChoice,15
1718906827.0,1.73418,-0.7633399168140955,-0.8468882924885927,0.08354837569802077,MarketGridChoice,15
1718906827.25,1.714959,-0.7838261513050467,-0.8447210638830613,0.060894912601677176,MarketGridChoice,15
1718906827.5,1.694457,-0.8056777084318077,-0.8441427765854219,0.03846506817739895,MarketGridChoice,15
1718906827.75,1.672673,-0.8288956540200122,-0.8451279834776757,0.016232329481550546,MarketGridChoice,15
1718906828.0,1.654733,-0.8480165658751531,-0.8476253374181351,-0.00039122843305171295,MarketGridChoice,15
1718906828.25,1.634231,-0.8698681230019143,-0.8515594025664883,-0.018308720411406722,MarketGridChoice,15
1718906828.5,1.617572,-0.8876237122212448,-0.8568329445548665,-0.030790767642334935,MarketGridChoice,15
1718906828.75,1.604758,-0.901281201881879,-0.8633296223820512,-0.0379515794757901,MarketGridChoice,15
1718906829.0,1.591944,-0.9149386915425128,-0.8709169972971851,-0.044021694221324625,MarketGridChoice,15
1718906829.25,1.5881,-0.9190357252755764,-0.8794497695300904,-0.03958595572154443,MarketGridChoice,15
1718906829.5,1.581693,-0.9258644701058935,-0.8887731523921364,-0.0370913176898999,MarketGridChoice,15
1718906829.75,1.575286,-0.9326932149362105,-0.8987262947782675,-0.033966920134189116,MarketGridChoice,15
1718906830.0,1.575286,-0.9326932149362105,-0.9091456671366911,-0.023547547775882596,MarketGridChoice,15
1718906830.25,1.526592,-0.9845925283071262,-0.9198683321899178,-0.06472419609369842,MarketGridChoice,15
1718906830.5,1.511215,-1.0009817290650136,-0.9307350297339121,-0.07024669930772554,MarketGridChoice,15
1718906830.75,1.526592,-0.9845925283071262,-0.9415930143592056,-0.04299951392468471,MarketGridChoice,15
1718906831.0,1.526592,-0.9845925283071262,-0.9522985955658659,-0.03229393271817163,MarketGridChoice,15
1718906831.25,1.520185,-0.9914212731374432,-0.9627193410812762,-0.028701932033233526,MarketGridChoice,15
1718906831.5,1.529155,-0.9818608172098726,-0.972735915788123,-0.009124901398980395,MarketGridChoice,15
1718906831.75,1.530437,-0.9804944287484295,-0.9822435400708104,0.001749111344975636,MarketGridChoice,15
1718906832.0,1.529155,-0.9818608172098726,-0.9911530621778324,0.00929224499037043,MarketGridChoice,15
1718906832.25,1.518904,-0.9927865957732532,-0.9993916490497368,0.006605053298701952,MarketGridChoice,15
1718906832.5,1.50609,-1.0064440854338874,-1.0069031087563232,0.0004590233444569398,MarketGridChoice,15
1718906832.75,1.503527,-1.0091757965311405,-1.0136478651030774,0.00447206859375952,MarketGridChoice,15
1718906833.0,1.504808,-1.0078104738953306,-1.0196026110685892,0.01179213719488574,MarketGridChoice,15
1718906833.25,1.502246,-1.0105411191669509,-1.0247596725376433,0.014218553392134015,MarketGridChoice,15
1718906833.5,1.498401,-1.0146392187256474,-1.0291261173390651,0.014486898634690111,MarketGridChoice,15
1718906833.75,1.502246,-1.0105411191669509,-1.032722646935541,0.022181527789716875,MarketGridChoice,15
1718906834.0,1.502246,-1.0105411191669509,-1.0355823093131393,0.02504119016719928,MarketGridChoice,15
1718906834.25,1.48815,-1.025564997289028,-1.0377490717753954,0.012184074507298692,ForecastPage,15
1718906834.5,1.486869,-1.0269303199248383,-1.0392762915851235,0.012345971681179416,ForecastPage,15
1718906834.75,1.47918,-1.0351254532165985,-1.0402251208679423,0.005099667672249217,ForecastPage,15
1718906835.0,1.477899,-1.0364907758524087,-1.0406628800611917,0.004172104229752151,ForecastPage,15
1718906835.25,1.483024,-1.031028419483535,-1.0406614316226699,0.009633012160223373,ForecastPage,15
1718906835.5,1.47918,-1.0351254532165985,-1.0402955828448355,0.005170129649500456,ForecastPage,15
1718906835.75,1.476617,-1.0378571643138519,-1.039641543560184,0.001784379267822836,ForecastPage,15
1718906836.0,1.471492,-1.0433195206827257,-1.0387754613543285,-0.004544059306631192,ForecastPage,15
1718906836.25,1.477899,-1.0364907758524087,-1.0377720536896395,0.001281277859315838,ForecastPage,15
1718906836.5,1.484306,-1.0296620310220919,-1.0367033531363954,0.007041322136746077,ForecastPage,15
1718906836.75,1.484306,-1.0296620310220919,-1.0356375787481509,0.00597554774889301,ForecastPage,15
1718906837.0,1.493276,-1.0201015750945213,-1.0346381435265506,0.0145365684552834,ForecastPage,15
1718906837.25,1.491994,-1.0214679635559645,-1.0337628049151273,0.012294841382859262,ForecastPage,15
1718906837.5,1.481743,-1.032393742119345,-1.0330629623680982,0.0006692202729069092,ForecastPage,15
1718906837.75,1.472773,-1.0419541980469154,-1.0325831033061121,-0.009371094716187356,ForecastPage,15
1718906838.0,1.467648,-1.0474165544157892,-1.0323603962638128,-0.015056158126903533,ForecastPage,15
1718906838.25,1.477899,-1.0364907758524087,-1.0324244278256818,-0.004066348001213039,ForecastPage,15
1718906838.5,1.480462,-1.0337590647551553,-1.0327970780869307,-0.0009619866422948924,ForecastPage,15
1718906838.75,1.475336,-1.0392224869496622,-1.0334925278731122,-0.0057299590502351075,ForecastPage,15
1718906839.0,1.477899,-1.0364907758524087,-1.0345173897711666,-0.0019733860545778775,ForecastPage,15
1718906839.25,1.477899,-1.0364907758524087,-1.0358709541090632,-0.0006198217163728148,ForecastPage,15
1718906839.5,1.472773,-1.0419541980469154,-1.0375455403151388,-0.004408657704541293,ForecastPage,15
1718906839.75,1.474055,-1.0405878095854724,-1.0395269435477406,-0.0010608660102846938,ForecastPage,15
1718906840.0,1.475336,-1.0392224869496622,-1.0417949660780141,0.0025724791559547065,ForecastPage,15
1718906840.25,1.47021,-1.044685909144169,-1.044324022607775,-0.00036188650869645525,ForecastPage,15
1718906840.5,1.468929,-1.0460512317799793,-1.0470838084893834,0.0010325767371327753,ForecastPage,15
1718906840.75,1.468929,-1.0460512317799793,-1.0500400196702573,0.003988787917973824,ForecastPage,15
1718906841.0,1.461241,-1.0542452992461062,-1.0531551131034935,-0.0010901861150119374,ForecastPage,15
1718906841.25,1.458678,-1.0569770103433598,-1.0563890963485718,-0.0005879139673420179,ForecastPage,15
1718906841.5,1.454834,-1.0610740440764235,-1.0597003351391572,-0.0013737089100315496,ForecastPage,15
1718906841.75,1.449708,-1.0665374662709302,-1.0630463678283093,-0.0034910984156505008,ForecastPage,15
1718906842.0,1.447145,-1.0692691773681837,-1.0663847158429551,-0.0028844614985705846,ForecastPage,15
1718906842.25,1.445864,-1.0706345000039936,-1.0696736795913093,-0.0009608203863816864,ForecastPage,15
1718906842.5,1.442019,-1.0747325995626904,-1.0728731096626167,-0.0018594898741637212,ForecastPage,15
1718906842.75,1.442019,-1.0747325995626904,-1.0759451436240233,0.0012125440868191624,ForecastPage,15
1718906843.0,1.435612,-1.0815613443930072,-1.0788548992359275,-0.002706445132040081,ForecastPage,15
1718906843.25,1.436894,-1.0801949559315642,-1.081571115456101,0.0013761595491160548,ForecastPage,15
1718906843.5,1.436894,-1.0801949559315642,-1.0840667331688247,0.0038717772613744528,ForecastPage,15
1718906843.75,1.431768,-1.085658378126071,-1.0863194081477334,0.0006610300453143,ForecastPage,15
1718906844.0,1.43305,-1.084291989664628,-1.0883119493346562,0.004019959693229392,ForecastPage,15
1718906844.25,1.43305,-1.084291989664628,-1.090032676092433,0.005740686450574833,ForecastPage,15
1718906844.5,1.426643,-1.0911207344949447,-1.0914756886762063,0.000354954203626928,ForecastPage,15
1718906844.75,1.427924,-1.0897554118591346,-1.0926410467820162,0.002885634944876107,ForecastPage,15
1718906845.0,1.42408,-1.093852445592198,-1.093534851697447,-0.0003175938730877216,ForecastPage,15
1718906845.25,1.42408,-1.093852445592198,-1.0941692283242066,0.0003167827533868406,ForecastPage,15
1718906845.5,1.421517,-1.0965841566894516,-1.0945622041938718,-0.0020219524744334253,ForecastPage,15
1718906845.75,1.420235,-1.0979505451508949,-1.0947374835775323,-0.003213061552387755,ForecastPage,15
1718906846.0,1.420235,-1.0979505451508949,-1.0947241159116428,-0.0032264292183814686,ForecastPage,15
1718906846.25,1.421517,-1.0965841566894516,-1.094556059030721,-0.0020280976378916895,ForecastPage,15
1718906846.5,1.418954,-1.0993158677867048,-1.0942716391076446,-0.005044228658178497,ForecastPage,15
1718906846.75,1.416391,-1.1020475788839583,-1.0939129107400372,-0.008134668122919868,ForecastPage,15
1718906847.0,1.421517,-1.0965841566894516,-1.0935249222646064,-0.0030592344036468773,ForecastPage,15
1718906847.25,1.421517,-1.0965841566894516,-1.0931548931015709,-0.003429263566410132,ForecastPage,15
1718906847.5,1.427924,-1.0897554118591346,-1.0928513116932734,0.0030958998559529175,ForecastPage,15
1718906847.75,1.429205,-1.0883900892233243,-1.0926629643641994,0.004272875163097818,ForecastPage,15
1718906848.0,1.422798,-1.0952188340536413,-1.0926379071537295,-0.0025809268772259055,ForecastPage,15
1718906848.25,1.421517,-1.0965841566894516,-1.0928223943270852,-0.003761762339175568,ForecastPage,15
1718906848.5,1.420235,-1.0979505451508949,-1.093259778838319,-0.004690766288852766,ForecastPage,15
1718906848.75,1.418954,-1.0993158677867048,-1.0939894014985738,-0.005326466263860459,ForecastPage,15
1718906849.0,1.416391,-1.1020475788839583,-1.095045486991608,-0.00700209186752838,ForecastPage,15
1718906849.25,1.416391,-1.1020475788839583,-1.096456066165417,-0.005591512693172155,ForecastPage,15
1718906849.5,1.412547,-1.106144612617022,-1.098241945187461,-0.007902667403656699,ForecastPage,15
1718906849.75,1.409984,-1.1088763237142754,-1.1004157431417456,-0.00846058054610941,ForecastPage,15
1718906850.0,1.40614,-1.112973357447339,-1.1029810204192394,-0.00999233700118922,ForecastPage,15
1718906850.25,1.403577,-1.1157050685445922,-1.1059315207518325,-0.009773547765391747,ForecastPage,15
1718906850.5,1.401014,-1.1184367796418457,-1.1092505499004455,-0.009186229713612909,ForecastPage,15
1718906850.75,1.403577,-1.1157050685445922,-1.1129105137587902,-0.0027945547576380403,ForecastPage,15
1718906851.0,1.398452,-1.1211674249134662,-1.116872637897721,-0.004294786987254294,ForecastPage,15
1718906851.25,1.398452,-1.1211674249134662,-1.121086889269971,-8.053561473381557e-05,ForecastPage,15
1718906851.5,1.395889,-1.1238991360107196,-1.1254921188443543,0.0015929828626045448,ForecastPage,15
1718906851.75,1.39717,-1.1225338133749092,-1.1300164412773046,0.007482627931507238,ForecastPage,15
1718906852.0,1.39717,-1.1225338133749092,-1.1345778643114452,0.01204405096572057,ForecastPage,15
1718906852.25,1.399733,-1.119802102277656,-1.1390851763914007,0.019283074142930543,ForecastPage,15
1718906852.5,1.399733,-1.119802102277656,-1.1434390960082024,0.023636993759661225,ForecastPage,15
1718906852.75,1.39717,-1.1225338133749092,-1.1475336805599452,0.024999867214007907,ForecastPage,15
1718906853.0,1.395889,-1.1238991360107196,-1.151257986122237,0.02735885014027664,ForecastPage,15
1718906853.25,1.394607,-1.1252655244721628,-1.1544979625765466,0.02923243813286542,ForecastPage,15
1718906853.5,1.394607,-1.1252655244721628,-1.1571385612107257,0.03187303676670942,ForecastPage,15
1718906853.75,1.3882,-1.1320942693024796,-1.1590660243843116,0.026971755109596172,ForecastPage,15
1718906854.0,1.386919,-1.13345959193829,-1.1601703193712694,0.02671072746032686,ForecastPage,15
1718906854.25,1.386919,-1.13345959193829,-1.16034767130484,0.026888079393459424,ForecastPage,15
1718906854.5,1.385637,-1.1348259803997331,-1.1595031435157452,0.024677163142476224,ForecastPage,15
1718906854.75,1.384356,-1.1361913030355435,-1.157553207742202,0.021361904732684144,ForecastPage,15
1718906855.0,1.384356,-1.1361913030355435,-1.1544282419595011,0.018236938949564758,ForecastPage,15
1718906855.25,1.384356,-1.1361913030355435,-1.1500748901799303,0.013883587169606311,ForecastPage,15
1718906855.5,1.383075,-1.1375566256713534,-1.144458216748376,0.006901591101895582,ForecastPage,15
1718906855.75,1.383075,-1.1375566256713534,-1.1375635876238765,6.961977099091514e-06,ForecastPage,15
1718906856.0,1.381793,-1.1389230141327966,-1.129398213084971,-0.009524801023490799,ForecastPage,15
1718906856.25,1.383075,-1.1375566256713534,-1.1199922903835275,-0.017564335263669156,ForecastPage,15
1718906856.5,1.380512,-1.140288336768607,-1.1093996912082793,-0.030888645536281324,ForecastPage,15
1718906856.75,1.365135,-1.1566775375264944,-1.0976981474581844,-0.05897939004430421,ForecastPage,15
1718906857.0,1.354884,-1.1676033160898749,-1.0849888997488402,-0.08261441631700067,ForecastPage,15
1718906857.25,1.363853,-1.1580439259879376,-1.0713957861757633,-0.08664813978804746,ForecastPage,15
1718906857.5,1.362572,-1.159409248623748,-1.0570637639157199,-0.10234548468374793,ForecastPage,15
1718906857.75,1.366416,-1.155312214890684,-1.04215687289799,-0.11315534196820527,ForecastPage,15
1718906858.0,1.372823,-1.1484834700603672,-1.0268556684973857,-0.12162780153823488,ForecastPage,15
1718906858.25,1.398452,-1.1211674249134662,-1.0113541683090879,-0.10981325657933234,ForecastPage,15
1718906858.5,1.453552,-1.0624404325378665,-0.9958563757455278,-0.06658405676696004,ForecastPage,15
1718906858.75,1.522748,-0.9886895620401897,-0.9805724595281512,-0.008117102486303276,ForecastPage,15
1718906859.0,1.593226,-0.9135723030810696,-0.9657146821611333,0.052142379106170186,ForecastPage,15
1718906859.25,1.636793,-0.8671374777302939,-0.9514931812374167,0.08435570353360866,ForecastPage,15
1718906859.5,1.668829,-0.832992687753076,-0.9381117141739201,0.10511902644771114,ForecastPage,15
1718906859.75,1.68805,-0.8125064532621248,-0.9257634792363205,0.11325702600143911,ForecastPage,15
1718906860.0,1.684206,-0.8166034869951884,-0.9146271234135033,0.09802363644592359,ForecastPage,15
1718906860.25,1.667547,-0.8343590762145192,-0.9048630411443876,0.07050396495782353,ForecastPage,15
1718906860.5,1.649608,-0.8534789222440269,-0.8966100577038547,0.043131135488101546,ForecastPage,15
1718906860.75,1.641919,-0.8616740555357871,-0.8899825780267963,0.028308522519564325,ForecastPage,15
1718906861.0,1.645763,-0.8575770218027233,-0.8850682667489508,0.027491244975017648,ForecastPage,15
1718906861.25,1.654733,-0.8480165658751531,-0.8819263090631371,0.03390974321695329,ForecastPage,15
1718906861.5,1.663703,-0.8384561099475827,-0.8805862852828589,0.04213017536436064,ForecastPage,15
1718906861.75,1.663703,-0.8384561099475827,-0.8810476752726027,0.04259156535415011,ForecastPage,15
1718906862.0,1.66114,-0.841187821044836,-0.8832799925329867,0.04209217151725486,ForecastPage,15
1718906862.25,1.647045,-0.8562106333412802,-0.887223532055299,0.03101289874302689,ForecastPage,15
1718906862.5,1.631668,-0.8725998340991677,-0.8927907014179391,0.02019086734761689,ForecastPage,15
1718906862.75,1.60604,-0.8999148134204358,-0.8998678913369798,-4.692205483420014e-05,ForecastPage,15
1718906863.0,1.582974,-0.9244991474700831,-0.9083178303570105,-0.016181317084727743,ForecastPage,15
1718906863.25,1.559909,-0.9490824156940979,-0.917982358897304,-0.031100056768770007,ForecastPage,15
1718906863.5,1.543251,-0.9668369390877956,-0.9286855506999984,-0.0381513883601271,ForecastPage,15
1718906863.75,1.532999,-0.977763783476809,-0.9402371050004933,-0.03752667844902068,ForecastPage,15
1718906864.0,1.516341,-0.9955183068705068,-0.9524359304651321,-0.0430823763784625,ForecastPage,15
1718906864.25,1.504808,-1.0078104738953306,-0.9650738419982914,-0.04273663187050471,ForecastPage,15
1718906864.5,1.495839,-1.017369863997268,-0.9779392936831919,-0.03943057028790141,ForecastPage,15
1718906864.75,1.485587,-1.0282967083862815,-0.9908210750848537,-0.037475633275584175,ForecastPage,15
1718906865.0,1.480462,-1.0337590647551553,-1.003511903560795,-0.030247161168808392,ForecastPage,15
1718906865.25,1.477899,-1.0364907758524087,-1.015811851725239,-0.020678924101861465,MarketWaitPage,15
1718906865.5,1.481743,-1.032393742119345,-1.0275315564245717,-0.004862185669656016,MarketWaitPage,15
1718906865.75,1.477899,-1.0364907758524087,-1.0384951631531218,0.0020043873256957653,MarketWaitPage,15
1718906866.0,1.47021,-1.044685909144169,-1.0485429674569477,0.0038570583376845574,MarketWaitPage,15
1718906866.25,1.463803,-1.051514653974486,-1.0575337222893149,0.006019068339715678,MarketWaitPage,15
1718906866.5,1.452271,-1.0638057551736766,-1.06534658732311,0.0015408321743560546,MarketWaitPage,15
1718906866.75,1.448426,-1.0679038547323734,-1.0718827028000475,0.003978848092682268,MarketWaitPage,15
1718906867.0,1.438175,-1.0788296332957539,-1.0770663765756048,-0.0017632566950119798,MarketWaitPage,15
1718906867.25,1.440738,-1.0760979221985005,-1.0808458786127297,0.004747956439533168,MarketWaitPage,15
1718906867.5,1.439457,-1.0774632448343107,-1.0831938423127616,0.00573059750395212,MarketWaitPage,15
1718906867.75,1.448426,-1.0679038547323734,-1.0841072767765176,0.016203422069864443,MarketWaitPage,15
1718906868.0,1.449708,-1.0665374662709302,-1.0836071983882996,0.017069732143321335,MarketWaitPage,15
1718906868.25,1.444582,-1.0720008884654368,-1.0817378940424252,0.009737005603174635,MarketWaitPage,15
1718906868.5,1.442019,-1.0747325995626904,-1.0785658319354943,0.0038332323992166864,MarketWaitPage,15
1718906868.75,1.443301,-1.0733662111012472,-1.0741782392041825,0.0008120281295570797,MarketWaitPage,15
1718906869.0,1.447145,-1.0692691773681837,-1.06868136889592,-0.0005878084454594354,MarketWaitPage,15
1718906869.25,1.452271,-1.0638057551736766,-1.0621984819197954,-0.0016072732269293635,MarketWaitPage,15
1718906869.5,1.458678,-1.0569770103433598,-1.0548675728207968,-0.0021094374955053993,MarketWaitPage,15
1718906869.75,1.461241,-1.0542452992461062,-1.0468388715053831,-0.007406427713608457,MarketWaitPage,15
1718906870.0,1.458678,-1.0569770103433598,-1.0382721564441615,-0.018704853872080277,MarketWaitPage,15
1718906870.25,1.453552,-1.0624404325378665,-1.0293339183878119,-0.03310651412299064,RoundResultsPage,15
1718906870.5,1.454834,-1.0610740440764235,-1.0201944172308106,-0.040879626818660066,RoundResultsPage,15
1718906870.75,1.450989,-1.0651721436351198,-1.0110246782837342,-0.054147465324600824,RoundResultsPage,15
1718906871.0,1.457396,-1.058343398804803,-1.0019934777517554,-0.05634992102648401,RoundResultsPage,15
1718906871.25,1.47021,-1.044685909144169,-0.9932643704683187,-0.05142153864955555,RoundResultsPage,15
1718906871.5,1.500964,-1.011907507628394,-0.9849928156123186,-0.026914691990089175,RoundResultsPage,15
1718906871.75,1.536844,-0.9736656839181124,-0.9773234578745837,0.0036577739821202562,RoundResultsPage,15
1718906872.0,1.563753,-0.9449853819610343,-0.9703876219132227,0.025402239977482304,RoundResultsPage,15
1718906872.25,1.586819,-0.9204010479113868,-0.964301076530521,0.043900028644068084,RoundResultsPage,15
1718906872.5,1.625261,-0.8794285789294846,-0.9591621214790126,0.07973354257410761,RoundResultsPage,15
1718906872.75,1.627824,-0.8766968678322313,-0.9550500439736885,0.0783531761656975,RoundResultsPage,15
1718906873.0,1.639356,-0.8644057666330405,-0.9520239838605578,0.08761821725144059,RoundResultsPage,15
1718906873.25,1.632949,-0.8712345114633575,-0.9501222361902626,0.07888772475053953,RoundResultsPage,15
1718906873.5,1.622698,-0.8821602900267381,-0.9493620080885379,0.06720171808517907,RoundResultsPage,15
1718906873.75,1.604758,-0.901281201881879,-0.949739633881394,0.048458432022676905,RoundResultsPage,15
1718906874.0,1.563753,-0.9449853819610343,-0.9512312390992826,0.006245857161233728,RoundResultsPage,15
1718906874.25,1.544532,-0.9654716164519853,-0.9537938309549704,-0.011677785474162952,RoundResultsPage,15
1718906874.5,1.545813,-0.964106293816175,-0.9573667808191583,-0.006739512974254201,RoundResultsPage,15
1718906874.75,1.539406,-0.970935038646492,-0.9618736536412501,-0.009061384982525303,RoundResultsPage,15
1718906875.0,1.536844,-0.9736656839181124,-0.9672243305457418,-0.006441353349656866,RoundResultsPage,15
1718906875.25,1.529155,-0.9818608172098726,-0.9733173641650674,-0.008543453022053615,RoundResultsPage,15
1718906875.5,1.521467,-0.990054884676,-0.9800425016947716,-0.010012382958400803,RoundResultsPage,15
1718906875.75,1.499683,-1.0132728302642042,-0.987283308143254,-0.025989522098010573,RoundResultsPage,15
1718906876.0,1.484306,-1.0296620310220919,-0.9949198217286711,-0.03474220927033434,RoundResultsPage,15
1718906876.25,1.481743,-1.032393742119345,-1.0028311747651693,-0.02956256733090918,RoundResultsPage,15
1718906876.5,1.476617,-1.0378571643138519,-1.0108981165690312,-0.026959047721340362,RoundResultsPage,15
1718906876.75,1.463803,-1.051514653974486,-1.0190053797490422,-0.03250927420171514,RoundResultsPage,15
1718906877.0,1.461241,-1.0542452992461062,-1.0270438375195414,-0.027201461702552374,RoundResultsPage,15
1718906877.25,1.459959,-1.0556116877075494,-1.0349124071424205,-0.020699280540797935,RoundResultsPage,15
1718906877.5,1.458678,-1.0569770103433598,-1.0425196629975892,-0.01445734732108777,RoundResultsPage,15
1718906877.75,1.444582,-1.0720008884654368,-1.049785131829956,-0.02221575661041743,RoundResultsPage,15
1718906878.0,1.421517,-1.0965841566894516,-1.0566402521663372,-0.039943904497649486,RoundResultsPage,15
1718906878.25,1.42408,-1.093852445592198,-1.0630289894997114,-0.03082345606660906,RoundResultsPage,15
1718906878.5,1.430487,-1.087023700761881,-1.0689081083802239,-0.018115592355365293,RoundResultsPage,15
1718906878.75,1.430487,-1.087023700761881,-1.0742471118130295,-0.012776588922153664,RoundResultsPage,15
1718906879.0,1.421517,-1.0965841566894516,-1.0790278671077413,-0.017556289554622982,RoundResultsPage,15
1718906879.25,1.412547,-1.106144612617022,-1.0832439453056748,-0.022900667283894685,RoundResultsPage,15
1718906879.5,1.422798,-1.0952188340536413,-1.08689970829154,-0.008319125734313695,RoundResultsPage,15
1718906879.75,1.43305,-1.084291989664628,-1.0900091834670353,0.005717193830496858,RoundResultsPage,15
1718906880.0,1.449708,-1.0665374662709302,-1.0925947702472987,0.026057304004725966,RoundResultsPage,15
1718906880.25,1.443301,-1.0733662111012472,-1.094685825488247,0.021319614415593508,RoundResultsPage,15
1718906880.5,1.454834,-1.0610740440764235,-1.0963171761559656,0.03524313210834199,RoundResultsPage,15
1718906880.75,1.457396,-1.058343398804803,-1.0975276070709066,0.039184208295081575,RoundResultsPage,15
1718906881.0,1.457396,-1.058343398804803,-1.0983583694549786,0.04001497067930564,RoundResultsPage,15
1718906881.25,1.454834,-1.0610740440764235,-1.098851752428667,0.037777708381499825,RiskPage1,15
1718906881.5,1.442019,-1.0747325995626904,-1.099049754778013,0.024317155244678354,RiskPage1,15
1718906881.75,1.438175,-1.0788296332957539,-1.0989928885259772,0.0201632552596488,RiskPage1,15
1718906882.0,1.431768,-1.085658378126071,-1.0987191394212334,0.01306076132462395,RiskPage1,15
1718906882.25,1.434331,-1.0829266670288176,-1.0982631027249916,0.015336435725634166,RiskPage1,15
1718906882.5,1.429205,-1.0883900892233243,-1.0976553059314258,0.009265216737520812,RiskPage1,15
1718906882.75,1.42408,-1.093852445592198,-1.0969217235511535,0.0030692779882922315,RiskPage1,15
1718906883.0,1.420235,-1.0979505451508949,-1.0960834830203823,-0.0018670621013015254,RiskPage1,15
1718906883.25,1.421517,-1.0965841566894516,-1.095156755326066,-0.001427401334344847,RiskPage1,15
1718906883.5,1.412547,-1.106144612617022,-1.0941528191758954,-0.011991793412301378,RiskPage1,15
1718906883.75,1.412547,-1.106144612617022,-1.093078283568982,-0.013066329019473709,RiskPage1,15
1718906884.0,1.416391,-1.1020475788839583,-1.0919354504763221,-0.01011212837936978,RiskPage1,15
1718906884.25,1.41511,-1.1034129015197685,-1.0907227970166933,-0.012690104475143422,RiskPage1,15
1718906884.5,1.421517,-1.0965841566894516,-1.0894355549727475,-0.007148601689134445,RiskPage1,15
1718906884.75,1.422798,-1.0952188340536413,-1.0880663646616149,-0.0071524693648393235,RiskPage1,15
1718906885.0,1.425361,-1.0924871229563877,-1.086605979962526,-0.005881142967070454,RiskPage1,15
1718906885.25,1.427924,-1.0897554118591346,-1.085044001613054,-0.004711410219692937,RiskPage1,15
1718906885.5,1.439457,-1.0774632448343107,-1.0833696166234035,0.005906371815074144,RiskPage1,15
1718906885.75,1.444582,-1.0720008884654368,-1.0815723227450442,0.009571434305183216,RiskPage1,15
1718906886.0,1.440738,-1.0760979221985005,-1.079642618303372,0.003544696130046307,RiskPage1,15
1718906886.25,1.438175,-1.0788296332957539,-1.077572639324384,-0.0012569939465895703,RiskPage1,15
1718906886.5,1.435612,-1.0815613443930072,-1.0753567277415395,-0.006204616627074594,RiskPage1,15
1718906886.75,1.436894,-1.0801949559315642,-1.0729919165765278,-0.007203039331024252,RiskPage1,15
1718906887.0,1.438175,-1.0788296332957539,-1.0704783203737251,-0.008351312898392853,RiskPage1,15
1718906887.25,1.430487,-1.087023700761881,-1.0678194218499857,-0.01920427888863084,RiskPage2,15
1718906887.5,1.429205,-1.0883900892233243,-1.065022248690258,-0.023367840510167354,RiskPage2,15
1718906887.75,1.429205,-1.0883900892233243,-1.0620974376338008,-0.02629265156698314,RiskPage2,15
1718906888.0,1.429205,-1.0883900892233243,-1.0590591863788192,-0.029330902822312155,RiskPage2,15
1718906888.25,1.430487,-1.087023700761881,-1.0559250972692193,-0.031098603470798163,RiskPage2,15
1718906888.5,1.477899,-1.0364907758524087,-1.0527159200570273,0.01622514422617965,RiskPage2,15
1718906888.75,1.48815,-1.025564997289028,-1.0494552040612386,0.02389020679350384,RiskPage2,15
1718906889.0,1.486869,-1.0269303199248383,-1.0461688725569993,0.01923855265322868,RiskPage2,15
1718906889.25,1.491994,-1.0214679635559645,-1.042884734046034,0.02141677051096211,RiskPage2,15
1718906889.5,1.498401,-1.0146392187256474,-1.0396319460796226,0.024992727374750442,RiskPage2,15
1718906889.75,1.495839,-1.017369863997268,-1.0364404475397582,0.019070583563212454,RiskPage2,15
1718906890.0,1.489432,-1.0241986088275847,-1.0333403748420364,0.009141766035188632,RiskPage2,15
1718906890.25,1.484306,-1.0296620310220919,-1.0303614765743334,0.000699445573060023,RiskPage2,15
1718906890.5,1.485587,-1.0282967083862815,-1.0275325398166852,-0.0007641685486348762,RiskPage2,15
1718906890.75,1.484306,-1.0296620310220919,-1.0248808399771432,-0.004781191023791775,RiskPage2,15
1718906891.0,1.484306,-1.0296620310220919,-1.0224316245684901,-0.007230406432208323,RiskPage2,15
1718906891.25,1.485587,-1.0282967083862815,-1.020207640035009,-0.008089068329615241,RiskPage2,15
1718906891.5,1.485587,-1.0282967083862815,-1.0182287095588392,-0.01006799880550856,RiskPage2,15
1718906891.75,1.489432,-1.0241986088275847,-1.0165113687303697,-0.007687240075008341,RiskPage2,15
1718906892.0,1.494557,-1.0187362524587111,-1.015068565023062,-0.0036676874131890895,RiskPage2,15
1718906892.25,1.499683,-1.0132728302642042,-1.0139094261147923,0.0006365958732669763,RiskPage3,15
1718906892.5,1.504808,-1.0078104738953306,-1.01303910117834,0.00522862730585847,RiskPage3,15
1718906892.75,1.508653,-1.0037123743366339,-1.0124586782565532,0.008746303942878984,RiskPage3,15
1718906893.0,1.504808,-1.0078104738953306,-1.0121651796904778,0.00435470581814907,RiskPage3,15
1718906893.25,1.507371,-1.005078762798077,-1.012151636254121,0.007072873479016085,RiskPage3,15
1718906893.5,1.511215,-1.0009817290650136,-1.0124072391707741,0.011425510128629312,RiskPage3,15
1718906893.75,1.50609,-1.0064440854338874,-1.0129175675735065,0.00647348216231243,RiskPage3,15
1718906894.0,1.50609,-1.0064440854338874,-1.0136648872764993,0.007220801865063707,RiskPage3,15
1718906894.25,1.503527,-1.0091757965311405,-1.0146285150060432,0.005452718497056207,RiskPage3,15
1718906894.5,1.504808,-1.0078104738953306,-1.0157852405690757,0.007974766695554686,RiskPage3,15
1718906894.75,1.499683,-1.0132728302642042,-1.0171097978850205,0.0038369676422481316,RiskPage3,15
1718906895.0,1.493276,-1.0201015750945213,-1.0185753744439148,-0.0015262006295758187,RiskPage3,15
1718906895.25,1.491994,-1.0214679635559645,-1.0201541476458191,-0.0013138158895268039,RiskPage3,15
1718906895.5,1.48815,-1.025564997289028,-1.0218178356808056,-0.00374716158801399,RiskPage3,15
1718906895.75,1.485587,-1.0282967083862815,-1.023538250170551,-0.0047584581959187085,RiskPage3,15
1718906896.0,1.481743,-1.032393742119345,-1.0252878377390766,-0.00710590436082914,RiskPage3,15
1718906896.25,1.481743,-1.032393742119345,-1.0270401980176966,-0.005353544082549846,RiskPage3,15
1718906896.5,1.47918,-1.0351254532165985,-1.0287705663040294,-0.006354886893772955,RiskPage3,15
1718906896.75,1.475336,-1.0392224869496622,-1.0304562501568115,-0.008766236774313516,RiskPage3,15
1718906897.0,1.477899,-1.0364907758524087,-1.03207701057456,-0.004413765259521947,RiskPage3,15
1718906897.25,1.471492,-1.0433195206827257,-1.0336153800254093,-0.009704140639146775,RiskPage4,15
1718906897.5,1.474055,-1.0405878095854724,-1.035056911410399,-0.005530898157004794,RiskPage4,15
1718906897.75,1.475336,-1.0392224869496622,-1.0363903539920747,-0.002832132939562579,RiskPage4,15
1718906898.0,1.466366,-1.0487829428772324,-1.0376077543412345,-0.011175188517959834,RiskPage4,15
1718906898.25,1.47021,-1.044685909144169,-1.0387044823833809,-0.0059814267426817995,RiskPage4,15
1718906898.5,1.483024,-1.031028419483535,-1.0396791846006874,0.008650765135380848,RiskPage4,15
1718906898.75,1.468929,-1.0460512317799793,-1.0405336683053688,-0.005517563456206961,RiskPage4,15
1718906899.0,1.463803,-1.051514653974486,-1.0412727225908631,-0.010241931364993465,RiskPage4,15
1718906899.25,1.47021,-1.044685909144169,-1.0419038830413994,-0.0027820260838670734,RiskPage4,15
1718906899.5,1.47918,-1.0351254532165985,-1.0424371485030306,0.007311695305651395,RiskPage4,15
1718906899.75,1.471492,-1.0433195206827257,-1.0428846591622498,-0.00043486150090050676,RiskPage4,15
1718906900.0,1.480462,-1.0337590647551553,-1.0432603458147325,0.00950128107954121,RiskPage4,15
1718906900.25,1.466366,-1.0487829428772324,-1.0435795605117306,-0.005203382345126189,RiskPage4,15
1718906900.5,1.477899,-1.0364907758524087,-1.043858698733079,0.007367922901467136,RiskPage4,15
1718906900.75,1.483024,-1.031028419483535,-1.0441148228606045,0.013086403398283014,RiskPage4,15
1718906901.0,1.477899,-1.0364907758524087,-1.0443652960360823,0.00787452020528551,RiskPage4,15
1718906901.25,1.477899,-1.0364907758524087,-1.0446274345148723,0.00813665868444247,RiskPage4,15
1718906901.5,1.476617,-1.0378571643138519,-1.0449181854108829,0.007061021119334238,RiskPage4,15
1718906901.75,1.477899,-1.0364907758524087,-1.0452538353260894,0.008763059496256219,RiskPage4,15
1718906902.0,1.474055,-1.0405878095854724,-1.045649753838609,0.005061944275925536,RiskPage4,15
1718906902.25,1.471492,-1.0433195206827257,-1.0461201742646211,0.002800653604836516,RiskPage4,15
1718906902.5,1.471492,-1.0433195206827257,-1.0466780125874178,0.003358491927725119,RiskPage4,15
1718906902.75,1.466366,-1.0487829428772324,-1.0473347240317135,-0.0014482188224481446,RiskPage4,15
1718906903.0,1.467648,-1.0474165544157892,-1.0481001955141267,0.0006836411214027423,RiskPage4,15
1718906903.25,1.461241,-1.0542452992461062,-1.0489826711701877,-0.005262628052888572,PreMarketWait,16
1718906903.5,1.462522,-1.052879976610296,-1.0499887073784049,-0.0028912692089123897,PreMarketWait,16
1718906903.75,1.453552,-1.0624404325378665,-1.0511231531911924,-0.011317279323748024,PreMarketWait,16
1718906904.0,1.454834,-1.0610740440764235,-1.0523891518432036,-0.008684892210336352,PreMarketWait,16
1718906904.25,1.457396,-1.058343398804803,-1.0537881590252534,-0.004555239756689823,PreMarketWait,16
1718906904.5,1.456115,-1.0597087214406131,-1.0553199738539514,-0.004388747563801185,PreMarketWait,16
1718906904.75,1.457396,-1.058343398804803,-1.0569827788837014,-0.0013606198982122775,PreMarketWait,16
1718906905.0,1.465085,-1.0501482655130427,-1.0587731860382985,0.008624920548203258,PreMarketWait,16
1718906905.25,1.456115,-1.0597087214406131,-1.0606862859237813,0.0009775645062036452,PreMarketWait,16
1718906905.5,1.447145,-1.0692691773681837,-1.0627156985750197,-0.006553478770011806,PreMarketWait,16
1718906905.75,1.448426,-1.0679038547323734,-1.0648536242590947,-0.003050230449980286,PreMarketWait,16
1718906906.0,1.448426,-1.0679038547323734,-1.067090893502318,-0.0008129612065811108,PreMarketWait,16
1718906906.25,1.444582,-1.0720008884654368,-1.069417016027745,-0.0025838724140113045,PreMarketWait,16
1718906906.5,1.444582,-1.0720008884654368,-1.0718202287847902,-0.00018065965672920542,PreMarketWait,16
1718906906.75,1.443301,-1.0733662111012472,-1.0742875437094939,0.0009213326324297435,PreMarketWait,16
1718906907.0,1.444582,-1.0720008884654368,-1.0768047962536798,0.00480390781271813,PreMarketWait,16
1718906907.25,1.435612,-1.0815613443930072,-1.0793566960456489,-0.002204648322567723,PreMarketWait,16
1718906907.5,1.434331,-1.0829266670288176,-1.0819268812832195,-0.0009997857204719178,PreMarketWait,16
1718906907.75,1.434331,-1.0829266670288176,-1.08449797860982,0.0015713116064822042,PreMarketWait,16
1718906908.0,1.427924,-1.0897554118591346,-1.0870516702907207,-0.002703741542563984,PreMarketWait,16
1718906908.25,1.429205,-1.0883900892233243,-1.0895687704958927,0.0011786812988031686,PreMarketWait,16
1718906908.5,1.427924,-1.0897554118591346,-1.0920293124120546,0.002273900579552224,PreMarketWait,16
1718906908.75,1.426643,-1.0911207344949447,-1.0944126477490586,0.003291913281153636,PreMarketWait,16
1718906909.0,1.427924,-1.0897554118591346,-1.0966975599736197,0.006942148141938666,PreMarketWait,16
1718906909.25,1.418954,-1.0993158677867048,-1.098862392298478,-0.00045347546035853,PreMarketWait,16
1718906909.5,1.420235,-1.0979505451508949,-1.1008851910868676,0.0029346459642508645,PreMarketWait,16
1718906909.75,1.413828,-1.1047792899812117,-1.1027438649196797,-0.0020354250328580336,PreMarketWait,16
1718906910.0,1.412547,-1.106144612617022,-1.1044163591419476,-0.0017282534460282325,PreMarketWait,16
1718906910.25,1.413828,-1.1047792899812117,-1.1058808452826514,0.0011015553308257578,MarketGridChoice,16
1718906910.5,1.411266,-1.1075099352528321,-1.1071159243469277,-0.0003940108762193594,MarketGridChoice,16
1718906910.75,1.412547,-1.106144612617022,-1.108100842622295,0.0019562300352093612,MarketGridChoice,16
1718906911.0,1.407421,-1.1116080348115287,-1.1088157183219547,-0.0027923164594378888,MarketGridChoice,16
1718906911.25,1.408703,-1.1102416463500855,-1.1092417771066587,-0.000999869213144116,MarketGridChoice,16
1718906911.5,1.408703,-1.1102416463500855,-1.1093615942803712,-0.0008800520393350791,MarketGridChoice,16
1718906911.75,1.408703,-1.1102416463500855,-1.1091593412429743,-0.0010823050766801661,MarketGridChoice,16
1718906912.0,1.403577,-1.1157050685445922,-1.1086210336026396,-0.007084034911507961,MarketGridChoice,16
1718906912.25,1.407421,-1.1116080348115287,-1.107734778194421,-0.0038732565866812342,MarketGridChoice,16
1718906912.5,1.407421,-1.1116080348115287,-1.1064910161083434,-0.005117018672805705,MarketGridChoice,16
1718906912.75,1.418954,-1.0993158677867048,-1.1048827586817307,0.0055668909253306,MarketGridChoice,16
1718906913.0,1.421517,-1.0965841566894516,-1.1029058132311669,0.006321656571916414,MarketGridChoice,16
1718906913.25,1.421517,-1.0965841566894516,-1.1005589950592436,0.003974838399858668,MarketGridChoice,16
1718906913.5,1.426643,-1.0911207344949447,-1.0978443219452918,0.006723587480246375,MarketGridChoice,16
1718906913.75,1.427924,-1.0897554118591346,-1.0947671869100515,0.005011775080612907,MarketGridChoice,16
1718906914.0,1.438175,-1.0788296332957539,-1.0913365045472014,0.01250687128090183,MarketGridChoice,16
1718906914.25,1.442019,-1.0747325995626904,-1.0875648256755015,0.01283222614198483,MarketGridChoice,16
1718906914.5,1.452271,-1.0638057551736766,-1.0834684145336044,0.019662659388781437,MarketGridChoice,16
1718906914.75,1.452271,-1.0638057551736766,-1.0790672822776104,0.015261527132429144,MarketGridChoice,16
1718906915.0,1.447145,-1.0692691773681837,-1.074385170228461,0.00511599288837916,MarketGridChoice,16
1718906915.25,1.443301,-1.0733662111012472,-1.069449476252993,-0.003916734820578057,MarketGridChoice,16
1718906915.5,1.443301,-1.0733662111012472,-1.0642911179669787,-0.009075093107045932,MarketGridChoice,16
1718906915.75,1.439457,-1.0774632448343107,-1.0589443272391441,-0.018518917568420588,MarketGridChoice,16
1718906916.0,1.447145,-1.0692691773681837,-1.0534463718442786,-0.01582280549765077,MarketGridChoice,16
1718906916.25,1.436894,-1.0801949559315642,-1.0478372021033575,-0.03235775380244954,MarketGridChoice,16
1718906916.5,1.438175,-1.0788296332957539,-1.042159022938463,-0.03667061033202811,MarketGridChoice,16
1718906916.75,1.436894,-1.0801949559315642,-1.0364557948759023,-0.04373916103088105,MarketGridChoice,16
1718906917.0,1.444582,-1.0720008884654368,-1.0307726710066227,-0.041228217434493904,MarketGridChoice,16
1718906917.25,1.458678,-1.0569770103433598,-1.0251553805520048,-0.03182162976746341,MarketGridChoice,16
1718906917.5,1.481743,-1.032393742119345,-1.0196495732184871,-0.012744168877351882,MarketGridChoice,16
1718906917.75,1.511215,-1.0009817290650136,-1.0143001416413084,0.013318412599469094,MarketGridChoice,16
1718906918.0,1.535562,-0.9750320723795556,-1.0091505415841515,0.03411846922750168,MarketGridChoice,16
1718906918.25,1.547095,-0.9627399053547318,-1.0042421308782588,0.04150222554623549,MarketGridChoice,16
1718906918.5,1.556065,-0.9531794494271615,-0.9996135481420134,0.04643409873744044,MarketGridChoice,16
1718906918.75,1.562472,-0.9463507045968444,-0.9953001510476701,0.04894944647337549,MarketGridChoice,16
1718906919.0,1.557346,-0.9518141267913514,-0.9913335313806403,0.039519404611883024,MarketGridChoice,16
1718906919.25,1.549658,-0.9600081942574785,-0.9877411205953984,0.027732926360640453,MarketGridChoice,16
1718906919.5,1.540688,-0.9695686501850488,-0.9845458953387445,0.014977245176622252,MarketGridChoice,16
1718906919.75,1.531718,-0.9791291061126194,-0.9817661878630282,0.0026370817736152963,MarketGridChoice,16
1718906920.0,1.521467,-0.990054884676,-0.9794156017631501,-0.010639282889296463,MarketGridChoice,16
1718906920.25,1.520185,-0.9914212731374432,-0.9775030293667464,-0.013918243746739726,MarketGridChoice,16
1718906920.5,1.517622,-0.9941529842346964,-0.976032763628752,-0.018120220581539455,MarketGridChoice,16
1718906920.75,1.521467,-0.990054884676,-0.9750046946708855,-0.015050189980232323,MarketGridChoice,16
1718906921.0,1.524029,-0.9873242394043794,-0.9744145792051413,-0.012909660173864659,MarketGridChoice,16
1718906921.25,1.531718,-0.9791291061126194,-0.9742543699466789,-0.004874736140078648,MarketGridChoice,16
1718906921.5,1.539406,-0.970935038646492,-0.9745125916582528,0.00357755303809168,MarketGridChoice,16
1718906921.75,1.527874,-0.983226139845683,-0.9751747505536522,-0.008051389265265241,MarketGridChoice,16
1718906922.0,1.527874,-0.983226139845683,-0.9762237643036403,-0.007002375514891508,MarketGridChoice,16
1718906922.25,1.518904,-0.9927865957732532,-0.9776404007401481,-0.015146195005630494,MarketGridChoice,16
1718906922.5,1.513778,-0.99825001796776,-0.9794037144754282,-0.018846303464606556,MarketGridChoice,16
1718906922.75,1.517622,-0.9941529842346964,-0.9814914719881978,-0.012661512218603075,MarketGridChoice,16
1718906923.0,1.522748,-0.9886895620401897,-0.983880557215771,-0.0048090047964385735,MarketGridChoice,16
1718906923.25,1.526592,-0.9845925283071262,-0.9865473512436613,0.001954822964509894,MarketGridChoice,16
1718906923.5,1.532999,-0.977763783476809,-0.9894680811944123,0.011704297745481151,MarketGridChoice,16
1718906923.75,1.527874,-0.983226139845683,-0.9926191347749531,0.009392994956961352,MarketGridChoice,16
1718906924.0,1.527874,-0.983226139845683,-0.9959773380599689,0.012751198241704396,MarketGridChoice,16
1718906924.25,1.526592,-0.9845925283071262,-0.9995201949264824,0.014927666646420888,MarketGridChoice,16
1718906924.5,1.516341,-0.9955183068705068,-1.003226087123682,0.007707780279811598,MarketGridChoice,16
1718906924.75,1.507371,-1.005078762798077,-1.007074434319086,0.0019956715471499825,MarketGridChoice,16
1718906925.0,1.502246,-1.0105411191669509,-1.0110458136943319,0.0005046945529699007,MarketGridChoice,16
1718906925.25,1.494557,-1.0187362524587111,-1.0151220388693962,-0.003614213564322965,MarketGridChoice,16
1718906925.5,1.486869,-1.0269303199248383,-1.0192861982035464,-0.007644121696929863,MarketGridChoice,16
1718906925.75,1.485587,-1.0282967083862815,-1.0235226529221264,-0.004774055440443584,MarketGridChoice,16
1718906926.0,1.476617,-1.0378571643138519,-1.0278169960856205,-0.010040168205176971,MarketGridChoice,16
1718906926.25,1.475336,-1.0392224869496622,-1.0321559741538566,-0.007066512773401104,MarketGridChoice,16
1718906926.5,1.471492,-1.0433195206827257,-1.0365273737785266,-0.00679214688242409,MarketGridChoice,16
1718906926.75,1.467648,-1.0474165544157892,-1.040919877435433,-0.006496676959178436,MarketGridChoice,16
1718906927.0,1.465085,-1.0501482655130427,-1.045322892524555,-0.004825372967863233,MarketGridChoice,16
1718906927.25,1.466366,-1.0487829428772324,-1.0497263595551065,0.0009434166979997616,MarketGridChoice,16
1718906927.5,1.456115,-1.0597087214406131,-1.0541205459280425,-0.005588175492879498,MarketGridChoice,16
1718906927.75,1.457396,-1.058343398804803,-1.0584958325693237,0.000152433783850425,MarketGridChoice,16
1718906928.0,1.453552,-1.0624404325378665,-1.062842501202886,0.0004020686840686402,MarketGridChoice,16
1718906928.25,1.448426,-1.0679038547323734,-1.067150530343675,-0.0007533243698405246,MarketGridChoice,16
1718906928.5,1.449708,-1.0665374662709302,-1.0714094081101941,0.004871941858026608,MarketGridChoice,16
1718906928.75,1.444582,-1.0720008884654368,-1.0756079696840122,0.0036070812373462185,MarketGridChoice,16
1718906929.0,1.442019,-1.0747325995626904,-1.0797342666709684,0.005001667127167288,MarketGridChoice,16
1718906929.25,1.440738,-1.0760979221985005,-1.083775474746263,0.007677552566886129,MarketGridChoice,16
1718906929.5,1.438175,-1.0788296332957539,-1.0877178448063072,0.008888211530030197,MarketGridChoice,16
1718906929.75,1.434331,-1.0829266670288176,-1.0915467014302835,0.008620034421414234,MarketGridChoice,16
1718906930.0,1.436894,-1.0801949559315642,-1.0952464908133128,0.015051534902281536,MarketGridChoice,16
1718906930.25,1.426643,-1.0911207344949447,-1.098800878523785,0.007680144050061529,MarketGridChoice,16
1718906930.5,1.429205,-1.0883900892233243,-1.102192895526329,0.013802806325005183,MarketGridChoice,16
1718906930.75,1.426643,-1.0911207344949447,-1.105405128979099,0.014284394507007782,MarketGridChoice,16
1718906931.0,1.426643,-1.0911207344949447,-1.1084199524515148,0.017299217980329632,MarketGridChoice,16
1718906931.25,1.417673,-1.100681190422515,-1.1112197885181012,0.010538598120279765,ForecastPage,16
1718906931.5,1.393326,-1.126630847107973,-1.1137873952759094,-0.012843451806434064,ForecastPage,16
1718906931.75,1.37923,-1.1416547252300502,-1.1161061673236568,-0.02554855787985447,ForecastPage,16
1718906932.0,1.384356,-1.1361913030355435,-1.1181604412417578,-0.018030861766390623,ForecastPage,16
1718906932.25,1.384356,-1.1361913030355435,-1.1199357957045004,-0.016255507302871494,ForecastPage,16
1718906932.5,1.37923,-1.1416547252300502,-1.1214193370565804,-0.02023538814462334,ForecastPage,16
1718906932.75,1.380512,-1.140288336768607,-1.122599962435547,-0.017688374303658726,ForecastPage,16
1718906933.0,1.377949,-1.1430200478658603,-1.123468594193762,-0.019551453642274532,ForecastPage,16
1718906933.25,1.383075,-1.1375566256713534,-1.1240183813074978,-0.013538244333750197,ForecastPage,16
1718906933.5,1.384356,-1.1361913030355435,-1.1242448654853332,-0.011946437519967481,ForecastPage,16
1718906933.75,1.394607,-1.1252655244721628,-1.124146111632288,-0.001119412809639779,ForecastPage,16
1718906934.0,1.404859,-1.114338680083149,-1.1237228040259553,0.009384123972891862,ForecastPage,16
1718906934.25,1.412547,-1.106144612617022,-1.1229783108683924,0.016833698281173273,ForecastPage,16
1718906934.5,1.41511,-1.1034129015197685,-1.1219187206762922,0.018505819185924005,ForecastPage,16
1718906934.75,1.427924,-1.0897554118591346,-1.1205528541949923,0.030797442364753076,ForecastPage,16
1718906935.0,1.421517,-1.0965841566894516,-1.1188922551661062,0.022308098504963278,ForecastPage,16
1718906935.25,1.42408,-1.093852445592198,-1.1169511624101645,0.023098716845629974,ForecastPage,16
1718906935.5,1.422798,-1.0952188340536413,-1.1147464644343101,0.01952763040765513,ForecastPage,16
1718906935.75,1.416391,-1.1020475788839583,-1.112297636318853,0.010250057461198593,ForecastPage,16
1718906936.0,1.393326,-1.126630847107973,-1.1096266571803564,-0.017004189901974977,ForecastPage,16
1718906936.25,1.375386,-1.1457517589631137,-1.1067579052590157,-0.038993853679077456,ForecastPage,16
1718906936.5,1.40614,-1.112973357447339,-1.1037180268110471,-0.009255330611833111,ForecastPage,16
1718906936.75,1.416391,-1.1020475788839583,-1.1005357746147786,-0.001511804245208307,ForecastPage,16
1718906937.0,1.42408,-1.093852445592198,-1.097241812041332,0.0033893664727020767,ForecastPage,16
1718906937.25,1.436894,-1.0801949559315642,-1.093868479225949,0.013673523317639857,ForecastPage,16
1718906937.5,1.427924,-1.0897554118591346,-1.090449518786824,0.0006941069507260817,ForecastPage,16
1718906937.75,1.426643,-1.0911207344949447,-1.0870197596728703,-0.0041009747991593345,ForecastPage,16
1718906938.0,1.422798,-1.0952188340536413,-1.0836147590316967,-0.011604074999055601,ForecastPage,16
1718906938.25,1.417673,-1.100681190422515,-1.0802704034755573,-0.02041078692400221,ForecastPage,16
1718906938.5,1.412547,-1.106144612617022,-1.0770224728048368,-0.029122139789075276,ForecastPage,16
1718906938.75,1.418954,-1.0993158677867048,-1.0739061711235989,-0.025409696639759838,ForecastPage,16
1718906939.0,1.418954,-1.0993158677867048,-1.0709556322988352,-0.028360235464211913,ForecastPage,16
1718906939.25,1.450989,-1.0651721436351198,-1.0682034087625327,0.0030312651514494172,ForecastPage,16
1718906939.5,1.468929,-1.0460512317799793,-1.065679954566761,0.01962872281125547,ForecastPage,16
1718906939.75,1.465085,-1.0501482655130427,-1.063413115179987,0.013264849691904314,ForecastPage,16
1718906940.0,1.458678,-1.0569770103433598,-1.061427637574467,0.004450627256590554,ForecastPage,16
1718906940.25,1.47021,-1.044685909144169,-1.0597447145779888,0.015058805459849396,ForecastPage,16
1718906940.5,1.47021,-1.044685909144169,-1.0583815772148113,0.013695668097225867,ForecastPage,16
1718906940.75,1.465085,-1.0501482655130427,-1.0573511478847275,0.007202882398815004,ForecastPage,16
1718906941.0,1.467648,-1.0474165544157892,-1.0566617658142847,0.009245211426151343,ForecastPage,16
1718906941.25,1.467648,-1.0474165544157892,-1.0563169943635293,0.00890043997588914,ForecastPage,16
1718906941.5,1.467648,-1.0474165544157892,-1.0563155175897034,0.008898963202514137,ForecastPage,16
1718906941.75,1.461241,-1.0542452992461062,-1.0566511310569096,0.002405831839801094,ForecastPage,16
1718906942.0,1.463803,-1.051514653974486,-1.0573128293317002,0.00579817538654627,ForecastPage,16
1718906942.25,1.465085,-1.0501482655130427,-1.0582849900039317,0.008136724520481505,ForecastPage,16
1718906942.5,1.457396,-1.058343398804803,-1.059547651495892,0.0012042527208601383,ForecastPage,16
1718906942.75,1.456115,-1.0597087214406131,-1.0610768794370335,0.0013681580262814162,ForecastPage,16
1718906943.0,1.458678,-1.0569770103433598,-1.0628452140441542,0.005868203730653469,ForecastPage,16
1718906943.25,1.453552,-1.0624404325378665,-1.0648221888078184,0.002381756299719056,ForecastPage,16
1718906943.5,1.450989,-1.0651721436351198,-1.066974908888617,0.0018027652830871618,ForecastPage,16
1718906943.75,1.448426,-1.0679038547323734,-1.0692686760082577,0.0013648213052180518,ForecastPage,16
1718906944.0,1.447145,-1.0692691773681837,-1.0716676453122598,0.002398467973081423,ForecastPage,16
1718906944.25,1.440738,-1.0760979221985005,-1.074135498711761,-0.0019624234581259664,ForecastPage,16
1718906944.5,1.440738,-1.0760979221985005,-1.0766361186069038,0.0005381964365697156,ForecastPage,16
1718906944.75,1.43305,-1.084291989664628,-1.0791342456737216,-0.005157743963233354,ForecastPage,16
1718906945.0,1.429205,-1.0883900892233243,-1.0815961045743026,-0.006793984621879451,ForecastPage,16
1718906945.25,1.427924,-1.0897554118591346,-1.0839899820318954,-0.005765429800654693,ForecastPage,16
1718906945.5,1.426643,-1.0911207344949447,-1.0862867426931875,-0.004833991775745871,ForecastPage,16
1718906945.75,1.422798,-1.0952188340536413,-1.0884602695598733,-0.006758564468331862,ForecastPage,16
1718906946.0,1.42408,-1.093852445592198,-1.0904878174770913,-0.0033646280902344654,ForecastPage,16
1718906946.25,1.417673,-1.100681190422515,-1.0923502701723478,-0.008330920225836046,ForecastPage,16
1718906946.5,1.420235,-1.0979505451508949,-1.0940322935945512,-0.003918251532520073,ForecastPage,16
1718906946.75,1.416391,-1.1020475788839583,-1.0955223807566061,-0.006525198103995218,ForecastPage,16
1718906947.0,1.422798,-1.0952188340536413,-1.0968127858845858,0.0015939518538830933,ForecastPage,16
1718906947.25,1.418954,-1.0993158677867048,-1.0978993483700537,-0.001416519394077628,ForecastPage,16
1718906947.5,1.417673,-1.100681190422515,-1.0987812097599337,-0.0018999806403165007,ForecastPage,16
1718906947.75,1.417673,-1.100681190422515,-1.0994604297570603,-0.001220760643440776,ForecastPage,16
1718906948.0,1.409984,-1.1088763237142754,-1.0999415099110152,-0.008934813781439838,ForecastPage,16
1718906948.25,1.411266,-1.1075099352528321,-1.100230836330042,-0.007279098901109751,ForecastPage,16
1718906948.5,1.417673,-1.100681190422515,-1.1003360553216373,-0.0003451350792874155,ForecastPage,16
1718906948.75,1.425361,-1.0924871229563877,-1.1002653983483837,0.007778275413539943,ForecastPage,16
1718906949.0,1.413828,-1.1047792899812117,-1.1000269750341696,-0.004752314925509007,ForecastPage,16
1718906949.25,1.390763,-1.1293625582052265,-1.099628055136896,-0.02973450304678174,ForecastPage,16
1718906949.5,1.354884,-1.1676033160898749,-1.0990743623835808,-0.06852895368471054,ForecastPage,16
1718906949.75,1.358728,-1.1635062823568114,-1.0983694048079289,-0.06513687752725204,ForecastPage,16
1718906950.0,1.40614,-1.112973357447339,-1.0975138676685312,-0.015459489757123964,ForecastPage,16
1718906950.25,1.435612,-1.0815613443930072,-1.0965050959978153,0.014943751626546327,ForecastPage,16
1718906950.5,1.445864,-1.0706345000039936,-1.095336694060659,0.024702194078456904,ForecastPage,16
1718906950.75,1.454834,-1.0610740440764235,-1.093998268137822,0.03292422408324204,ForecastPage,16
1718906951.0,1.466366,-1.0487829428772324,-1.0924753367786728,0.0436923939233351,ForecastPage,16
1718906951.25,1.47021,-1.044685909144169,-1.0907494288159032,0.04606351969368148,ForecastPage,16
1718906951.5,1.477899,-1.0364907758524087,-1.088798384010551,0.052307608180146785,ForecastPage,16
1718906951.75,1.481743,-1.032393742119345,-1.0865968643688857,0.05420312227160905,ForecastPage,16
1718906952.0,1.47918,-1.0351254532165985,-1.0841170762308168,0.048991623036357776,ForecastPage,16
1718906952.25,1.468929,-1.0460512317799793,-1.0813296945394875,0.03527846278172692,ForecastPage,16
1718906952.5,1.466366,-1.0487829428772324,-1.0782049716834778,0.02942202882855321,ForecastPage,16
1718906952.75,1.457396,-1.058343398804803,-1.0747140044033017,0.016370605620905924,ForecastPage,16
1718906953.0,1.456115,-1.0597087214406131,-1.0708301239149094,0.011121402496813027,ForecastPage,16
1718906953.25,1.454834,-1.0610740440764235,-1.0665303670289588,0.005456322975170857,ForecastPage,16
1718906953.5,1.450989,-1.0651721436351198,-1.061796979975149,-0.003375163637209513,ForecastPage,16
1718906953.75,1.452271,-1.0638057551736766,-1.0566189021374637,-0.007186853013321962,ForecastPage,16
1718906954.0,1.450989,-1.0651721436351198,-1.050993174151884,-0.014178969460213194,ForecastPage,16
1718906954.25,1.450989,-1.0651721436351198,-1.0449262139238595,-0.020245929688106366,ForecastPage,16
1718906954.5,1.457396,-1.058343398804803,-1.0384349051338477,-0.019908493647673896,ForecastPage,16
1718906954.75,1.452271,-1.0638057551736766,-1.0315474457004665,-0.03225830944981014,ForecastPage,16
1718906955.0,1.468929,-1.0460512317799793,-1.0243039083909573,-0.021747323365515915,ForecastPage,16
1718906955.25,1.459959,-1.0556116877075494,-1.016756472184983,-0.0388552154989681,ForecastPage,16
1718906955.5,1.463803,-1.051514653974486,-1.008969290941736,-0.04254536300907309,ForecastPage,16
1718906955.75,1.481743,-1.032393742119345,-1.0010179751830066,-0.031375766912594236,ForecastPage,16
1718906956.0,1.499683,-1.0132728302642042,-0.9929886731407704,-0.020284157099629788,ForecastPage,16
1718906956.25,1.503527,-1.0091757965311405,-0.9849767483479243,-0.02419904815935447,ForecastPage,16
1718906956.5,1.513778,-0.99825001796776,-0.977085062672217,-0.021164955271620878,ForecastPage,16
1718906956.75,1.522748,-0.9886895620401897,-0.969421885500714,-0.019267676515486224,ForecastPage,16
1718906957.0,1.520185,-0.9914212731374432,-0.9620984614912111,-0.029322811622166205,ForecastPage,16
1718906957.25,1.524029,-0.9873242394043794,-0.9552262806660746,-0.03209795871415268,ForecastPage,16
1718906957.5,1.535562,-0.9750320723795556,-0.9489141054062931,-0.026117966949015407,ForecastPage,16
1718906957.75,1.516341,-0.9955183068705068,-0.9432648188898328,-0.05225348795632311,ForecastPage,16
1718906958.0,1.530437,-0.9804944287484295,-0.9383721684787532,-0.042122260245214364,ForecastPage,16
1718906958.25,1.554783,-0.9545458378886047,-0.9343174852389781,-0.02022835262505013,ForecastPage,16
1718906958.5,1.568879,-0.9395219597665276,-0.9311664668867551,-0.008355492855083867,ForecastPage,16
1718906958.75,1.577849,-0.929961503838957,-0.9289661156778682,-0.000995388136297249,ForecastPage,16
1718906959.0,1.594507,-0.9122069804452596,-0.9277419247643044,0.015534944343923204,ForecastPage,16
1718906959.25,1.602195,-0.9040129129791322,-0.9274954060502657,0.023482493096076515,ForecastPage,16
1718906959.5,1.608602,-0.8971841681488152,-0.92820204937867,0.031017881254833547,ForecastPage,16
1718906959.75,1.617572,-0.8876237122212448,-0.9298097968704326,0.04218608467416742,ForecastPage,16
1718906960.0,1.622698,-0.8821602900267381,-0.932238107431624,0.05007781742982524,ForecastPage,16
1718906960.25,1.625261,-0.8794285789294846,-0.9353776749513549,0.055949096046723004,ForecastPage,16
1718906960.5,1.620135,-0.8848920011239914,-0.9390908497445701,0.05419884864529491,ForecastPage,16
1718906960.75,1.623979,-0.8807949673909278,-0.9432127966447279,0.06241782927832701,ForecastPage,16
1718906961.0,1.622698,-0.8821602900267381,-0.9475534051953867,0.06539311519293042,ForecastPage,16
1718906961.25,1.61501,-0.8903543574928653,-0.9518999480663617,0.061545590597475205,ForecastPage,16
1718906961.5,1.608602,-0.8971841681488152,-0.9560204636199545,0.05883629549475577,ForecastPage,16
1718906961.75,1.59707,-0.9094752693480062,-0.9596678180046625,0.05019254867985079,ForecastPage,16
1718906962.0,1.589381,-0.9176704026397663,-0.9625843818124635,0.04491397919540982,ForecastPage,16
1718906962.25,1.581693,-0.9258644701058935,-0.9645072367653945,0.03864276668167315,MarketWaitPage,16
1718906962.5,1.590663,-0.9163040141783232,-0.9651738096503385,0.04886979549359163,MarketWaitPage,16
1718906962.75,1.57913,-0.9285961812031469,-0.9643278143191658,0.03573163313695139,MarketWaitPage,16
1718906963.0,1.576567,-0.9313278923004003,-0.9617253684947871,0.030397476214636884,MarketWaitPage,16
1718906963.25,1.581693,-0.9258644701058935,-0.9571411408128635,0.031276670726509886,MarketWaitPage,16
1718906963.5,1.575286,-0.9326932149362105,-0.9503743753920489,0.01768116047465088,MarketWaitPage,16
1718906963.75,1.577849,-0.929961503838957,-0.9412546366408182,0.011293132819938823,MarketWaitPage,16
1718906964.0,1.572723,-0.9354249260334638,-0.9296471163182943,-0.005777809697825324,MarketWaitPage,16
1718906964.25,1.567597,-0.9408883482279707,-0.9154573483652243,-0.025430999846125055,MarketWaitPage,16
1718906964.5,1.56119,-0.9477170930582876,-0.8986351849435715,-0.04908190809879644,MarketWaitPage,16
1718906964.75,1.55222,-0.9572775489858582,-0.8791778996219844,-0.07809964934862453,MarketWaitPage,16
1718906965.0,1.548376,-0.9613745827189217,-0.8571323007627782,-0.104242281941523,MarketWaitPage,16
1718906965.25,1.571442,-0.9367902486692741,-0.8325957598027566,-0.10419448885247477,RoundResultsPage,16
1718906965.5,1.565035,-0.9436189934995911,-0.8057160849955288,-0.13790290849053943,RoundResultsPage,16
1718906965.75,1.558627,-0.9504488041555411,-0.7766902008152239,-0.1737586033272518,RoundResultsPage,16
1718906966.0,1.562472,-0.9463507045968444,-0.7457616259204729,-0.20058907866369963,RoundResultsPage,16
1718906966.25,1.582974,-0.9244991474700831,-0.713216777447797,-0.211282370009944,RoundResultsPage,16
1718906966.5,1.644482,-0.8589423444385337,-0.6793801653408975,-0.17956217908556177,RoundResultsPage,16
1718906966.75,1.720085,-0.7783627291105397,-0.6446085761033212,-0.13375415299535254,RoundResultsPage,16
1718906967.0,1.864884,-0.6240322432848692,-0.6092843792578504,-0.014747864015306505,RoundResultsPage,16
1718906967.25,1.968678,-0.5134059375383541,-0.5738081202528008,0.06040218272605488,RoundResultsPage,16
1718906967.5,2.01629,-0.4626598475022912,-0.5385905889566828,0.07593074146593937,RoundResultsPage,16
1718906967.75,2.06242,-0.4134933110542622,-0.5040445718674168,0.09055126082467901,RoundResultsPage,16
1718906968.0,2.068827,-0.4066645662239449,-0.47057650782673266,0.06391194161431786,RoundResultsPage,16
1718906968.25,2.064983,-0.41076159995700895,-0.4385782710234969,0.02781667107804517,RoundResultsPage,16
1718906968.5,2.114958,-0.3574969639502828,-0.40841930153462647,0.05092233759594157,RoundResultsPage,16
1718906968.75,2.163651,-0.3055987164050001,-0.38043929304974644,0.07484057665639103,RoundResultsPage,16
1718906969.0,2.246943,-0.21682396778524637,-0.3549416303372144,0.1381176625636581,RoundResultsPage,16
1718906969.25,2.322546,-0.13624435245725247,-0.3321877460140947,0.19594339356856946,RoundResultsPage,16
1718906969.5,2.352019,-0.10483127357728804,-0.31239253785875915,0.20756126429322078,RoundResultsPage,16
1718906969.75,2.368677,-0.08707675018359035,-0.29572095493240763,0.20864420476056847,RoundResultsPage,16
1718906970.0,2.352019,-0.10483127357728804,-0.2822858240745647,0.17745455050900288,RoundResultsPage,16
1718906970.25,2.331516,-0.12668389652968193,-0.2721469491471989,0.1454630526291872,RoundResultsPage,16
1718906970.5,2.311013,-0.14853651948207627,-0.26531147525578735,0.11677495578529111,RoundResultsPage,16
1718906970.75,2.278978,-0.1826802436336613,-0.2617354707767366,0.07905522715452858,RoundResultsPage,16
1718906971.0,2.246943,-0.21682396778524637,-0.2613266430785168,0.04450267530455926,RoundResultsPage,16
1718906971.25,2.208501,-0.25779643676714825,-0.26394807090934314,0.00615163415328155,RoundResultsPage,16
1718906971.5,2.14443,-0.32608495089595146,-0.26942280887206776,-0.056662142013035814,RoundResultsPage,16
1718906971.75,2.081641,-0.39300707656331124,-0.27753919826069173,-0.1154678782920444,RoundResultsPage,16
1718906972.0,2.05345,-0.4230537669818323,-0.2880567045075481,-0.13499706246401152,RoundResultsPage,16
1718906972.25,2.018852,-0.4599292022306711,-0.30071209493350104,-0.15921710728722352,RoundResultsPage,16
1718906972.5,1.999631,-0.480415436721622,-0.3152257713478552,-0.16518966536416269,RoundResultsPage,16
1718906972.75,1.984254,-0.49680463747950937,-0.3313080798341262,-0.16549655763612892,RoundResultsPage,16
1718906973.0,1.985536,-0.4954382490180662,-0.3486654339250423,-0.1467728150841169,RoundResultsPage,16
1718906973.25,1.993224,-0.4872441815519388,-0.3670061061613164,-0.12023807538204856,RoundResultsPage,16
1718906973.5,2.013727,-0.46539155859954495,-0.38604556540178486,-0.0793459931894937,RoundResultsPage,16
1718906973.75,2.031667,-0.44627064674440386,-0.40551126178859287,-0.04075938494781606,RoundResultsPage,16
1718906974.0,2.049606,-0.4271508007148963,-0.4251467865843012,-0.002004014122826414,RoundResultsPage,16
1718906974.25,2.040636,-0.4367112566424664,-0.4447153589408149,0.008004102305943964,RoundResultsPage,16
1718906974.5,2.031667,-0.44627064674440386,-0.46400261501464224,0.017731968277720028,RoundResultsPage,16
1718906974.75,2.020134,-0.45856281376922764,-0.4828186959766186,0.024255882214821584,RoundResultsPage,16
1718906975.0,1.999631,-0.480415436721622,-0.5009996499375489,0.020584213223370385,RoundResultsPage,16
1718906975.25,1.988099,-0.4927065379208127,-0.5184081784373787,0.025701640524085453,RoundResultsPage,16
1718906975.5,1.97144,-0.5104621271401433,-0.5349337709210842,0.024471643788597543,RoundResultsPage,16
1718906975.75,1.959908,-0.5227532283393342,-0.5504922806602842,0.027739052328801923,RoundResultsPage,16
1718906976.0,1.949656,-0.5336800727283477,-0.5650250030491795,0.031344930328932666,RoundResultsPage,16
1718906976.25,1.930435,-0.5541663072192988,-0.5784973223131011,0.024331015102201384,RiskPage1,16
1718906976.5,1.913777,-0.5719208306129963,-0.5908969956431432,0.01897616503888888,RiskPage1,16
1718906976.75,1.900963,-0.5855783202736304,-0.6022321448499021,0.01665382458539605,RiskPage1,16
1718906977.0,1.88943,-0.5978704872984543,-0.6125290250588317,0.014658537769919225,RiskPage1,16
1718906977.25,1.885586,-0.6019675210315178,-0.6218296379893878,0.019862116967859472,RiskPage1,16
1718906977.5,1.875335,-0.6128932995948985,-0.6301892541913141,0.01729595460687905,RiskPage1,16
1718906977.75,1.867646,-0.6210884328866586,-0.6376739044502505,0.01658547157455266,RiskPage1,16
1718906978.0,1.859958,-0.6292825003527858,-0.6443578955966694,0.015075395255362598,RiskPage1,16
1718906978.25,1.857395,-0.6320142114500393,-0.650321400321675,0.018307188883651328,RiskPage1,16
1718906978.5,1.848425,-0.6415746673776096,-0.655648164481888,0.014073497116846384,RiskPage1,16
1718906978.75,1.836892,-0.6538668344024334,-0.6604233689231618,0.00655653453385923,RiskPage1,16
1718906979.0,1.835611,-0.6552321570382434,-0.6647316762252243,0.009499519200678895,RiskPage1,16
1718906979.25,1.833048,-0.657963868135497,-0.6686554861155884,0.010691617994353555,RiskPage1,16
1718906979.5,1.82536,-0.6661579356016241,-0.6722734167583412,0.006115481171532908,RiskPage1,16
1718906979.75,1.820234,-0.6716213577961311,-0.6756590228120949,0.004037665031316253,RiskPage1,16
1718906980.0,1.815109,-0.6770837141650047,-0.6788797551741135,0.0017960410249747644,RiskPage1,16
1718906980.25,1.808702,-0.6839124589953218,-0.6819961617721987,-0.001916297206773784,RiskPage1,16
1718906980.5,1.808702,-0.6839124589953218,-0.6850613237065261,0.001148864728000817,RiskPage1,16
1718906980.75,1.802294,-0.6907422696512717,-0.6881205165383116,-0.002621753095757108,RiskPage1,16
1718906981.0,1.802294,-0.6907422696512717,-0.6912110826098394,0.00046881297613252104,RiskPage1,16
1718906981.25,1.795887,-0.6975710144815888,-0.694362496981375,-0.003208517482334059,RiskPage1,16
1718906981.5,1.797169,-0.6962046260201455,-0.6975966068911024,0.0013919808891042322,RiskPage1,16
1718906981.75,1.792043,-0.7016680482146523,-0.7009280225819966,-0.0007400256142870709,RiskPage1,16
1718906982.0,1.786918,-0.7071304045835263,-0.7043646358875769,-0.0027657686774035517,RiskPage1,16
1718906982.25,1.777948,-0.7166908605110965,-0.7079082421182646,-0.00878261837414986,RiskPage2,16
1718906982.5,1.774103,-0.7207889600697932,-0.7115552405323877,-0.009233719518624624,RiskPage2,16
1718906982.75,1.767696,-0.7276177049001102,-0.7152973889983225,-0.012320315882941864,RiskPage2,16
1718906983.0,1.765134,-0.7303483501717306,-0.719122589334336,-0.011225760818512873,RiskPage2,16
1718906983.25,1.761289,-0.734446449730427,-0.723015681209749,-0.011430768501784275,RiskPage2,16
1718906983.5,1.760008,-0.7358117723662374,-0.7269592243421916,-0.0088525480051578,RiskPage2,16
1718906983.75,1.758727,-0.7371770950020478,-0.7309342509482964,-0.006242844034881349,RiskPage2,16
1718906984.0,1.752319,-0.7440069056579977,-0.7349209729040932,-0.009085932735059542,RiskPage2,16
1718906984.25,1.752319,-0.7440069056579977,-0.7388994307483043,-0.005107474890875065,RiskPage2,16
1718906984.5,1.747194,-0.7494692620268715,-0.7428500744227986,-0.0066191875852781214,RiskPage2,16
1718906984.75,1.748475,-0.7481039393910612,-0.7467542684045642,-0.0013496709677188017,RiskPage2,16
1718906985.0,1.74335,-0.7535662957599351,-0.750594716567256,-0.0029715791739076958,RiskPage2,16
1718906985.25,1.739505,-0.7576643953186315,-0.7543558046514416,-0.0033085906484136007,RiskPage2,16
1718906985.5,1.74335,-0.7535662957599351,-0.7580238605647541,0.004457564823612804,RiskPage2,16
1718906985.75,1.738224,-0.7590297179544419,-0.76158733483109,0.002557616895471379,RiskPage2,16
1718906986.0,1.731817,-0.7658584627847589,-0.7650369053287843,-0.0008215574371112548,RiskPage2,16
1718906986.25,1.729254,-0.7685901738820121,-0.7683655119812276,-0.00022466188187271734,RiskPage2,16
1718906986.5,1.729254,-0.7685901738820121,-0.7715683282826299,0.002978154419583894,RiskPage2,16
1718906986.75,1.72541,-0.7726872076150757,-0.7746426774602422,0.0019554698641902953,RiskPage2,16
1718906987.0,1.726691,-0.7713218849792656,-0.7775879017013294,0.006266016741146814,RiskPage2,16
1718906987.25,1.727973,-0.7699554965178225,-0.7804051932191002,0.010449696720418667,RiskPage3,16
1718906987.5,1.721566,-0.7767842413481395,-0.7830973960102664,0.006313154681322085,RiskPage3,16
1718906987.75,1.719003,-0.7795159524453927,-0.7856687869903922,0.006152834564243202,RiskPage3,16
1718906988.0,1.706189,-0.7931734421060269,-0.7881248448181041,-0.005048597268638263,RiskPage3,16
1718906988.25,1.701063,-0.7986368643005336,-0.7904720141857383,-0.008164850095478463,RiskPage3,16
1718906988.5,1.702345,-0.7972704758390905,-0.7927174727173943,-0.004553003102356247,RiskPage3,16
1718906988.75,1.708752,-0.7904417310087734,-0.794868906920606,0.004427175931185536,RiskPage3,16
1718906989.0,1.702345,-0.7972704758390905,-0.7969343029053094,-0.0003361729144259005,RiskPage3,16
1718906989.25,1.701063,-0.7986368643005336,-0.7989217568066159,0.00028489252542934773,RiskPage3,16
1718906989.5,1.703626,-0.7959051532032801,-0.8008393090040501,0.004934155820098456,RiskPage3,16
1718906989.75,1.706189,-0.7931734421060269,-0.8026948052997339,0.009521363213006975,RiskPage3,16
1718906990.0,1.6985,-0.8013685753977872,-0.8044957871951508,0.0031272118166259097,RiskPage3,16
1718906990.25,1.697219,-0.8027338980335972,-0.8062494122997294,0.0035155142853471205,RiskPage3,16
1718906990.5,1.695938,-0.8040992206694075,-0.8079624047382569,0.00386318408800633,RiskPage3,16
1718906990.75,1.694656,-0.8054656091308506,-0.8096410342343853,0.004175425122622423,RiskPage3,16
1718906991.0,1.694656,-0.8054656091308506,-0.8112911213779382,0.005825512266094323,RiskPage3,16
1718906991.25,1.68953,-0.8109290313253574,-0.8129180654785177,0.0019890341720744257,RiskPage3,16
1718906991.5,1.688249,-0.8122943539611676,-0.8145268904081339,0.0022325364657762867,RiskPage3,16
1718906991.75,1.684405,-0.8163913876942314,-0.8161223029800053,-0.00026908469553227625,RiskPage3,16
1718906992.0,1.681842,-0.8191230987914846,-0.8177087577365453,-0.0014143410363756219,RiskPage3,16
1718906992.25,1.683123,-0.8177577761556745,-0.8192905215602962,0.0015327454230402676,RiskPage4,16
1718906992.5,1.679279,-0.821854809888738,-0.8208717313029676,-0.0009830785675125917,RiskPage4,16
1718906992.75,1.679279,-0.821854809888738,-0.8224564376656445,0.0006016277949888174,RiskPage4,16
1718906993.0,1.675435,-0.8259518436218016,-0.8240486288649213,-0.0019032147389864101,RiskPage4,16
1718906993.25,1.674154,-0.827317166257612,-0.8256522281871516,-0.0016649380527649516,RiskPage4,16
1718906993.5,1.666465,-0.8355122995493719,-0.8272710603656267,-0.008241239166254423,RiskPage4,16
1718906993.75,1.666465,-0.8355122995493719,-0.8289087828101221,-0.006603516721964761,RiskPage4,16
1718906994.0,1.660058,-0.842341044379689,-0.8305687790659173,-0.011772265296688704,RiskPage4,16
1718906994.25,1.657495,-0.8450727554769425,-0.8322540134601946,-0.01281874199985928,RiskPage4,16
1718906994.5,1.660058,-0.842341044379689,-0.8339668476715016,-0.008374196691482412,RiskPage4,16
1718906994.75,1.658777,-0.8437063670154993,-0.835708821877063,-0.007997545121902065,RiskPage4,16
1718906995.0,1.658777,-0.8437063670154993,-0.8374804051188647,-0.0062259618802565225,RiskPage4,16
1718906995.25,1.654932,-0.8478044665741957,-0.8392807214954211,-0.008523745062537712,RiskPage4,16
1718906995.5,1.657495,-0.8450727554769425,-0.8411072606410578,-0.0039654948197734175,RiskPage4,16
1718906995.75,1.654932,-0.8478044665741957,-0.8429555826122506,-0.004848883945942866,RiskPage4,16
1718906996.0,1.662621,-0.8396093332824357,-0.844819028683832,0.005209695417306376,RiskPage4,16
1718906996.25,1.653651,-0.8491697892100061,-0.8466884505993622,-0.002481338594809622,RiskPage4,16
1718906996.5,1.653651,-0.8491697892100061,-0.8485519714637035,-0.0006178177305295159,RiskPage4,16
1718906996.75,1.653651,-0.8491697892100061,-0.8503947916707845,0.00122500247650182,RiskPage4,16
1718906997.0,1.657495,-0.8450727554769425,-0.8521990530014594,0.0071262975401992406,RiskPage4,16
1718906997.25,1.656214,-0.8464380781127525,-0.8539437732952693,0.007505695198163304,RiskPage4,16
1718906997.5,1.653651,-0.8491697892100061,-0.8556048628961085,0.006435073701715315,RiskPage4,16
1718906997.75,1.656214,-0.8464380781127525,-0.8571552324063255,0.010717154309152288,RiskPage4,16
1718906998.0,1.654932,-0.8478044665741957,-0.8585649991827632,0.01076053262411314,RiskPage4,16
1718906998.25,1.65237,-0.8505351118458163,-0.8598017975160129,0.00926668568570904,PreMarketWait,17
1718906998.5,1.647244,-0.8559985340403231,-0.8608311946118499,0.004832660587008144,PreMarketWait,17
1718906998.75,1.647244,-0.8559985340403231,-0.8616172114154054,0.0056186773905366,PreMarketWait,17
1718906999.0,1.644681,-0.8587302451375763,-0.8621229440655513,0.0033926989434076753,PreMarketWait,17
1718906999.25,1.644681,-0.8587302451375763,-0.8623112784209248,0.003581033298765216,PreMarketWait,17
1718906999.5,1.649807,-0.8532668229430697,-0.862145686734209,0.008878863806546115,PreMarketWait,17
1718906999.75,1.658777,-0.8437063670154993,-0.8615910922302863,0.017884725230190582,PreMarketWait,17
1718907000.0,1.66134,-0.8409746559182458,-0.8606147841203081,0.019640128217470975,PreMarketWait,17
1718907000.25,1.667747,-0.8341459110879288,-0.8591873625122257,0.025041451439721557,PreMarketWait,17
1718907000.5,1.663902,-0.8382440106466255,-0.8572836898297731,0.01903967919860171,PreMarketWait,17
1718907000.75,1.663902,-0.8382440106466255,-0.8548838228279675,0.016639812196841103,PreMarketWait,17
1718907001.0,1.665184,-0.8368776221851822,-0.8519738972323172,0.015096275062696125,PreMarketWait,17
1718907001.25,1.66134,-0.8409746559182458,-0.8485469355990487,0.007572279696443648,PreMarketWait,17
1718907001.5,1.656214,-0.8464380781127525,-0.844603548375002,-0.0018345297220126646,PreMarketWait,17
1718907001.75,1.656214,-0.8464380781127525,-0.8401524985010094,-0.006285579595891517,PreMarketWait,17
1718907002.0,1.654932,-0.8478044665741957,-0.835211101399149,-0.01259336515906547,PreMarketWait,17
1718907002.25,1.649807,-0.8532668229430697,-0.829805434920406,-0.023461388006537357,MarketGridChoice,17
1718907002.5,1.647244,-0.8559985340403231,-0.8239703378617659,-0.03202819616226917,MarketGridChoice,17
1718907002.75,1.640837,-0.8628272788706399,-0.8177491809874307,-0.04507809786673985,MarketGridChoice,17
1718907003.0,1.6434,-0.8600955677733867,-0.8111934010384291,-0.04890216671828459,MarketGridChoice,17
1718907003.25,1.647244,-0.8559985340403231,-0.8043617958466689,-0.05163673817675407,MarketGridChoice,17
1718907003.5,1.651088,-0.8519015003072595,-0.7973195871627436,-0.05458191312736421,MarketGridChoice,17
1718907003.75,1.65237,-0.8505351118458163,-0.7901372668600842,-0.06039784496830622,MarketGridChoice,17
1718907004.0,1.65237,-0.8505351118458163,-0.7828892514163971,-0.06764586041169958,MarketGridChoice,17
1718907004.25,1.666465,-0.8355122995493719,-0.7756523785621837,-0.059859920969159,MarketGridChoice,17
1718907004.5,1.688249,-0.8122943539611676,-0.7685042882443232,-0.04379006569849502,MarketGridChoice,17
1718907004.75,1.735661,-0.7617614290516953,-0.7615217370626566,-0.00023969197036494833,MarketGridChoice,17
1718907005.0,1.783073,-0.7112285041422229,-0.7547789005624357,0.043550396439208335,MarketGridChoice,17
1718907005.25,1.824078,-0.6675243240630673,-0.7483457206906765,0.08082139664691751,MarketGridChoice,17
1718907005.5,1.839455,-0.6511351233051799,-0.7422863559312032,0.09115123264563041,MarketGridChoice,17
1718907005.75,1.852269,-0.637477633644546,-0.7366577888915911,0.09918015526693433,MarketGridChoice,17
1718907006.0,1.840737,-0.6497687348437368,-0.7315086404606801,0.08173990563709664,MarketGridChoice,17
1718907006.25,1.827923,-0.6634262245043708,-0.7268782314114067,0.06345200692743413,MarketGridChoice,17
1718907006.5,1.813827,-0.6784501026264479,-0.7227959220578989,0.044345819452073346,MarketGridChoice,17
1718907006.75,1.809983,-0.6825471363595117,-0.7192807490049689,0.03673361266628179,MarketGridChoice,17
1718907007.0,1.813827,-0.6784501026264479,-0.7163413659083515,0.03789126330290722,MarketGridChoice,17
1718907007.25,1.797169,-0.6962046260201455,-0.713976283198473,0.017771657199484925,MarketGridChoice,17
1718907007.5,1.788199,-0.7057650819477159,-0.7121743905074492,0.006409308581016425,MarketGridChoice,17
1718907007.75,1.775385,-0.71942257160835,-0.7109157355605003,-0.008506836026473497,MarketGridChoice,17
1718907008.0,1.765134,-0.7303483501717306,-0.7101725249248021,-0.020175825225495277,MarketGridChoice,17
1718907008.25,1.761289,-0.734446449730427,-0.7099103055267548,-0.024536144182222303,MarketGridChoice,17
1718907008.5,1.748475,-0.7481039393910612,-0.7100892814230922,-0.03801465794654751,MarketGridChoice,17
1718907008.75,1.747194,-0.7494692620268715,-0.7106657179998658,-0.038803544005662084,MarketGridChoice,17
1718907009.0,1.745912,-0.7508356504883147,-0.711593385522598,-0.03924226494450316,MarketGridChoice,17
1718907009.25,1.74335,-0.7535662957599351,-0.7128249956178413,-0.04074130012106378,MarketGridChoice,17
1718907009.5,1.74335,-0.7535662957599351,-0.7143135875958814,-0.03925270814326036,MarketGridChoice,17
1718907009.75,1.736943,-0.7603950405902521,-0.7160138262293573,-0.04438121434038895,MarketGridChoice,17
1718907010.0,1.742068,-0.7549326842213783,-0.7178831783451606,-0.037049505856046334,MarketGridChoice,17
1718907010.25,1.749757,-0.746737550929618,-0.7198829420063413,-0.026854608903481667,MarketGridChoice,17
1718907010.5,1.762571,-0.733080061268984,-0.7219791087862408,-0.011100952463359189,MarketGridChoice,17
1718907010.75,1.772822,-0.7221542827056036,-0.7241430463004451,0.0019887636137893433,MarketGridChoice,17
1718907011.0,1.783073,-0.7112285041422229,-0.7263519944172081,0.015123490293483428,MarketGridChoice,17
1718907011.25,1.793325,-0.7003016597532091,-0.7285893741189319,0.028287714383770722,MarketGridChoice,17
1718907011.5,1.792043,-0.7016680482146523,-0.7308449126247433,0.029176864427700212,MarketGridChoice,17
1718907011.75,1.790762,-0.7030333708504627,-0.733114592002443,0.03008122116917405,MarketGridChoice,17
1718907012.0,1.785636,-0.7084967930449694,-0.7354004311063264,0.026903638078169277,MarketGridChoice,17
1718907012.25,1.777948,-0.7166908605110965,-0.7377101123882529,0.02101925189363077,MarketGridChoice,17
1718907012.5,1.765134,-0.7303483501717306,-0.7400564661334582,0.009708115977914357,MarketGridChoice,17
1718907012.75,1.753601,-0.7426405171965544,-0.7424568252037872,-0.00018369197681283866,MarketGridChoice,17
1718907013.0,1.747194,-0.7494692620268715,-0.7449322636699178,-0.0045369983411745335,MarketGridChoice,17
1718907013.25,1.740787,-0.7562980068571883,-0.7475067329953354,-0.008791273846191619,MarketGridChoice,17
1718907013.5,1.736943,-0.7603950405902521,-0.7502061098613566,-0.010188930713296365,MarketGridChoice,17
1718907013.75,1.730536,-0.7672237854205689,-0.7530571703916262,-0.014166615013354023,MarketGridChoice,17
1718907014.0,1.733098,-0.7644931401489485,-0.7560865064775838,-0.008406633655740169,MarketGridChoice,17
1718907014.25,1.726691,-0.7713218849792656,-0.7593194010999502,-0.012002483863614244,MarketGridChoice,17
1718907014.5,1.717721,-0.780882340906836,-0.7627786809226635,-0.018103659968359984,MarketGridChoice,17
1718907014.75,1.71644,-0.7822476635426463,-0.766483565917649,-0.015764097609045194,MarketGridChoice,17
1718907015.0,1.715159,-0.7836129861784563,-0.7704485372596841,-0.013164448902659087,MarketGridChoice,17
1718907015.25,1.715159,-0.7836129861784563,-0.7746822460982674,-0.00893074006390121,MarketGridChoice,17
1718907015.5,1.720284,-0.7781506298095827,-0.7791864869455241,0.0010358571524089338,MarketGridChoice,17
1718907015.75,1.720284,-0.7781506298095827,-0.7839552601870866,0.005804630394148531,MarketGridChoice,17
1718907016.0,1.715159,-0.7836129861784563,-0.7889739485037683,0.005360962342123674,MarketGridChoice,17
1718907016.25,1.706189,-0.7931734421060269,-0.7942186316865624,0.0010451895974990658,MarketGridChoice,17
1718907016.5,1.6985,-0.8013685753977872,-0.7996555633751011,-0.001713012005589416,MarketGridChoice,17
1718907016.75,1.699782,-0.800002186936344,-0.8052408316301435,0.0052386447110075035,MarketGridChoice,17
1718907017.0,1.693375,-0.8068309317666608,-0.8109202229736923,0.004089291224327166,MarketGridChoice,17
1718907017.25,1.692093,-0.808197320228104,-0.8166293066182583,0.008431986407513628,MarketGridChoice,17
1718907017.5,1.68953,-0.8109290313253574,-0.8222937520830944,0.011364720775136174,MarketGridChoice,17
1718907017.75,1.681842,-0.8191230987914846,-0.8278298892853113,0.008706790511242663,MarketGridChoice,17
1718907018.0,1.681842,-0.8191230987914846,-0.8331455155329505,0.014022416758876798,MarketGridChoice,17
1718907018.25,1.685686,-0.815026065058421,-0.8381409486874712,0.023114883646435803,MarketGridChoice,17
1718907018.5,1.679279,-0.821854809888738,-0.8427103201764266,0.02085551030503039,MarketGridChoice,17
1718907018.75,1.676716,-0.8245865209859913,-0.8467430956156727,0.02215657464696292,MarketGridChoice,17
1718907019.0,1.679279,-0.821854809888738,-0.8501258046603817,0.028270994788850905,MarketGridChoice,17
1718907019.25,1.674154,-0.827317166257612,-0.8527439554895657,0.025426789249077063,MarketGridChoice,17
1718907019.5,1.669028,-0.8327805884521187,-0.8544841032130112,0.021703514777926324,MarketGridChoice,17
1718907019.75,1.669028,-0.8327805884521187,-0.8552360356706009,0.022455447235425297,MarketGridChoice,17
1718907020.0,1.665184,-0.8368776221851822,-0.8548950347878252,0.01801741261949787,MarketGridChoice,17
1718907020.25,1.66134,-0.8409746559182458,-0.8533641670822442,0.012389511180769943,MarketGridChoice,17
1718907020.5,1.656214,-0.8464380781127525,-0.8505565533060272,0.004118475209970104,MarketGridChoice,17
1718907020.75,1.653651,-0.8491697892100061,-0.8463975647682684,-0.002772224425108931,MarketGridChoice,17
1718907021.0,1.651088,-0.8519015003072595,-0.8408268927917069,-0.011074607498979209,MarketGridChoice,17
1718907021.25,1.653651,-0.8491697892100061,-0.8338004381690481,-0.015369351024427217,MarketGridChoice,17
1718907021.5,1.648525,-0.8546332114045128,-0.8252919694919364,-0.02934124189607484,MarketGridChoice,17
1718907021.75,1.642118,-0.8614619562348299,-0.8152945028682547,-0.04616745335008812,MarketGridChoice,17
1718907022.0,1.644681,-0.8587302451375763,-0.8038213607907788,-0.05490888433030832,MarketGridChoice,17
1718907022.25,1.662621,-0.8396093332824357,-0.7909068746670407,-0.04870245859888456,MarketGridChoice,17
1718907022.5,1.753601,-0.7426405171965544,-0.7766067035766845,0.03396618639668427,MarketGridChoice,17
1718907022.75,1.745912,-0.7508356504883147,-0.7609977509137552,0.010162100442062637,MarketGridChoice,17
1718907023.0,1.694656,-0.8054656091308506,-0.7441776703693355,-0.061287938744800305,MarketGridChoice,17
1718907023.25,1.68953,-0.8109290313253574,-0.7262639629025012,-0.08466506840602445,ForecastPage,17
1718907023.5,1.662621,-0.8396093332824357,-0.7073926766956982,-0.13221665656976578,ForecastPage,17
1718907023.75,1.639556,-0.8641926015064503,-0.6877167324013387,-0.17647586908797858,ForecastPage,17
1718907024.0,1.731817,-0.7658584627847589,-0.6674039059865742,-0.098454556780872,ForecastPage,17
1718907024.25,2.057295,-0.4189556674231361,-0.6466345106771803,0.22767884327155205,ForecastPage,17
1718907024.5,2.125209,-0.3465711853869024,-0.6255988271342708,0.27902764176508366,ForecastPage,17
1718907024.75,2.111114,-0.3615939976833464,-0.6044943362185333,0.24290033855311602,ForecastPage,17
1718907025.0,1.935561,-0.5487028850247919,-0.5835228109282704,0.03481992592162084,ForecastPage,17
1718907025.25,1.867646,-0.6210884328866586,-0.5628873234342673,-0.058201109434044274,ForecastPage,17
1718907025.5,1.833048,-0.657963868135497,-0.5427892204632282,-0.11517464765373431,ForecastPage,17
1718907025.75,1.836892,-0.6538668344024334,-0.5234251169538268,-0.1304417174299103,ForecastPage,17
1718907026.0,1.857395,-0.6320142114500393,-0.5049839551516252,-0.12703025627958847,ForecastPage,17
1718907026.25,1.921465,-0.5637267631468692,-0.4876441747511363,-0.07608258837681545,ForecastPage,17
1718907026.5,1.976566,-0.5049987049456365,-0.47157103924558036,-0.03342766568108815,ForecastPage,17
1718907026.75,2.043199,-0.4339795455452131,-0.4569141636738953,0.02293461814765603,ForecastPage,17
1718907027.0,2.088048,-0.386178331732994,-0.44380528857787427,0.057626956863812265,ForecastPage,17
1718907027.25,2.120084,-0.3520335417557763,-0.43235634334702316,0.08032280161008704,ForecastPage,17
1718907027.5,2.140586,-0.33018198462901505,-0.4226578386148139,0.09247585400449577,ForecastPage,17
1718907027.75,2.136742,-0.33427901836207863,-0.41477762170054333,0.08049860335696685,ForecastPage,17
1718907028.0,2.139305,-0.33154730726482534,-0.40876002135058803,0.07721271410401949,ForecastPage,17
1718907028.25,2.123928,-0.3479365080227127,-0.40462539861273844,0.05668889060798888,ForecastPage,17
1718907028.5,2.104707,-0.36842274251366364,-0.4023701101779306,0.033947367681891286,ForecastPage,17
1718907028.75,2.079079,-0.39573772183493144,-0.40196687964500377,0.006229157827316811,ForecastPage,17
1718907029.0,2.068827,-0.4066645662239449,-0.4033655616057049,-0.003299004601411814,ForecastPage,17
1718907029.25,2.049606,-0.4271508007148963,-0.40649427382786085,-0.02065652687065519,ForecastPage,17
1718907029.5,2.020134,-0.45856281376922764,-0.4112608646145062,-0.04730194913881511,ForecastPage,17
1718907029.75,2.017571,-0.46129452486648137,-0.4175546759441058,-0.04373984890696281,ForecastPage,17
1718907030.0,2.020134,-0.45856281376922764,-0.4252485583804101,-0.0333142553739104,ForecastPage,17
1718907030.25,2.057295,-0.4189556674231361,-0.4342010909403124,0.015245423531574362,ForecastPage,17
1718907030.5,2.017571,-0.46129452486648137,-0.444258957946326,-0.017035566906261124,ForecastPage,17
1718907030.75,2.021415,-0.45719749113341734,-0.45525943510581196,-0.0019380560142016126,ForecastPage,17
1718907031.0,1.994506,-0.4858777930904959,-0.46703293838329046,-0.018844854694271135,ForecastPage,17
1718907031.25,1.967596,-0.5145591608732071,-0.4794055914520396,-0.03515356940867506,ForecastPage,17
1718907031.5,1.961189,-0.5213879057035239,-0.4922017704828532,-0.0291861352085864,ForecastPage,17
1718907031.75,1.953501,-0.5295819731696513,-0.5052465886408292,-0.024335384517107178,ForecastPage,17
1718907032.0,1.943249,-0.5405088175586648,-0.5183682867879783,-0.022140530759298616,ForecastPage,17
1718907032.25,1.941968,-0.5418741401944751,-0.5314005013561263,-0.010473638827243711,ForecastPage,17
1718907032.5,1.940686,-0.5432405286559182,-0.5441843849436427,0.0009438562985924145,ForecastPage,17
1718907032.75,1.936842,-0.5473375623889818,-0.5565705596688387,0.009232997290533472,ForecastPage,17
1718907033.0,1.927872,-0.5568980183165522,-0.5684208874716125,0.011522869165590467,ForecastPage,17
1718907033.25,1.918903,-0.5664574084184896,-0.5796100452334905,0.013152636825427043,ForecastPage,17
1718907033.5,1.90737,-0.5787495754433134,-0.5900268956941088,0.011277320261156708,ForecastPage,17
1718907033.75,1.893274,-0.5937734535653907,-0.5995756476611119,0.005802194106052448,ForecastPage,17
1718907034.0,1.890712,-0.596504098837011,-0.6081768009821018,0.011672702155421752,ForecastPage,17
1718907034.25,1.876616,-0.6115279769590881,-0.6157678732513124,0.004239896302579333,ForecastPage,17
1718907034.5,1.877898,-0.6101615884976449,-0.6223039063549318,0.012142317867684181,ForecastPage,17
1718907034.75,1.875335,-0.6128932995948985,-0.6277577518117937,0.014864452227348522,ForecastPage,17
1718907035.0,1.863802,-0.6251854666197222,-0.6321201345287824,0.006934667919578544,ForecastPage,17
1718907035.25,1.861239,-0.6279171777169755,-0.6353994951477218,0.007482317441335536,ForecastPage,17
1718907035.5,1.858676,-0.630648888814229,-0.6376216117002418,0.006972722896675998,ForecastPage,17
1718907035.75,1.861239,-0.6279171777169755,-0.6388290019012665,0.010911824195029028,ForecastPage,17
1718907036.0,1.861239,-0.6279171777169755,-0.6390801081932483,0.01116293048708495,ForecastPage,17
1718907036.25,1.861239,-0.6279171777169755,-0.6384482686901409,0.01053109098404999,ForecastPage,17
1718907036.5,1.854832,-0.6347459225472926,-0.6370204785454141,0.0022745560090765907,ForecastPage,17
1718907036.75,1.850988,-0.6388429562803561,-0.6348959480649395,-0.0039470082043921995,ForecastPage,17
1718907037.0,1.842018,-0.6484034122079266,-0.6321844661875473,-0.016218946009284686,ForecastPage,17
1718907037.25,1.835611,-0.6552321570382434,-0.6290045808407895,-0.026227576186285597,ForecastPage,17
1718907037.5,1.833048,-0.657963868135497,-0.6254816111987458,-0.032482256925502065,ForecastPage,17
1718907037.75,1.829204,-0.6620609018685605,-0.6217455110259722,-0.040315390831247605,ForecastPage,17
1718907038.0,1.821516,-0.6702549693346879,-0.6179286070221331,-0.0523263623011078,ForecastPage,17
1718907038.25,1.820234,-0.6716213577961311,-0.6141632412410085,-0.05745811654355102,ForecastPage,17
1718907038.5,1.826641,-0.664792612965814,-0.6105793520183006,-0.054213260935795926,ForecastPage,17
1718907038.75,1.842018,-0.6484034122079266,-0.6073020330977558,-0.041101379098284235,ForecastPage,17
1718907039.0,1.867646,-0.6210884328866586,-0.6044491154149024,-0.01663931745967721,ForecastPage,17
1718907039.25,1.899681,-0.5869447087350737,-0.602128819849402,0.015184111126622248,ForecastPage,17
1718907039.5,1.929154,-0.555531629855109,-0.6004375317446902,0.04490590190211051,ForecastPage,17
1718907039.75,1.945812,-0.5377771064614113,-0.5994577487196745,0.061680642271045014,ForecastPage,17
1718907040.0,1.954782,-0.5282166505338409,-0.5992562519847113,0.07103960146391662,ForecastPage,17
1718907040.25,1.947094,-0.5364107179999681,-0.5998825479285035,0.06347182994185138,ForecastPage,17
1718907040.5,1.932998,-0.5514345961220454,-0.6013676212829036,0.04993302517444196,ForecastPage,17
1718907040.75,1.908651,-0.577384252807503,-0.6037230340172153,0.02633878122355364,ForecastPage,17
1718907041.0,1.8984,-0.5883100313708837,-0.6069403957241803,0.01863036436737696,ForecastPage,17
1718907041.25,1.883023,-0.6046992321287713,-0.6109912221598965,0.006291990045418021,ForecastPage,17
1718907041.5,1.868928,-0.6197220444252155,-0.615827189290993,-0.00389485511975075,ForecastPage,17
1718907041.75,1.862521,-0.6265507892555323,-0.6213807811009603,-0.0051700081399602285,ForecastPage,17
1718907042.0,1.861239,-0.6279171777169755,-0.6275663208148152,-0.00035085688745234303,ForecastPage,17
1718907042.25,1.852269,-0.637477633644546,-0.6342813673037941,-0.0031962663259946025,ForecastPage,17
1718907042.5,1.847144,-0.64293999001342,-0.6414084513218259,-0.0015315386768354304,ForecastPage,17
1718907042.75,1.839455,-0.6511351233051799,-0.6488171199307873,-0.002318003359679681,ForecastPage,17
1718907043.0,1.840737,-0.6497687348437368,-0.656366251985094,0.006597517155980708,ForecastPage,17
1718907043.25,1.833048,-0.657963868135497,-0.6639066028494979,0.005942734728496074,ForecastPage,17
1718907043.5,1.822797,-0.6688896466988776,-0.671283532600315,0.002393885915772196,ForecastPage,17
1718907043.75,1.811264,-0.6811818137237013,-0.6783398688026762,-0.002841944906875192,ForecastPage,17
1718907044.0,1.806139,-0.6866441700925753,-0.6849188525722006,-0.0017253175064249407,ForecastPage,17
1718907044.25,1.801013,-0.6921075922870821,-0.6908671150390686,-0.0012404772342711513,ForecastPage,17
1718907044.5,1.797169,-0.6962046260201455,-0.6960376305592725,-0.00016699544733780533,ForecastPage,17
1718907044.75,1.793325,-0.7003016597532091,-0.7002925930769959,-9.066662878108589e-06,ForecastPage,17
1718907045.0,1.790762,-0.7030333708504627,-0.7035061629359113,0.00047279209859653684,ForecastPage,17
1718907045.25,1.788199,-0.7057650819477159,-0.705567033159409,-0.00019804877532754103,ForecastPage,17
1718907045.5,1.777948,-0.7166908605110965,-0.7063807667624501,-0.010310093735811899,ForecastPage,17
1718907045.75,1.775385,-0.71942257160835,-0.7058718600146928,-0.013550711580938705,ForecastPage,17
1718907046.0,1.781792,-0.712593826778033,-0.7039854907382724,-0.008608336027124908,ForecastPage,17
1718907046.25,1.781792,-0.712593826778033,-0.7006889156762016,-0.011904911089242163,ForecastPage,17
1718907046.5,1.785636,-0.7084967930449694,-0.6959724866697549,-0.01252430636263391,ForecastPage,17
1718907046.75,1.790762,-0.7030333708504627,-0.6898502617703169,-0.013183109067536407,ForecastPage,17
1718907047.0,1.78948,-0.7043997593119058,-0.6823601943960727,-0.02203956490316102,ForecastPage,17
1718907047.25,1.788199,-0.7057650819477159,-0.6735638911253443,-0.03220119080960854,ForecastPage,17
1718907047.5,1.78948,-0.7043997593119058,-0.6635459365827031,-0.040853822716328106,ForecastPage,17
1718907047.75,1.824078,-0.6675243240630673,-0.6524127919872759,-0.015111532062791845,ForecastPage,17
1718907048.0,1.836892,-0.6538668344024334,-0.6402912821271053,-0.013575552262196908,ForecastPage,17
1718907048.25,1.859958,-0.6292825003527858,-0.6273266935898302,-0.0019558067496931314,ForecastPage,17
1718907048.5,1.88046,-0.6074309432260245,-0.6136805147809951,0.006249571568357299,ForecastPage,17
1718907048.75,1.888149,-0.5992358099342643,-0.5995278553666883,0.0002920454459218805,ForecastPage,17
1718907049.0,1.90737,-0.5787495754433134,-0.585054589102935,0.006305013673212366,ForecastPage,17
1718907049.25,1.91634,-0.569189119515743,-0.5704542694439864,0.001265149941903427,ForecastPage,17
1718907049.5,1.899681,-0.5869447087350737,-0.5559248718031303,-0.031019836918241873,ForecastPage,17
1718907049.75,1.899681,-0.5869447087350737,-0.5416654198631926,-0.04527928885816847,ForecastPage,17
1718907050.0,1.959908,-0.5227532283393342,-0.5278725558993193,0.005119327573677717,ForecastPage,17
1718907050.25,1.988099,-0.4927065379208127,-0.5147371166542065,0.022030578747036098,ForecastPage,17
1718907050.5,2.023978,-0.45446578003616406,-0.5024407768088659,0.047974996786264656,ForecastPage,17
1718907050.75,2.020134,-0.45856281376922764,-0.49115282139162014,0.03259000763584836,ForecastPage,17
1718907051.0,2.017571,-0.46129452486648137,-0.48102710646169566,0.019732581608537154,ForecastPage,17
1718907051.25,2.01629,-0.4626598475022912,-0.47219926409366514,0.009539416604539205,ForecastPage,17
1718907051.5,2.012445,-0.4667579470609879,-0.46478420320987335,-0.0019737438381287366,ForecastPage,17
1718907051.75,2.013727,-0.46539155859954495,-0.4588739523841153,-0.006517606202642173,ForecastPage,17
1718907052.0,2.026541,-0.4517340689389108,-0.45453588460656924,0.002801815680231747,ForecastPage,17
1718907052.25,2.036792,-0.44080829037553,-0.4518113573404219,0.01100306697723865,ForecastPage,17
1718907052.5,2.050888,-0.4257844122534529,-0.4507147941233096,0.02493038188196853,ForecastPage,17
1718907052.75,2.05345,-0.4230537669818323,-0.4512332265225292,0.028179459552569987,ForecastPage,17
1718907053.0,2.049606,-0.4271508007148963,-0.4533263074755686,0.026175506772306602,ForecastPage,17
1718907053.25,2.040636,-0.4367112566424664,-0.4569267989971602,0.02021554236609212,ForecastPage,17
1718907053.5,2.029104,-0.4490023578416576,-0.461941529025765,0.012939171195275751,ForecastPage,17
1718907053.75,2.01629,-0.4626598475022912,-0.4682528039869229,0.005592956495579594,ForecastPage,17
1718907054.0,2.003475,-0.47631840298855843,-0.4757202556713186,-0.0005981473064989203,ForecastPage,17
1718907054.25,1.990662,-0.4899748268235595,-0.48418309346284744,-0.005791733350160727,MarketWaitPage,17
1718907054.5,1.98041,-0.5009016712125729,-0.49346272597510943,-0.007438945227080846,MarketWaitPage,17
1718907054.75,1.98041,-0.5009016712125729,-0.5033657098816293,0.0024640386792943933,MarketWaitPage,17
1718907055.0,1.972722,-0.5090957386787001,-0.5136869782187081,0.004591239550128384,MarketWaitPage,17
1718907055.25,1.963752,-0.5186561946062707,-0.5242132957168355,0.005557101120596944,MarketWaitPage,17
1718907055.5,1.950938,-0.5323136842669045,-0.534726884766953,0.0024132005100235415,MarketWaitPage,17
1718907055.75,1.943249,-0.5405088175586648,-0.5450091624386633,0.0045003448899483475,MarketWaitPage,17
1718907056.0,1.932998,-0.5514345961220454,-0.5548445265404996,0.0034099304284107637,MarketWaitPage,17
1718907056.25,1.921465,-0.5637267631468692,-0.5640241270677834,0.00029736393090837657,MarketWaitPage,17
1718907056.5,1.917621,-0.5678237968799328,-0.5723495585530887,0.0045257616832166565,MarketWaitPage,17
1718907056.75,1.911214,-0.5746525417102498,-0.579636408852314,0.004983867152217592,MarketWaitPage,17
1718907057.0,1.90737,-0.5787495754433134,-0.5857176007981381,0.006968025365093965,MarketWaitPage,17
1718907057.25,1.903526,-0.582846609176377,-0.5904464649622896,0.007599855796318377,MarketWaitPage,17
1718907057.5,1.897119,-0.589675354006694,-0.5936994845199736,0.004024130523839844,MarketWaitPage,17
1718907057.75,1.899681,-0.5869447087350737,-0.5953786569414983,0.008433948217155127,MarketWaitPage,17
1718907058.0,1.888149,-0.5992358099342643,-0.5954134219939692,-0.0038223879293809134,MarketWaitPage,17
1718907058.25,1.885586,-0.6019675210315178,-0.5937621113727976,-0.008205409647611454,RoundResultsPage,17
1718907058.5,1.881742,-0.6060645547645813,-0.5904128822513757,-0.01565167250189336,RoundResultsPage,17
1718907058.75,1.876616,-0.6115279769590881,-0.5853841051783978,-0.026143871769167208,RoundResultsPage,17
1718907059.0,1.87149,-0.6169913991535948,-0.5787241860792556,-0.03826721306259813,RoundResultsPage,17
1718907059.25,1.87149,-0.6169913991535948,-0.5705108125988131,-0.04648058654281652,RoundResultsPage,17
1718907059.5,1.888149,-0.5992358099342643,-0.560849626564267,-0.038386183357803874,RoundResultsPage,17
1718907059.75,1.895837,-0.5910417424681371,-0.5498723367819238,-0.041169405673790016,RoundResultsPage,17
1718907060.0,1.900963,-0.5855783202736304,-0.5377342994667458,-0.04784402079423354,RoundResultsPage,17
1718907060.25,1.906088,-0.5801159639047565,-0.5246116070269606,-0.05550435686492392,RoundResultsPage,17
1718907060.5,1.90737,-0.5787495754433134,-0.5106977393282052,-0.06805183610202811,RoundResultsPage,17
1718907060.75,1.8984,-0.5883100313708837,-0.49619984455033117,-0.09211018680728209,RoundResultsPage,17
1718907061.0,1.90737,-0.5787495754433134,-0.4813347288984723,-0.09741484653140182,RoundResultsPage,17
1718907061.25,1.940686,-0.5432405286559182,-0.4663246452566259,-0.07691588338570912,RoundResultsPage,17
1718907061.5,1.988099,-0.4927065379208127,-0.45139297981395665,-0.041313558093156934,RoundResultsPage,17
1718907061.75,2.054732,-0.42168737852038934,-0.43675994209740376,0.015072563590799504,RoundResultsPage,17
1718907062.0,2.14443,-0.32608495089595146,-0.42263836699727625,0.09655341611516458,RoundResultsPage,17
1718907062.25,2.205938,-0.26052814786440154,-0.4092297365971139,0.1487015887465744,RoundResultsPage,17
1718907062.5,2.232848,-0.23184678008169032,-0.39672052440985967,0.16487374434201982,RoundResultsPage,17
1718907062.75,2.248224,-0.21545864514943608,-0.38527895479815283,0.16982030966252076,RoundResultsPage,17
1718907063.0,2.239255,-0.2250180352513735,-0.37505225617174237,0.15003422093409044,RoundResultsPage,17
1718907063.25,2.222596,-0.2427736244707043,-0.3661644687233796,0.12339084426627765,RoundResultsPage,17
1718907063.5,2.19825,-0.26872221533052915,-0.3587148470792717,0.08999263176218847,RoundResultsPage,17
1718907063.75,2.157244,-0.31242746123531734,-0.3527768766205444,0.04034941539847982,RoundResultsPage,17
1718907064.0,2.131616,-0.3397424405565851,-0.34839790075017907,0.008655460206617907,RoundResultsPage,17
1718907064.25,2.10727,-0.3656910314164099,-0.3455993363075453,-0.020091695096102924,RoundResultsPage,17
1718907064.5,2.085486,-0.3889089770046146,-0.34437743672628246,-0.044531540265863236,RoundResultsPage,17
1718907064.75,2.06242,-0.4134933110542622,-0.3447045481578592,-0.0687887628842533,RoundResultsPage,17
1718907065.0,2.045762,-0.4312478344479599,-0.3465307930904669,-0.0847170413456836,RoundResultsPage,17
1718907065.25,2.039355,-0.4380765792782767,-0.3497861091184759,-0.08829047014834603,RoundResultsPage,17
1718907065.5,2.041918,-0.43534486818102347,-0.35438256732154366,-0.08096230084838622,RoundResultsPage,17
1718907065.75,2.052169,-0.4244190896176426,-0.36021689482062097,-0.06420219478628679,RoundResultsPage,17
1718907066.0,2.072672,-0.4025664666652487,-0.36717312893515613,-0.03539333771970403,RoundResultsPage,17
1718907066.25,2.084204,-0.39027536546605757,-0.3751253353023011,-0.015150030153691763,RoundResultsPage,17
1718907066.5,2.08933,-0.38481194327155105,-0.3839403286334172,-0.0008716146283616333,RoundResultsPage,17
1718907066.75,2.086767,-0.3875436543688043,-0.3934803418275971,0.005936687468311441,RoundResultsPage,17
1718907067.0,2.084204,-0.39027536546605757,-0.40360559641170474,0.013330230954957195,RoundResultsPage,17
1718907067.25,2.070109,-0.405298177762502,-0.4141767343679832,0.008878556614631522,RoundResultsPage,17
1718907067.5,2.052169,-0.4244190896176426,-0.4250570781398586,0.0006379885312577036,RoundResultsPage,17
1718907067.75,2.041918,-0.43534486818102347,-0.4361146918995829,0.0007698237275444442,RoundResultsPage,17
1718907068.0,2.026541,-0.4517340689389108,-0.4472242230276152,-0.004509845902315563,RoundResultsPage,17
1718907068.25,2.01629,-0.4626598475022912,-0.4582685082417133,-0.00439133925155204,RoundResultsPage,17
1718907068.5,2.006038,-0.4735866918913047,-0.46913993397371834,-0.00444675790846521,RoundResultsPage,17
1718907068.75,1.995787,-0.4845124704546856,-0.4797415454535239,-0.004770924991897862,RoundResultsPage,17
1718907069.0,1.986817,-0.49407292638225586,-0.4899879035256893,-0.0040850228471154635,RoundResultsPage,17
1718907069.25,1.981692,-0.49953528275112974,-0.4998056924757195,0.0002704097342687648,RiskPage1,17
1718907069.5,1.967596,-0.5145591608732071,-0.5091340860480584,-0.005425074815205388,RiskPage1,17
1718907069.75,1.963752,-0.5186561946062707,-0.5179248823592421,-0.000731312236789558,RiskPage1,17
1718907070.0,1.958626,-0.5241196168007773,-0.5261424215115734,0.0020228047213568176,RiskPage1,17
1718907070.25,1.950938,-0.5323136842669045,-0.5337633023640073,0.001449618108005396,RiskPage1,17
1718907070.5,1.943249,-0.5405088175586648,-0.5407759170927642,0.00026709954535788366,RiskPage1,17
1718907070.75,1.938124,-0.5459711739275386,-0.5471798238571494,0.001208649941233323,RiskPage1,17
1718907071.0,1.939405,-0.5446058512917283,-0.5529849790679706,0.00837912778823258,RiskPage1,17
1718907071.25,1.936842,-0.5473375623889818,-0.5582108514382658,0.010873289061641811,RiskPage1,17
1718907071.5,1.930435,-0.5541663072192988,-0.5628854401892587,0.008719132982680903,RiskPage1,17
1718907071.75,1.92531,-0.5596286635881725,-0.5670442195101942,0.007415555935098447,RiskPage1,17
1718907072.0,1.924028,-0.5609950520496156,-0.5707290306668157,0.009733978630621809,RiskPage1,17
1718907072.25,1.918903,-0.5664574084184896,-0.5739869420767226,0.007529533671985292,RiskPage1,17
1718907072.5,1.91634,-0.569189119515743,-0.5768690962928493,0.0076799767911700165,RiskPage1,17
1718907072.75,1.912495,-0.5732872190744395,-0.5794295612380767,0.006142342177988775,RiskPage1,17
1718907073.0,1.908651,-0.577384252807503,-0.5817242012943257,0.004339948501435355,RiskPage1,17
1718907073.25,1.902244,-0.5842129976378201,-0.5838095820454502,-0.00040341557752387666,RiskPage1,17
1718907073.5,1.902244,-0.5842129976378201,-0.5857419206767143,0.001528923053945027,RiskPage1,17
1718907073.75,1.893274,-0.5937734535653907,-0.5875760923076844,-0.00619736124247886,RiskPage1,17
1718907074.0,1.894556,-0.5924070651039475,-0.5893647009296865,-0.0030423641588844534,RiskPage1,17
1718907074.25,1.895837,-0.5910417424681371,-0.5911572221658374,0.00011547971319951229,RiskPage1,17
1718907074.5,1.894556,-0.5924070651039475,-0.5929992237839894,0.0005921586956385756,RiskPage1,17
1718907074.75,1.893274,-0.5937734535653907,-0.5949316687664379,0.0011582152167179133,RiskPage1,17
1718907075.0,1.88943,-0.5978704872984543,-0.5969903047602221,-0.0008801825225089946,RiskPage1,17
1718907075.25,1.883023,-0.6046992321287713,-0.5992051428826205,-0.00549408923039385,RiskPage2,17
1718907075.5,1.883023,-0.6046992321287713,-0.6016000281278103,-0.003099203985185978,RiskPage2,17
1718907075.75,1.879179,-0.6087962658618349,-0.6041923030071414,-0.0046039628389129995,RiskPage2,17
1718907076.0,1.877898,-0.6101615884976449,-0.6069925655497752,-0.003169022932093179,RiskPage2,17
1718907076.25,1.872772,-0.6156250106921517,-0.6100045223769845,-0.005620488299401831,RiskPage2,17
1718907076.5,1.868928,-0.6197220444252155,-0.6132249372165344,-0.006497107192933921,RiskPage2,17
1718907076.75,1.868928,-0.6197220444252155,-0.6166436749099917,-0.0030783694995013804,RiskPage2,17
1718907077.0,1.868928,-0.6197220444252155,-0.6202438406476202,0.0005217962380953192,RiskPage2,17
1718907077.25,1.863802,-0.6251854666197222,-0.6240020138017902,-0.0011834528022797025,RiskPage2,17
1718907077.5,1.861239,-0.6279171777169755,-0.6278885752790855,-2.8602422282482387e-05,RiskPage2,17
1718907077.75,1.859958,-0.6292825003527858,-0.6318681267363442,0.0025856263991153195,RiskPage2,17
1718907078.0,1.856114,-0.6333795340858493,-0.6358999992792921,0.0025204652089436085,RiskPage2,17
1718907078.25,1.854832,-0.6347459225472926,-0.6399388483687888,0.005192925836936662,RiskPage2,17
1718907078.5,1.850988,-0.6388429562803561,-0.6439353305950718,0.00509237433009254,RiskPage2,17
1718907078.75,1.845862,-0.644306378474863,-0.6478368567513914,0.003530478291839728,RiskPage2,17
1718907079.0,1.842018,-0.6484034122079266,-0.6515884142625143,0.003185002069833618,RiskPage2,17
1718907079.25,1.844581,-0.6456717011106732,-0.6551334505283045,0.009461749432813592,RiskPage2,17
1718907079.5,1.838174,-0.6525004459409902,-0.6584148071632713,0.005914361237403136,RiskPage2,17
1718907079.75,1.838174,-0.6525004459409902,-0.661375693489808,0.008875247563884373,RiskPage2,17
1718907080.0,1.835611,-0.6552321570382434,-0.6639606860203952,0.008728528997170193,RiskPage2,17
1718907080.25,1.836892,-0.6538668344024334,-0.6661167390934818,0.012249904706028724,RiskPage2,17
1718907080.5,1.83433,-0.6565974796740538,-0.6677941903691932,0.011196710710094652,RiskPage2,17
1718907080.75,1.831767,-0.6593291907713072,-0.6689477436142833,0.009618552857922534,RiskPage2,17
1718907081.0,1.826641,-0.664792612965814,-0.6695374101901996,0.004744797239341659,RiskPage2,17
1718907081.25,1.826641,-0.664792612965814,-0.669529389991615,0.004736777040787451,RiskPage3,17
1718907081.5,1.82536,-0.6661579356016241,-0.6688968723575539,0.002738936770968696,RiskPage3,17
1718907081.75,1.818953,-0.6729866804319412,-0.6676207377820178,-0.005365942634809609,RiskPage3,17
1718907082.0,1.817671,-0.6743530688933843,-0.6656901421620295,-0.00866292671614341,RiskPage3,17
1718907082.25,1.812546,-0.6798154252622582,-0.6631029668946311,-0.01671245835229727,RiskPage3,17
1718907082.5,1.804857,-0.6880105585540185,-0.6598661204009183,-0.028144438137634502,RiskPage3,17
1718907082.75,1.797169,-0.6962046260201455,-0.6559956796107596,-0.04020894639377066,RiskPage3,17
1718907083.0,1.804857,-0.6880105585540185,-0.6515168635370523,-0.03649369500119181,RiskPage3,17
1718907083.25,1.822797,-0.6688896466988776,-0.6464638351956586,-0.02242581148728038,RiskPage3,17
1718907083.5,1.840737,-0.6497687348437368,-0.6408793326123402,-0.008889402215293593,RiskPage3,17
1718907083.75,1.835611,-0.6552321570382434,-0.6348141342659195,-0.020418022756062203,RiskPage3,17
1718907084.0,1.845862,-0.644306378474863,-0.6283263687789148,-0.01598000967953903,RiskPage3,17
1718907084.25,1.87149,-0.6169913991535948,-0.6214806827212751,0.004489283584220183,RiskPage3,17
1718907084.5,1.903526,-0.582846609176377,-0.6143472838158235,0.03150067465609491,RiskPage3,17
1718907084.75,1.934279,-0.550069273486235,-0.607000879451777,0.056931605982272745,RiskPage3,17
1718907085.0,1.938124,-0.5459711739275386,-0.5995195321108079,0.05354835820005204,RiskPage3,17
1718907085.25,1.935561,-0.5487028850247919,-0.5919834540618029,0.04328056905381182,RiskPage3,17
1718907085.5,1.913777,-0.5719208306129963,-0.5844737635857634,0.01255293298954916,RiskPage3,17
1718907085.75,1.893274,-0.5937734535653907,-0.5770712242915682,-0.01670222925709719,RiskPage3,17
1718907086.0,1.881742,-0.6060645547645813,-0.5698549881172905,-0.03620956663065945,RiskPage3,17
1718907086.25,1.885586,-0.6019675210315178,-0.5629013617331831,-0.039066159281832415,RiskPage4,17
1718907086.5,1.885586,-0.6019675210315178,-0.556282615535668,-0.04568490547950875,RiskPage4,17
1718907086.75,1.899681,-0.5869447087350737,-0.5500658543511355,-0.0368788543677878,RiskPage4,17
1718907087.0,1.903526,-0.582846609176377,-0.5443119692799931,-0.03853463988044977,RiskPage4,17
1718907087.25,1.92531,-0.5596286635881725,-0.5390746905833511,-0.02055397298912439,RiskPage4,17
1718907087.5,1.926591,-0.5582633409523624,-0.5343997618334836,-0.023863579103434406,RiskPage4,17
1718907087.75,1.947094,-0.5364107179999681,-0.5303242553666847,-0.00608646261810139,RiskPage4,17
1718907088.0,1.967596,-0.5145591608732071,-0.5268760480556436,0.012316887197352702,RiskPage4,17
1718907088.25,2.091893,-0.38208023217429776,-0.5240734742638643,0.1419932421042186,RiskPage4,17
1718907088.5,2.103425,-0.36978913097510663,-0.5219251693400121,0.1521360383793003,RiskPage4,17
1718907088.75,2.034229,-0.4435400014727837,-0.5204301120740491,0.07689011061541433,RiskPage4,17
1718907089.0,1.975285,-0.5063640275814468,-0.5195778683163392,0.013213840748809824,RiskPage4,17
1718907089.25,1.936842,-0.5473375623889818,-0.5193490309046059,-0.027988531470674302,RiskPage4,17
1718907089.5,1.92531,-0.5596286635881725,-0.5197158438607279,-0.039912819713941616,RiskPage4,17
1718907089.75,1.902244,-0.5842129976378201,-0.5206429922858116,-0.0635700053386846,RiskPage4,17
1718907090.0,1.893274,-0.5937734535653907,-0.522088534097174,-0.07168491945504958,RiskPage4,17
1718907090.25,1.97144,-0.5104621271401433,-0.5240049459883984,0.013542818861290794,RiskPage4,17
1718907090.5,2.015008,-0.46402623596373466,-0.5263402537004982,0.062314017749695624,RiskPage4,17
1718907090.75,1.993224,-0.4872441815519388,-0.529039215595822,0.041795034056740836,RiskPage4,17
1718907091.0,1.944531,-0.5391424290972215,-0.5320445282942738,-0.007097900790136139,RiskPage4,17
1718907091.25,1.921465,-0.5637267631468692,-0.5352980235343975,-0.028428739599680362,PreMarketWait,18
1718907091.5,1.91634,-0.569189119515743,-0.5387418264246664,-0.03044729307828265,PreMarketWait,18
1718907091.75,1.915058,-0.5705555079771862,-0.5423194469711599,-0.028236060993209904,PreMarketWait,18
1718907092.0,1.915058,-0.5705555079771862,-0.5459767793412942,-0.024578728623036606,PreMarketWait,18
1718907092.25,1.913777,-0.5719208306129963,-0.5496629867779644,-0.02225784382212469,PreMarketWait,18
1718907092.5,1.912495,-0.5732872190744395,-0.5533312543058428,-0.019955964755629947,PreMarketWait,18
1718907092.75,1.915058,-0.5705555079771862,-0.5569393961704391,-0.013616111793718137,PreMarketWait,18
1718907093.0,1.921465,-0.5637267631468692,-0.5604503100872158,-0.003276453046564109,PreMarketWait,18
1718907093.25,1.911214,-0.5746525417102498,-0.5638322756263533,-0.010820266070754064,PreMarketWait,18
1718907093.5,1.895837,-0.5910417424681371,-0.5670590992188054,-0.023982643236147246,PreMarketWait,18
1718907093.75,1.894556,-0.5924070651039475,-0.570110113174624,-0.022296951916111928,PreMarketWait,18
1718907094.0,1.902244,-0.5842129976378201,-0.5729700406182971,-0.011242957006303303,PreMarketWait,18
1718907094.25,1.90737,-0.5787495754433134,-0.5756287422438309,-0.0031208331862771594,PreMarketWait,18
1718907094.5,1.903526,-0.582846609176377,-0.5780808641428,-0.004765745020411211,PreMarketWait,18
1718907094.75,1.8984,-0.5883100313708837,-0.5803254085177989,-0.00798462283998552,PreMarketWait,18
1718907095.0,1.903526,-0.582846609176377,-0.5823652507222851,-0.00048135844108526844,PreMarketWait,18
1718907095.25,1.915058,-0.5705555079771862,-0.5842066266517156,0.013651118687420905,PreMarketWait,18
1718907095.5,1.927872,-0.5568980183165522,-0.5858586139696332,0.02896059566584115,PreMarketWait,18
1718907095.75,1.944531,-0.5391424290972215,-0.5873326289381858,0.04819019985358419,PreMarketWait,18
1718907096.0,1.943249,-0.5405088175586648,-0.5886419577284359,0.04813314018225019,PreMarketWait,18
1718907096.25,1.941968,-0.5418741401944751,-0.5898013370700308,0.047927196887900224,PreMarketWait,18
1718907096.5,1.940686,-0.5432405286559182,-0.5908265941144449,0.04758606547074884,PreMarketWait,18
1718907096.75,1.943249,-0.5405088175586648,-0.5917343496888658,0.0512255321423178,PreMarketWait,18
1718907097.0,1.924028,-0.5609950520496156,-0.5925417830580588,0.03154673102047476,PreMarketWait,18
1718907097.25,1.908651,-0.577384252807503,-0.5932664502970804,0.015882197501545438,PreMarketWait,18
1718907097.5,1.897119,-0.589675354006694,-0.5939261428381979,0.004250788843430768,PreMarketWait,18
1718907097.75,1.886867,-0.6006021983957075,-0.594538768106522,-0.006063430277278615,PreMarketWait,18
1718907098.0,1.88943,-0.5978704872984543,-0.5951222307652293,-0.0027482565213184824,PreMarketWait,18
1718907098.25,1.886867,-0.6006021983957075,-0.5956942912322303,-0.004907907151554813,PreMarketWait,18
1718907098.5,1.865083,-0.623820143983912,-0.5962723779826455,-0.027547765989317245,PreMarketWait,18
1718907098.75,1.82536,-0.6661579356016241,-0.5968733317962083,-0.06928460379343504,PreMarketWait,18
1718907099.0,1.817671,-0.6743530688933843,-0.5975130635463806,-0.07684000533499213,PreMarketWait,18
1718907099.25,1.827923,-0.6634262245043708,-0.598206112279596,-0.06522011221273714,PreMarketWait,18
1718907099.5,1.829204,-0.6620609018685605,-0.5989650970123342,-0.06309580484417027,PreMarketWait,18
1718907099.75,1.836892,-0.6538668344024334,-0.5998000635533394,-0.05406677083702954,PreMarketWait,18
1718907100.0,1.852269,-0.637477633644546,-0.600717736269673,-0.036759897362810795,PreMarketWait,18
1718907100.25,1.868928,-0.6197220444252155,-0.6017206934972199,-0.018001350915946547,PreMarketWait,18
1718907100.5,1.868928,-0.6197220444252155,-0.6028064936673792,-0.016915550745811164,PreMarketWait,18
1718907100.75,1.885586,-0.6019675210315178,-0.6039667866444834,0.001999265624956087,PreMarketWait,18
1718907101.0,1.894556,-0.5924070651039475,-0.6051864507918229,0.012779385699819758,PreMarketWait,18
1718907101.25,1.899681,-0.5869447087350737,-0.6064428005658067,0.019498091842618095,PreMarketWait,18
1718907101.5,1.902244,-0.5842129976378201,-0.6077049117514037,0.02349191412539427,PreMarketWait,18
1718907101.75,1.909933,-0.5760178643460598,-0.6089331116837433,0.032915247349401815,PreMarketWait,18
1718907102.0,1.899681,-0.5869447087350737,-0.610078679941192,0.023133971217724276,PreMarketWait,18
1718907102.25,1.900963,-0.5855783202736304,-0.6110838011266974,0.025505480864537574,PreMarketWait,18
1718907102.5,1.8984,-0.5883100313708837,-0.6118818056322377,0.023571774272663763,PreMarketWait,18
1718907102.75,1.897119,-0.589675354006694,-0.6123977269113944,0.022722372915821402,PreMarketWait,18
1718907103.0,1.900963,-0.5855783202736304,-0.6125491949987361,0.026970874736008885,PreMarketWait,18
1718907103.25,1.903526,-0.582846609176377,-0.612247676049601,0.029401066883881614,MarketGridChoice,18
1718907103.5,1.904807,-0.5814812865405669,-0.6114000567644107,0.029918770234231094,MarketGridChoice,18
1718907103.75,1.911214,-0.5746525417102498,-0.6099105609400854,0.03525801923993238,MarketGridChoice,18
1718907104.0,1.921465,-0.5637267631468692,-0.6076829732950899,0.04395621015801342,MarketGridChoice,18
1718907104.25,1.936842,-0.5473375623889818,-0.6046231333962648,0.05728557101676676,MarketGridChoice,18
1718907104.5,1.950938,-0.5323136842669045,-0.6006416502508667,0.06832796599314207,MarketGridChoice,18
1718907104.75,1.954782,-0.5282166505338409,-0.595656776228323,0.06744012570337418,MarketGridChoice,18
1718907105.0,1.963752,-0.5186561946062707,-0.5895973678085663,0.07094117321092529,MarketGridChoice,18
1718907105.25,1.952219,-0.5309483616310944,-0.5824058506524082,0.05145748902971391,MarketGridChoice,18
1718907105.5,1.945812,-0.5377771064614113,-0.5740410981625303,0.036263991709327696,MarketGridChoice,18
1718907105.75,1.941968,-0.5418741401944751,-0.5644811266148384,0.022606986428422824,MarketGridChoice,18
1718907106.0,1.92531,-0.5596286635881725,-0.5537255066681022,-0.005903156912116077,MarketGridChoice,18
1718907106.25,1.903526,-0.582846609176377,-0.541797391146213,-0.04104921802227118,MarketGridChoice,18
1718907106.5,1.900963,-0.5855783202736304,-0.5287450628809935,-0.056833257384762706,MarketGridChoice,18
1718907106.75,1.897119,-0.589675354006694,-0.5146429144122638,-0.07503243958653408,MarketGridChoice,18
1718907107.0,1.893274,-0.5937734535653907,-0.4995917835921118,-0.09418166996532343,MarketGridChoice,18
1718907107.25,1.890712,-0.596504098837011,-0.48371858554846653,-0.11278551328049671,MarketGridChoice,18
1718907107.5,1.88943,-0.5978704872984543,-0.46717520172744836,-0.13069528556283763,MarketGridChoice,18
1718907107.75,1.884305,-0.6033328436673281,-0.4501366103457473,-0.153196233313269,MarketGridChoice,18
1718907108.0,1.885586,-0.6019675210315178,-0.4327982688444878,-0.1691692521785569,MarketGridChoice,18
1718907108.25,1.886867,-0.6006021983957075,-0.4153727869664311,-0.1852294114206281,MarketGridChoice,18
1718907108.5,1.883023,-0.6046992321287713,-0.3980859578243285,-0.20661327429560797,MarketGridChoice,18
1718907108.75,1.90737,-0.5787495754433134,-0.38117224255919313,-0.19757733287508872,MarketGridChoice,18
1718907109.0,1.97144,-0.5104621271401433,-0.36486983050102245,-0.14559229662988246,MarketGridChoice,18
1718907109.25,2.08036,-0.3943723991991211,-0.34941541958519723,-0.04495697960446721,MarketGridChoice,18
1718907109.5,2.259757,-0.20316647812461225,-0.33503887948927225,0.13187240137434814,MarketGridChoice,18
1718907109.75,2.385335,-0.06932222678989267,-0.32195797090532036,0.25263574412536205,MarketGridChoice,18
1718907110.0,2.431466,-0.02015462451623055,-0.3103732971675627,0.2902186726615287,MarketGridChoice,18
1718907110.25,2.445349,-0.005357767253971603,-0.3004636582731058,0.295105891029609,MarketGridChoice,18
1718907110.5,2.423566,-0.028574647016543168,-0.29238196214106854,0.2638073151352933,MarketGridChoice,18
1718907110.75,2.39153,-0.06271943699376133,-0.286251824656594,0.22353238767390576,MarketGridChoice,18
1718907111.0,2.347962,-0.10915532817017018,-0.282164960353941,0.17300963219515622,MarketGridChoice,18
1718907111.25,2.292862,-0.16788232054576974,-0.2801794317303234,0.11229711119625224,MarketGridChoice,18
1718907111.5,2.241606,-0.22251227918830574,-0.2803187895394442,0.05780651036314399,MarketGridChoice,18
1718907111.75,2.194193,-0.27304626992341124,-0.282572101263245,0.009525831352132808,MarketGridChoice,18
1718907112.0,2.148063,-0.3222128063714403,-0.28689483226536705,-0.03531797409350071,MarketGridChoice,18
1718907112.25,2.133967,-0.33723668449351735,-0.2932105154326007,-0.044026169048096725,MarketGridChoice,18
1718907112.5,2.107058,-0.3659169864505959,-0.3014131214847345,-0.06450386495282558,MarketGridChoice,18
1718907112.75,2.085274,-0.38913493203880006,-0.31137002418917736,-0.07776490783640672,MarketGridChoice,18
1718907113.0,2.037862,-0.4396678569482725,-0.3229254426532923,-0.11674241428162346,MarketGridChoice,18
1718907113.25,1.994294,-0.4861037481246814,-0.3359042365499871,-0.15019951156123887,MarketGridChoice,18
1718907113.5,2.046832,-0.43010740102070194,-0.35011592916706796,-0.07999147184012259,MarketGridChoice,18
1718907113.75,2.062208,-0.41371926608844767,-0.36535883695129623,-0.0483604291236262,MarketGridChoice,18
1718907114.0,2.022485,-0.4560570577061599,-0.38142419195484856,-0.07463286573781239,MarketGridChoice,18
1718907114.25,2.046832,-0.43010740102070194,-0.3981001543741157,-0.03200724663315152,MarketGridChoice,18
1718907114.5,2.039143,-0.4383025343124622,-0.4151756252742179,-0.0231269090249088,MarketGridChoice,18
1718907114.75,2.016078,-0.46288580253647715,-0.4324437837902863,-0.030442018732986076,MarketGridChoice,18
1718907115.0,2.003264,-0.47654329219711083,-0.44970528791389724,-0.02683800427016729,MarketGridChoice,18
1718907115.25,1.993012,-0.48747013658612454,-0.466771092883813,-0.020699043689447416,MarketGridChoice,18
1718907115.5,1.985324,-0.4956642040522517,-0.48346485579689086,-0.012199348242697902,MarketGridChoice,18
1718907115.75,1.964821,-0.5175168270046461,-0.4996249090156923,-0.017891917976505536,MarketGridChoice,18
1718907116.0,1.955852,-0.5270762171065835,-0.5151057980082022,-0.011970419086155832,MarketGridChoice,18
1718907116.25,1.9456,-0.538003061495597,-0.5297793911850467,-0.008223670298551042,MarketGridChoice,18
1718907116.5,1.940475,-0.5434654178644709,-0.543535579906768,7.016205407186496e-05,MarketGridChoice,18
1718907116.75,1.927661,-0.5571229075251047,-0.5562825959554453,-0.0008403115581019846,MarketGridChoice,18
1718907117.0,1.926379,-0.558489295986548,-0.5679469812682499,0.009457685293055212,MarketGridChoice,18
1718907117.25,1.917409,-0.5680497519141184,-0.5784732505140365,0.010423498611086525,MarketGridChoice,18
1718907117.5,1.926591,-0.5582633409523624,-0.587823291093572,0.029559950152219447,MarketGridChoice,18
1718907117.75,1.921465,-0.5637267631468692,-0.5959755473381991,0.03224878420221339,MarketGridChoice,18
1718907118.0,1.911214,-0.5746525417102498,-0.6029240360979801,0.028271494398524354,MarketGridChoice,18
1718907118.25,1.911214,-0.5746525417102498,-0.6086772396326778,0.03402469793317319,MarketGridChoice,18
1718907118.5,1.90737,-0.5787495754433134,-0.613256918894484,0.03450734346190912,MarketGridChoice,18
1718907118.75,1.902244,-0.5842129976378201,-0.6166968861280708,0.03248388850102532,MarketGridChoice,18
1718907119.0,1.899681,-0.5869447087350737,-0.6190417704659844,0.03209706174176321,MarketGridChoice,18
1718907119.25,1.894556,-0.5924070651039475,-0.6203458041491617,0.027938739056185366,MarketGridChoice,18
1718907119.5,1.891993,-0.5951387762012007,-0.6206716504517492,0.02553287426167699,MarketGridChoice,18
1718907119.75,1.888149,-0.5992358099342643,-0.6200892876390622,0.02085347771611986,MarketGridChoice,18
1718907120.0,1.885586,-0.6019675210315178,-0.6186749566347428,0.016707435614774453,MarketGridChoice,18
1718907120.25,1.883023,-0.6046992321287713,-0.6165101738000562,0.011810941683093969,MarketGridChoice,18
1718907120.5,1.88046,-0.6074309432260245,-0.6136808045931977,0.006249861379270815,MarketGridChoice,18
1718907120.75,1.877898,-0.6101615884976449,-0.6102761891071228,0.00011460062188937623,MarketGridChoice,18
1718907121.0,1.874053,-0.6142596880563416,-0.6063883067719853,-0.007871381271610146,MarketGridChoice,18
1718907121.25,1.877898,-0.6101615884976449,-0.6021109650023956,-0.008050623482152547,MarketGridChoice,18
1718907121.5,1.875335,-0.6128932995948985,-0.5975389953736343,-0.015354304207805688,MarketGridChoice,18
1718907121.75,1.870209,-0.6183567217894052,-0.5927674410777339,-0.025589280697845714,MarketGridChoice,18
1718907122.0,1.868928,-0.6197220444252155,-0.5878907209413112,-0.03183132346971193,MarketGridChoice,18
1718907122.25,1.866365,-0.6224537555224687,-0.5830017581317619,-0.039451997376153264,MarketGridChoice,18
1718907122.5,1.863802,-0.6251854666197222,-0.5781910657327859,-0.04699440087203298,MarketGridChoice,18
1718907122.75,1.858676,-0.630648888814229,-0.5735457864708181,-0.057103102328173914,MarketGridChoice,18
1718907123.0,1.848425,-0.6415746673776096,-0.5691486897913988,-0.07242597757066034,MarketGridChoice,18
1718907123.25,1.867646,-0.6210884328866586,-0.5650771359183934,-0.05601129695242458,MarketGridChoice,18
1718907123.5,1.904807,-0.5814812865405669,-0.5614020231051511,-0.020079263419309816,MarketGridChoice,18
1718907123.75,1.91634,-0.569189119515743,-0.5581867405614002,-0.011002378937997333,MarketGridChoice,18
1718907124.0,1.930435,-0.5541663072192988,-0.5554861550239013,0.001319847821162408,MarketGridChoice,18
1718907124.25,1.944531,-0.5391424290972215,-0.5533456631526986,0.014203234072228517,ForecastPage,18
1718907124.5,1.984254,-0.49680463747950937,-0.5518003444770959,0.05499570701450986,ForecastPage,18
1718907124.75,1.977847,-0.5036333823098265,-0.5508742502172249,0.047240867924477035,ForecastPage,18
1718907125.0,1.990662,-0.4899748268235595,-0.5505798618534039,0.06060503504706411,ForecastPage,18
1718907125.25,1.98938,-0.49134121528500263,-0.5509177498491202,0.05957653458146647,ForecastPage,18
1718907125.5,1.954782,-0.5282166505338409,-0.5518764576510045,0.023659807134632158,ForecastPage,18
1718907125.75,1.967596,-0.5145591608732071,-0.5534326293224262,0.038873468466801314,ForecastPage,18
1718907126.0,1.966315,-0.5159244835090171,-0.5555513913398726,0.03962690784854868,ForecastPage,18
1718907126.25,1.956063,-0.5268513278980306,-0.5581869906485487,0.03133566276832299,ForecastPage,18
1718907126.5,1.941968,-0.5418741401944751,-0.5612836824712378,0.01940954229468333,ForecastPage,18
1718907126.75,1.927872,-0.5568980183165522,-0.5647768529841009,0.007878834685590759,ForecastPage,18
1718907127.0,1.924028,-0.5609950520496156,-0.5685943541631175,0.007599302131670498,ForecastPage,18
1718907127.25,1.909933,-0.5760178643460598,-0.5726580211721654,-0.003359843155595975,ForecastPage,18
1718907127.5,1.902244,-0.5842129976378201,-0.5768853368628839,-0.007327660756507216,ForecastPage,18
1718907127.75,1.891993,-0.5951387762012007,-0.5811912034752914,-0.013947572707352876,ForecastPage,18
1718907128.0,1.885586,-0.6019675210315178,-0.5854897785826162,-0.0164777424302252,ForecastPage,18
1718907128.25,1.88046,-0.6074309432260245,-0.5896963307627431,-0.01773461244449847,ForecastPage,18
1718907128.5,1.874053,-0.6142596880563416,-0.5937290703908272,-0.02053061764664461,ForecastPage,18
1718907128.75,1.866365,-0.6224537555224687,-0.5975109122692399,-0.024942843234298722,ForecastPage,18
1718907129.0,1.857395,-0.6320142114500393,-0.600971129434392,-0.031043081996689526,ForecastPage,18
1718907129.25,1.852269,-0.637477633644546,-0.6040468612621879,-0.03343077236341069,ForecastPage,18
1718907129.5,1.8433,-0.6470370237464835,-0.6066844437613345,-0.040352579966254715,ForecastPage,18
1718907129.75,1.842018,-0.6484034122079266,-0.6088405354914438,-0.0395628766976876,ForecastPage,18
1718907130.0,1.853551,-0.6361112451831028,-0.6104830186302999,-0.02562822653415468,ForecastPage,18
1718907130.25,1.845862,-0.644306378474863,-0.611591661064364,-0.032714717392044956,ForecastPage,18
1718907130.5,1.868928,-0.6197220444252155,-0.6121585316807431,-0.007563512726257979,ForecastPage,18
1718907130.75,1.930435,-0.5541663072192988,-0.6121881669771421,0.05802185977577666,ForecastPage,18
1718907131.0,1.945812,-0.5377771064614113,-0.6116974923768523,0.07392038593305753,ForecastPage,18
1718907131.25,1.886867,-0.6006021983957075,-0.6107155060027692,0.0101133076243328,ForecastPage,18
1718907131.5,1.881742,-0.6060645547645813,-0.6092827360206791,0.0032181812730024337,ForecastPage,18
1718907131.75,1.899681,-0.5869447087350737,-0.6074504850759095,0.020505776357361134,ForecastPage,18
1718907132.0,1.890712,-0.596504098837011,-0.6052798770433199,0.008775778222448835,ForecastPage,18
1718907132.25,1.884305,-0.6033328436673281,-0.6028407225771051,-0.000492121074468943,ForecastPage,18
1718907132.5,1.881742,-0.6060645547645813,-0.6002102210380267,-0.005854333711183185,ForecastPage,18
1718907132.75,1.876616,-0.6115279769590881,-0.597471517469897,-0.014056459474195489,ForecastPage,18
1718907133.0,1.874053,-0.6142596880563416,-0.594712134506712,-0.01954755353499929,ForecastPage,18
1718907133.25,1.870209,-0.6183567217894052,-0.5920223004759798,-0.026334421299145257,ForecastPage,18
1718907133.5,1.865083,-0.623820143983912,-0.5894931965262271,-0.03432694744373526,ForecastPage,18
1718907133.75,1.881742,-0.6060645547645813,-0.587215147288983,-0.018849407461954012,ForecastPage,18
1718907134.0,1.932998,-0.5514345961220454,-0.5852757812674849,0.03384118515880839,ForecastPage,18
1718907134.25,1.92531,-0.5596286635881725,-0.583758188656063,0.02412952508101794,ForecastPage,18
1718907134.5,1.917621,-0.5678237968799328,-0.5827391054498683,0.014915308582857872,ForecastPage,18
1718907134.75,1.906088,-0.5801159639047565,-0.5822871533595413,0.002171189467538956,ForecastPage,18
1718907135.0,1.897119,-0.589675354006694,-0.5824611651498299,-0.007214188844241468,ForecastPage,18
1718907135.25,1.902244,-0.5842129976378201,-0.5833086246291876,-0.0009043729961074887,ForecastPage,18
1718907135.5,1.895837,-0.5910417424681371,-0.5848642497397815,-0.0061774927158986664,ForecastPage,18
1718907135.75,1.893274,-0.5937734535653907,-0.5871487461357854,-0.006624707417191094,ForecastPage,18
1718907136.0,1.888149,-0.5992358099342643,-0.5901677573460834,-0.009068052575789801,ForecastPage,18
1718907136.25,1.888149,-0.5992358099342643,-0.5939110361001921,-0.005324773821689366,ForecastPage,18
1718907136.5,1.884305,-0.6033328436673281,-0.5983518596251309,-0.004980984029812865,ForecastPage,18
1718907136.75,1.877898,-0.6101615884976449,-0.6034467096494573,-0.006714878835795752,ForecastPage,18
1718907137.0,1.875335,-0.6128932995948985,-0.6091352354222211,-0.0037580641602749185,ForecastPage,18
1718907137.25,1.875335,-0.6128932995948985,-0.6153405152091554,0.002447215626669424,ForecastPage,18
1718907137.5,1.874053,-0.6142596880563416,-0.6219696284083731,0.007709940364449587,ForecastPage,18
1718907137.75,1.867646,-0.6210884328866586,-0.6289145465831345,0.007826113708890935,ForecastPage,18
1718907138.0,1.865083,-0.623820143983912,-0.6360533473041929,0.012233203332679767,ForecastPage,18
1718907138.25,1.857395,-0.6320142114500393,-0.6432517497163511,0.011237538278677595,ForecastPage,18
1718907138.5,1.853551,-0.6361112451831028,-0.650364965211139,0.014253720040349107,ForecastPage,18
1718907138.75,1.847144,-0.64293999001342,-0.6572398505493829,0.014299860548202273,ForecastPage,18
1718907139.0,1.847144,-0.64293999001342,-0.6637173443101617,0.02077735430888648,ForecastPage,18
1718907139.25,1.8433,-0.6470370237464835,-0.6696351607434228,0.022598137008970072,ForecastPage,18
1718907139.5,1.8433,-0.6470370237464835,-0.6748307080872982,0.027793684352716133,ForecastPage,18
1718907139.75,1.838174,-0.6525004459409902,-0.6791441913116406,0.02664374538241173,ForecastPage,18
1718907140.0,1.840737,-0.6497687348437368,-0.6824218522233648,0.03265311739124304,ForecastPage,18
1718907140.25,1.838174,-0.6525004459409902,-0.6845192931012098,0.03201884717168859,ForecastPage,18
1718907140.5,1.836892,-0.6538668344024334,-0.6853048237308181,0.03143798933971442,ForecastPage,18
1718907140.75,1.826641,-0.664792612965814,-0.684662766125579,0.01987015317096885,ForecastPage,18
1718907141.0,1.824078,-0.6675243240630673,-0.6824966466060209,0.01497232255405106,ForecastPage,18
1718907141.25,1.820234,-0.6716213577961311,-0.6787322015436504,0.00711084375853481,ForecastPage,18
1718907141.5,1.820234,-0.6716213577961311,-0.6733201212216412,0.001698763436472836,ForecastPage,18
1718907141.75,1.817671,-0.6743530688933843,-0.6662384561650209,-0.008114612717420734,ForecastPage,18
1718907142.0,1.81639,-0.6757183915291947,-0.6574946121401537,-0.018223779378083053,ForecastPage,18
1718907142.25,1.81639,-0.6757183915291947,-0.6471268639507998,-0.02859152756738415,ForecastPage,18
1718907142.5,1.817671,-0.6743530688933843,-0.6352053242326269,-0.039147744649654564,ForecastPage,18
1718907142.75,1.818953,-0.6729866804319412,-0.6218323116637275,-0.051154368756978444,ForecastPage,18
1718907143.0,1.839455,-0.6511351233051799,-0.6071420732787882,-0.04399305001498399,ForecastPage,18
1718907143.25,1.870209,-0.6183567217894052,-0.5912998277251781,-0.02705689405260858,ForecastPage,18
1718907143.5,1.875335,-0.6128932995948985,-0.5745001100706201,-0.03839318951241416,ForecastPage,18
1718907143.75,1.88046,-0.6074309432260245,-0.5569644138354246,-0.05046652937845981,ForecastPage,18
1718907144.0,1.885586,-0.6019675210315178,-0.5389381419108036,-0.06302937910827462,ForecastPage,18
1718907144.25,1.941968,-0.5418741401944751,-0.520686894562787,-0.0211872456189326,ForecastPage,18
1718907144.5,1.938124,-0.5459711739275386,-0.502492139430658,-0.04347903448380122,ForecastPage,18
1718907144.75,1.926591,-0.5582633409523624,-0.48464632491773973,-0.073617016021219,ForecastPage,18
1718907145.0,1.953501,-0.5295819731696513,-0.4674475142297412,-0.06213445892618935,ForecastPage,18
1718907145.25,1.977847,-0.5036333823098265,-0.45119363211820185,-0.05243975017760097,ForecastPage,18
1718907145.5,2.040636,-0.4367112566424664,-0.43617642969665005,-0.0005348269315115645,ForecastPage,18
1718907145.75,2.06242,-0.4134933110542622,-0.4226752840506365,0.0091819730109311,ForecastPage,18
1718907146.0,2.088048,-0.386178331732994,-0.41095095827799333,0.024772626559770694,ForecastPage,18
1718907146.25,2.113677,-0.3588622865860931,-0.4012394536317588,0.0423771670606061,ForecastPage,18
1718907146.5,2.136742,-0.33427901836207863,-0.3937460882784846,0.05946706993146196,ForecastPage,18
1718907146.75,2.123928,-0.3479365080227127,-0.38863993669299723,0.04070342868539556,ForecastPage,18
1718907147.0,2.121365,-0.350668219119966,-0.38604875993943905,0.035380540834572226,ForecastPage,18
1718907147.25,2.103425,-0.36978913097510663,-0.38605455024989366,0.01626541928980252,ForecastPage,18
1718907147.5,2.111114,-0.3615939976833464,-0.38868980372998885,0.02709580606149909,ForecastPage,18
1718907147.75,2.102144,-0.3711544536109169,-0.39393462306965354,0.022780169473356947,ForecastPage,18
1718907148.0,2.103425,-0.36978913097510663,-0.4017147381804184,0.031925607219617444,ForecastPage,18
1718907148.25,2.097018,-0.3766178758054239,-0.4119005170356508,0.035282641244139185,ForecastPage,18
1718907148.5,2.073953,-0.4012011440294384,-0.4243070219283473,0.02310587791235034,ForecastPage,18
1718907148.75,2.063702,-0.4121269225928188,-0.4386951481325449,0.026568225552621647,ForecastPage,18
1718907149.0,2.048325,-0.42851612335070616,-0.4547738628116812,0.026257739473252863,ForecastPage,18
1718907149.25,2.023978,-0.45446578003616406,-0.47220354222350186,0.01773776219893075,ForecastPage,18
1718907149.5,2.006038,-0.4735866918913047,-0.49060038509224607,0.017013693211788274,ForecastPage,18
1718907149.75,1.988099,-0.4927065379208127,-0.5095418597109378,0.016835321800172345,ForecastPage,18
1718907150.0,1.972722,-0.5090957386787001,-0.5285731221373363,0.01947738346783976,ForecastPage,18
1718907150.25,1.958626,-0.5241196168007773,-0.5472143229719854,0.02309470617953467,ForecastPage,18
1718907150.5,1.949656,-0.5336800727283477,-0.5649687008502879,0.031288628129369965,ForecastPage,18
1718907150.75,1.947094,-0.5364107179999681,-0.5813313421240092,0.044920624130567216,ForecastPage,18
1718907151.0,1.944531,-0.5391424290972215,-0.5957984684351297,0.05665603934353755,ForecastPage,18
1718907151.25,1.941968,-0.5418741401944751,-0.6078770972046922,0.06600295701497011,ForecastPage,18
1718907151.5,1.940686,-0.5432405286559182,-0.6170949047277834,0.07385437607577638,ForecastPage,18
1718907151.75,1.941968,-0.5418741401944751,-0.6230101079116377,0.08113596772028031,ForecastPage,18
1718907152.0,1.930435,-0.5541663072192988,-0.6252211691340993,0.0710548619171857,ForecastPage,18
1718907152.25,1.929154,-0.555531629855109,-0.6233761197436987,0.06784448989031475,ForecastPage,18
1718907152.5,1.924028,-0.5609950520496156,-0.6171812919607487,0.05618623991227902,ForecastPage,18
1718907152.75,1.91634,-0.569189119515743,-0.6064092470170319,0.03722012750194423,ForecastPage,18
1718907153.0,1.906088,-0.5801159639047565,-0.5909056899542725,0.01078972604977318,ForecastPage,18
1718907153.25,1.904807,-0.5814812865405669,-0.5705951692281932,-0.010886117312420607,ForecastPage,18
1718907153.5,1.894556,-0.5924070651039475,-0.5454853727043638,-0.04692169239984214,ForecastPage,18
1718907153.75,1.886867,-0.6006021983957075,-0.5156698512351129,-0.08493234716097547,ForecastPage,18
1718907154.0,1.886867,-0.6006021983957075,-0.481329027058701,-0.11927317133742582,ForecastPage,18
1718907154.25,1.88943,-0.5978704872984543,-0.4427293768359929,-0.15514111046284185,ForecastPage,18
1718907154.5,1.918903,-0.5664574084184896,-0.4002207180549339,-0.1662366903638279,ForecastPage,18
1718907154.75,1.909933,-0.5760178643460598,-0.35423157231948466,-0.22178629202667927,ForecastPage,18
1718907155.0,1.913777,-0.5719208306129963,-0.30526262891983513,-0.2666582016930477,ForecastPage,18
1718907155.25,1.918903,-0.5664574084184896,-0.2538783859665697,-0.31257902245155117,MarketWaitPage,18
1718907155.5,1.921465,-0.5637267631468692,-0.20069710286303477,-0.363029660283185,MarketWaitPage,18
1718907155.75,1.948375,-0.535045395364158,-0.1463792552576176,-0.3886661401055971,MarketWaitPage,18
1718907156.0,2.018852,-0.4599292022306711,-0.0916147397661179,-0.36831446246331306,MarketWaitPage,18
1718907156.25,2.122647,-0.34930183065852255,-0.03710912819801312,-0.3121927024589779,MarketWaitPage,18
1718907156.5,2.354581,-0.1021006283056674,0.016430683096424606,-0.11853131140028109,MarketWaitPage,18
1718907156.75,2.577546,0.1355411839452503,0.0683110469355864,0.06723013701173816,MarketWaitPage,18
1718907157.0,2.842586,0.41802760970258107,0.11786595686942712,0.30016165283547325,MarketWaitPage,18
1718907157.25,3.032234,0.6201593093404708,0.1644708436474641,0.4556884656955516,MarketWaitPage,18
1718907157.5,3.216283,0.8163234512594677,0.20755537354426484,0.6087680777179527,MarketWaitPage,18
1718907157.75,3.254725,0.8572959202413701,0.24661487380474234,0.6106810464395601,MarketWaitPage,18
1718907158.0,3.212439,0.8122264175264041,0.28122005641109976,0.5310063611183935,MarketWaitPage,18
1718907158.25,3.171434,0.768522237447249,0.31102477257740335,0.45749746487306087,MarketWaitPage,18
1718907158.5,3.08558,0.6770168435558748,0.3357716031355678,0.3412452404236099,MarketWaitPage,18
1718907158.75,3.003569,0.5896074175719309,0.3552951697036488,0.23431224787162608,MarketWaitPage,18
1718907159.0,2.96769,0.5513666596872823,0.3695231333483784,0.18184352634223377,MarketWaitPage,18
1718907159.25,2.699876,0.2659236336241454,0.37847492673792005,-0.11255129311052142,MarketWaitPage,18
1718907159.5,2.557639,0.11432379307009502,0.38225833852648117,-0.2679345454532777,MarketWaitPage,18
1718907159.75,2.747288,0.3164565585336178,0.38106413179235765,-0.06460757325584787,MarketWaitPage,18
1718907160.0,2.717815,0.2850434796536529,0.37515892968561215,-0.09011545002935571,MarketWaitPage,18
1718907160.25,2.672966,0.2372422658414342,0.36487664009401893,-0.12763437425033894,MarketWaitPage,18
1718907160.5,2.660152,0.2235847761808001,0.3506087172071113,-0.12702394102448758,MarketWaitPage,18
1718907160.75,2.628117,0.18944105202921505,0.33279357213636457,-0.143352520105805,MarketWaitPage,18
1718907161.0,2.590956,0.14983390568312302,0.3119054482990136,-0.16207154261507167,MarketWaitPage,18
1718907161.25,2.574298,0.1320793822894258,0.2884430712033892,-0.15636368891370506,MarketWaitPage,18
1718907161.5,2.567891,0.1252506374591085,0.26291836772195126,-0.13766773026316703,MarketWaitPage,18
1718907161.75,2.552514,0.10886143670122113,0.2358455281207418,-0.12698409142043593,MarketWaitPage,18
1718907162.0,2.537137,0.09247223594333376,0.20773065633871676,-0.11525842039688416,MarketWaitPage,18
1718907162.25,2.51279,0.06652257925787584,0.17906222163787328,-0.11253964238206626,MarketWaitPage,18
1718907162.5,2.49485,0.047401667402735215,0.15030248912716415,-0.10290082172703469,MarketWaitPage,18
1718907162.75,2.507664,0.06105915706336933,0.12188006908970996,-0.060820912029441176,MarketWaitPage,18
1718907163.0,2.479474,0.031013532470480946,0.09418368671298691,-0.06317015424604924,MarketWaitPage,18
1718907163.25,2.469222,0.020086688081466984,0.06755723583341805,-0.04747054775587636,MarketWaitPage,18
1718907163.5,2.450001,-0.000399546409483956,0.04229614364465669,-0.04269569005838045,MarketWaitPage,18
1718907163.75,2.432061,-0.01952045826462458,0.018645038836124613,-0.0381654971052311,MarketWaitPage,18
1718907164.0,2.425654,-0.026349203094941404,-0.0032033159608902753,-0.023145887138699684,MarketWaitPage,18
1718907164.25,2.458971,0.009160909518086593,-0.023107894651012324,0.032268804164360475,MarketWaitPage,18
1718907164.5,2.469222,0.020086688081466984,-0.04097817245653209,0.06106486053324712,MarketWaitPage,18
1718907164.75,2.447438,-0.00313125750673721,-0.056771896199284605,0.053640638687856165,MarketWaitPage,18
1718907165.0,2.424373,-0.027714525730751716,-0.07049198652980017,0.04277746079448824,MarketWaitPage,18
1718907165.25,2.406433,-0.046835437585892814,-0.0821827091928961,0.03534727160263884,MarketWaitPage,18
1718907165.5,2.426128,-0.025844001744923014,-0.09192525861453599,0.06608125686550237,MarketWaitPage,18
1718907165.75,2.394093,-0.05998772589650807,-0.09983289917123053,0.039845173270916134,MarketWaitPage,18
1718907166.0,2.385123,-0.06954818182407815,-0.10604580787421793,0.03649762604668,MarketWaitPage,18
1718907166.25,2.381279,-0.07364521555714172,-0.11072575730468395,0.03708054174446293,MarketWaitPage,18
1718907166.5,2.40947,-0.0435985251386207,-0.1140507699120345,0.07045224477074055,MarketWaitPage,18
1718907166.75,2.399219,-0.05452430370200109,-0.11620986466728626,0.06168556096303557,MarketWaitPage,18
1718907167.0,2.390249,-0.06408475962957164,-0.11739800497317175,0.053313245341783916,MarketWaitPage,18
1718907167.25,2.394093,-0.05998772589650807,-0.11781134310164364,0.05782361720375502,MarketWaitPage,18
1718907167.5,2.376153,-0.0791086377516487,-0.11764284171735451,0.03853420396475622,MarketWaitPage,18
1718907167.75,2.346681,-0.1105206508059805,-0.11707833775157021,0.006557686945060398,MarketWaitPage,18
1718907168.0,2.337711,-0.12008110673355057,-0.11629309853292802,-0.0037880082007474697,MarketWaitPage,18
1718907168.25,2.330023,-0.1282751741996777,-0.11544890515112387,-0.012826269048294238,MarketWaitPage,18
1718907168.5,2.331304,-0.12690985156386786,-0.11469168394013711,-0.012218167623109701,MarketWaitPage,18
1718907168.75,2.324897,-0.1337385963941847,-0.11414969401045987,-0.019588902382767576,MarketWaitPage,18
1718907169.0,2.322334,-0.13647030749143796,-0.11393226708694275,-0.02253804040322803,MarketWaitPage,18
1718907169.25,2.326179,-0.13237220793274126,-0.11412908554727129,-0.01824312238391918,MarketWaitPage,18
1718907169.5,2.315927,-0.14329905232175524,-0.11480997544177787,-0.0284890768781684,MarketWaitPage,18
1718907169.75,2.354369,-0.1023265833398529,-0.1160251832861159,0.013698599948306647,MarketWaitPage,18
1718907170.0,2.367183,-0.08866909367921924,-0.1178060983979616,0.02913700472099992,MarketWaitPage,18
1718907170.25,2.371028,-0.08457099412052257,-0.12016637633167274,0.035595382213604115,MarketWaitPage,18
1718907170.5,2.371028,-0.08457099412052257,-0.1231034134140074,0.03853241929612118,MarketWaitPage,18
1718907170.75,2.367183,-0.08866909367921924,-0.12660011744185373,0.03793102376544277,MarketWaitPage,18
1718907171.0,2.337711,-0.12008110673355057,-0.13062691532935303,0.010545808598775762,MarketWaitPage,18
1718907171.25,2.323616,-0.135103919029995,-0.1351439350659274,4.001603906728102e-05,MarketWaitPage,18
1718907171.5,2.306957,-0.15285950824932532,-0.140103297027017,-0.012756211219011965,MarketWaitPage,18
1718907171.75,2.290299,-0.170614031643023,-0.14545144873998286,-0.025162582899579396,MarketWaitPage,18
1718907172.0,2.271078,-0.19110026613397393,-0.15113147787377848,-0.0399687882565653,MarketWaitPage,18
1718907172.25,2.264671,-0.19792901096429125,-0.1570853406208058,-0.04084367033967945,MarketWaitPage,18
1718907172.5,2.260827,-0.2020260446973548,-0.16325594678152738,-0.03877009791183817,MarketWaitPage,18
1718907172.75,2.269797,-0.19246558876978426,-0.16958904863620433,-0.022876540129399256,MarketWaitPage,18
1718907173.0,2.265952,-0.19656368832848092,-0.1760348878801412,-0.020528800443959327,MarketWaitPage,18
1718907173.25,2.232636,-0.23207273511587628,-0.18254956322408825,-0.04952317188720009,RoundResultsPage,18
1718907173.5,2.237761,-0.2266103787470024,-0.18909609040443132,-0.0375142883377688,RoundResultsPage,18
1718907173.75,2.295425,-0.1651506094485165,-0.1956451359962936,0.030494526552799023,RoundResultsPage,18
1718907174.0,2.286455,-0.17471106537608658,-0.20217541628056224,0.02746435090972032,RoundResultsPage,18
1718907174.25,2.232636,-0.23207273511587628,-0.20867376220808137,-0.02339897290232755,RoundResultsPage,18
1718907174.5,2.212133,-0.25392535806827016,-0.2151348610030383,-0.038790497059545875,RoundResultsPage,18
1718907174.75,2.205726,-0.26075410289858747,-0.22156069401109937,-0.03919340888159233,RoundResultsPage,18
1718907175.0,2.198038,-0.2689481703647146,-0.22795969896644155,-0.04098847139218095,RoundResultsPage,18
1718907175.25,2.190349,-0.2771433036564748,-0.23434569287607773,-0.042797610774126374,RoundResultsPage,18
1718907175.5,2.186505,-0.2812403373895384,-0.2407365990736492,-0.04050373830946081,RoundResultsPage,18
1718907175.75,2.186505,-0.2812403373895384,-0.24715302844148637,-0.03408730894148944,RoundResultsPage,18
1718907176.0,2.187786,-0.2798750147537281,-0.25361677001775845,-0.026258244729297994,RoundResultsPage,18
1718907176.25,2.187786,-0.2798750147537281,-0.26014924983367604,-0.019725764913297136,RoundResultsPage,18
1718907176.5,2.201882,-0.26485113663165105,-0.26677001849911686,0.0019188818742782018,RoundResultsPage,18
1718907176.75,2.314646,-0.14466437495756507,-0.27349532743331745,0.1288309524825965,RoundResultsPage,18
1718907177.0,2.344118,-0.11325236190323375,-0.2803368504391941,0.16708448854281088,RoundResultsPage,18
1718907177.25,2.306957,-0.15285950824932532,-0.2873006013875232,0.13444109314502947,RoundResultsPage,18
1718907177.5,2.265952,-0.19656368832848092,-0.29438609018315565,0.09782240186146202,RoundResultsPage,18
1718907177.75,2.198038,-0.2689481703647146,-0.3015857483433302,0.03263757798533386,RoundResultsPage,18
1718907178.0,2.155751,-0.3140187389053131,-0.3088846432018359,-0.005134095696851734,RoundResultsPage,18
1718907178.25,2.139093,-0.33177326229901083,-0.3162604869612606,-0.015512775331239542,RoundResultsPage,18
1718907178.5,2.130123,-0.34133371822658093,-0.32368393453660743,-0.017649783683597015,RoundResultsPage,18
1718907178.75,2.121153,-0.3508941741541515,-0.33111915313365664,-0.019775021014268444,RoundResultsPage,18
1718907179.0,2.116028,-0.35635653052302535,-0.33852463723823384,-0.017831893278726786,RoundResultsPage,18
1718907179.25,2.105776,-0.36728337491203883,-0.34585423532835885,-0.021429139577783175,RoundResultsPage,18
1718907179.5,2.107058,-0.3659169864505959,-0.35305834913942374,-0.012858637305443513,RoundResultsPage,18
1718907179.75,2.098088,-0.37547744237816594,-0.3600852625932778,-0.01539217977932189,RoundResultsPage,18
1718907180.0,2.091681,-0.38230618720848325,-0.3668825553865524,-0.015423631816514807,RoundResultsPage,18
1718907180.25,2.089118,-0.38503789830573654,-0.3733985555541441,-0.011639342746308581,RoundResultsPage,18
1718907180.5,2.082711,-0.39186664313605335,-0.37958378591782166,-0.012282857213056629,RoundResultsPage,18
1718907180.75,2.080148,-0.3945983542333071,-0.385392361045177,-0.009205993183036325,RoundResultsPage,18
1718907181.0,2.073741,-0.4014270990636239,-0.39078329403965245,-0.010643805018928199,RoundResultsPage,18
1718907181.25,2.069897,-0.4055241327966875,-0.3957216760280288,-0.009802456763632589,RoundResultsPage,18
1718907181.5,2.068615,-0.40689052125813086,-0.4001796954881333,-0.006710825764953278,RoundResultsPage,18
1718907181.75,2.058364,-0.41781629982151125,-0.4041374694575442,-0.01367883035886816,RoundResultsPage,18
1718907182.0,2.055801,-0.4205480109187645,-0.40758366408325475,-0.012964346830319388,RoundResultsPage,18
1718907182.25,2.05452,-0.42191333355457483,-0.4105158878177766,-0.011397445731480365,RoundResultsPage,18
1718907182.5,2.048113,-0.42874207838489214,-0.41294084674547993,-0.015801231633931802,RoundResultsPage,18
1718907182.75,2.042987,-0.4342055005793986,-0.41487425793659516,-0.019331242637127218,RoundResultsPage,18
1718907183.0,2.044269,-0.43283911211795567,-0.41634052326922916,-0.01649858884282359,RoundResultsPage,18
1718907183.25,2.035299,-0.44239956804552577,-0.4173721727148247,-0.025027395324543726,RoundResultsPage,18
1718907183.5,2.032736,-0.4451312791427795,-0.4180090925192995,-0.027122186617044162,RoundResultsPage,18
1718907183.75,2.032736,-0.4451312791427795,-0.4182975598839762,-0.026833719252068504,RoundResultsPage,18
1718907184.0,2.028892,-0.4492283128758431,-0.41828911149077497,-0.030939201378017436,RoundResultsPage,18
1718907184.25,2.02761,-0.450594701337286,-0.4180392783350927,-0.03255542299481312,RoundResultsPage,18
1718907184.5,2.062208,-0.41371926608844767,-0.41760622361254623,0.0038869575318192726,RoundResultsPage,18
1718907184.75,2.092962,-0.38094086457267295,-0.41704932361667496,0.036108459052072314,RoundResultsPage,18
1718907185.0,2.094244,-0.3795744761112295,-0.4164277335045163,0.03685325740171357,RoundResultsPage,18
1718907185.25,2.090399,-0.3836725756699262,-0.4157989801720058,0.032126404510867256,RoundResultsPage,18
1718907185.5,2.100651,-0.3727457312809127,-0.415217623239849,0.0424718919680859,RoundResultsPage,18
1718907185.75,2.101932,-0.3713804086451024,-0.41473402230880246,0.04335361367320896,RoundResultsPage,18
1718907186.0,2.089118,-0.38503789830573654,-0.41439324436793185,0.029355346072056317,RoundResultsPage,18
1718907186.25,2.081429,-0.39323303159749673,-0.41423413980064006,0.02100110821334414,RiskPage1,18
1718907186.5,2.076304,-0.3986953879663706,-0.41428860915613147,0.015593221200284058,RiskPage1,18
1718907186.75,2.075022,-0.40006177642781354,-0.4145810760780617,0.014519299661071117,RiskPage1,18
1718907187.0,2.07246,-0.4027924216994342,-0.41512817482893,0.012335753140590485,RiskPage1,18
1718907187.25,2.067334,-0.4082558438939412,-0.4159386539965024,0.007682810113894455,RiskPage1,18
1718907187.5,2.067334,-0.4082558438939412,-0.4170134914413549,0.008757647558947548,RiskPage1,18
1718907187.75,2.064771,-0.41098755499119444,-0.4183462095179015,0.007358654538399971,RiskPage1,18
1718907188.0,2.06349,-0.41235287762700473,-0.4199233742139552,0.007570496598758442,RiskPage1,18
1718907188.25,2.05452,-0.42191333355457483,-0.42172525721882886,-0.0001880763238686087,RiskPage1,18
1718907188.5,2.044269,-0.43283911211795567,-0.4237266361407842,-0.009112475965270858,RiskPage1,18
1718907188.75,2.041706,-0.43557082321520896,-0.42589770522854364,-0.009673117974786602,RiskPage1,18
1718907189.0,2.034017,-0.44376595650696915,-0.4282050670667244,-0.015560889428430447,RiskPage1,18
1718907189.25,2.028892,-0.4492283128758431,-0.4306127748410178,-0.018615538023113335,RiskPage1,18
1718907189.5,2.032736,-0.4451312791427795,-0.43308339489602254,-0.012047884235179288,RiskPage1,18
1718907189.75,2.034017,-0.44376595650696915,-0.4355790603833652,-0.008186896112185312,RiskPage1,18
1718907190.0,2.016078,-0.46288580253647715,-0.4380624887280191,-0.02482331379721507,RiskPage1,18
1718907190.25,1.994294,-0.4861037481246814,-0.4404979383081405,-0.04560580980548171,RiskPage1,18
1718907190.5,2.003264,-0.47654329219711083,-0.44285208301478274,-0.03369120917145246,RiskPage1,18
1718907190.75,2.031455,-0.4464966017785898,-0.4450947870827554,-0.0014018146851346794,RiskPage1,18
1718907191.0,2.03658,-0.4410342454097159,-0.4471997665817637,0.0061655211825857245,RiskPage1,18
1718907191.25,2.042987,-0.4342055005793986,-0.44914512800871936,0.014939627439716423,RiskPage2,18
1718907191.5,2.039143,-0.4383025343124622,-0.45091377829768386,0.012611243995498681,RiskPage2,18
1718907191.75,2.03658,-0.4410342454097159,-0.4524937040782368,0.011459458678705483,RiskPage2,18
1718907192.0,2.023766,-0.45469173507034955,-0.45387812107185754,-0.0008136139883722733,RiskPage2,18
1718907192.25,2.022485,-0.4560570577061599,-0.4550654971197592,-0.0009915605763175291,RiskPage2,18
1718907192.5,2.026329,-0.4519600239730963,-0.4560594545472024,0.004099430584180658,RiskPage2,18
1718907192.75,2.016078,-0.46288580253647715,-0.45686855946985977,-0.006017243056523812,RiskPage2,18
1718907193.0,2.017359,-0.46152047990066686,-0.457506007304667,-0.004014472585859878,RiskPage2,18
1718907193.25,2.023766,-0.45469173507034955,-0.45798921520111413,0.0032974801409782623,RiskPage2,18
1718907193.5,2.016078,-0.46288580253647715,-0.4583393333742618,-0.004546469151900982,RiskPage2,18
1718907193.75,2.018641,-0.4601540914392234,-0.45858068839555155,-0.0015734030332308514,RiskPage2,18
1718907194.0,2.016078,-0.46288580253647715,-0.4587401723693501,-0.0041456301565347825,RiskPage2,18
1718907194.25,2.017359,-0.46152047990066686,-0.45884659257578747,-0.002673887314113622,RiskPage2,18
1718907194.5,2.031455,-0.4464966017785898,-0.45892999657644434,0.01243339480881268,RiskPage2,18
1718907194.75,2.016078,-0.46288580253647715,-0.45902098794064666,-0.0038648145846655515,RiskPage2,18
1718907195.0,2.001982,-0.4779096806585542,-0.45915004763938233,-0.01875963300779141,RiskPage2,18
1718907195.25,2.016078,-0.46288580253647715,-0.45934687575973454,-0.0035389267651441663,RiskPage2,18
1718907195.5,2.034017,-0.44376595650696915,-0.4596397675095361,0.015873811014378313,RiskPage2,18
1718907195.75,2.03658,-0.4410342454097159,-0.46005503649981117,0.01902079110210691,RiskPage2,18
1718907196.0,2.031455,-0.4464966017785898,-0.4606164969901872,0.014119895223789721,RiskPage2,18
1718907196.25,2.032736,-0.4451312791427795,-0.46134501514127774,0.01621373601084567,RiskPage3,18
1718907196.5,2.028892,-0.4492283128758431,-0.46225813735318394,0.013029824489812837,RiskPage3,18
1718907196.75,2.017359,-0.46152047990066686,-0.46336980154916013,0.0018493216610555065,RiskPage3,18
1718907197.0,2.013515,-0.46561751363373044,-0.46469013490069316,-0.000927378720422178,RiskPage3,18
1718907197.25,2.010952,-0.46834922473098367,-0.4662253391137294,-0.0021238856046262673,RiskPage3,18
1718907197.5,2.012233,-0.4669839020951734,-0.4679776621230638,0.0009937600404898088,RiskPage3,18
1718907197.75,2.010952,-0.46834922473098367,-0.4699454529603866,0.0015962282419320771,RiskPage3,18
1718907198.0,2.003264,-0.47654329219711083,-0.4721232947221774,-0.004419997462514371,RiskPage3,18
1718907198.25,2.001982,-0.4779096806585542,-0.47450220898757167,-0.003407471658710415,RiskPage3,18
1718907198.5,2.007108,-0.47244625846404725,-0.4770699237273745,0.004623665275419403,RiskPage3,18
1718907198.75,2.007108,-0.47244625846404725,-0.4798111957001843,0.0073649372480207274,RiskPage3,18
1718907199.0,2.001982,-0.4779096806585542,-0.4827081775436838,0.004798496896781641,RiskPage3,18
1718907199.25,1.996857,-0.48337203702742787,-0.48574081923361623,0.0023687822175922644,RiskPage3,18
1718907199.5,1.986605,-0.4942988814164416,-0.4888872933045072,-0.0054115881007879355,RiskPage3,18
1718907199.75,1.980198,-0.5011276262467587,-0.4921244332245436,-0.009003193011326759,RiskPage3,18
1718907200.0,1.976354,-0.5052246599798222,-0.4954281746212249,-0.009796485347958916,RiskPage3,18
1718907200.25,1.968666,-0.5134187274459494,-0.4987739896867376,-0.014644737748806582,RiskPage3,18
1718907200.5,1.968666,-0.5134187274459494,-0.5021373060510463,-0.011281421384706964,RiskPage3,18
1718907200.75,1.962259,-0.5202474722762664,-0.5054939026620768,-0.014753569604172205,RiskPage3,18
1718907201.0,1.957133,-0.5257108944707731,-0.5088202766894162,-0.016890617771482413,RiskPage3,18
1718907201.25,1.967384,-0.5147851159073925,-0.5120939770784865,-0.0026911388191341,RiskPage3,18
1718907201.5,1.968666,-0.5134187274459494,-0.5152939020170496,0.0018751745808137654,RiskPage3,18
1718907201.75,1.967384,-0.5147851159073925,-0.5184005591187174,0.0036154432210271075,RiskPage3,18
1718907202.0,1.968666,-0.5134187274459494,-0.5213962884683517,0.007977561032141565,RiskPage3,18
1718907202.25,1.964821,-0.5175168270046461,-0.5242654497246377,0.006748622729814744,RiskPage4,18
1718907202.5,1.959696,-0.5229791833735197,-0.5269945751864618,0.00401539182289185,RiskPage4,18
1718907202.75,1.960977,-0.5216138607377095,-0.529572491094339,0.007958630366742565,RiskPage4,18
1718907203.0,1.95457,-0.5284426055680267,-0.5319904094816547,0.0035478039239332923,RiskPage4,18
1718907203.25,1.95457,-0.5284426055680267,-0.5342419926583784,0.005799387100869435,RiskPage4,18
1718907203.5,1.95457,-0.5284426055680267,-0.5363233919557411,0.007880786398455693,RiskPage4,18
1718907203.75,1.952007,-0.5311743166652799,-0.5382332617389126,0.0070589450846005805,RiskPage4,18
1718907204.0,1.952007,-0.5311743166652799,-0.5399727489600511,0.008798432305961713,RiskPage4,18
1718907204.25,1.9456,-0.538003061495597,-0.5415454577309773,0.0035423962467842594,RiskPage4,18
1718907204.5,1.944319,-0.5393683841314073,-0.542957387601094,0.0035890034812910004,RiskPage4,18
1718907204.75,1.940475,-0.5434654178644709,-0.5442168434937311,0.0007514256410491565,RiskPage4,18
1718907205.0,1.940475,-0.5434654178644709,-0.5453343146449974,0.0018688967924825684,RiskPage4,18
1718907205.25,1.93663,-0.5475635174231673,-0.5463223194597636,-0.0012411979512985671,RiskPage4,18
1718907205.5,1.940475,-0.5434654178644709,-0.5471952129944634,0.0037297951422288105,RiskPage4,18
1718907205.75,1.93663,-0.5475635174231673,-0.547968953827622,0.0004054364168055032,RiskPage4,18
1718907206.0,1.930223,-0.5543922622534844,-0.5486608274069427,-0.005731434834091623,RiskPage4,18
1718907206.25,1.926379,-0.558489295986548,-0.5492891235796278,-0.009200172394384675,RiskPage4,18
1718907206.5,1.923816,-0.5612210070838014,-0.5498727669281176,-0.011348240143075705,RiskPage4,18
1718907206.75,1.916128,-0.5694150745499286,-0.5504308997450104,-0.018984174792249623,RiskPage4,18
1718907207.0,1.931717,-0.5527999187578557,-0.5509824189687315,-0.0018174997764067256,RiskPage4,18
1718907207.25,1.932998,-0.5514345961220454,-0.5515454701189146,0.00011087400962433297,RiskPage4,18
1718907207.5,1.934279,-0.550069273486235,-0.5521369031440108,0.0020676296705571147,RiskPage4,18
1718907207.75,1.930435,-0.5541663072192988,-0.5527716970357645,-0.0013946101707381295,RiskPage4,18
1718907208.0,1.924028,-0.5609950520496156,-0.5534623619955124,-0.007532690041303638,RiskPage4,18
1718907208.25,1.920184,-0.5650920857826794,-0.5542183297996386,-0.010873755970248066,PreMarketWait,19
1718907208.5,1.917621,-0.5678237968799328,-0.5550453447746766,-0.012778452092479615,PreMarketWait,19
1718907208.75,1.920184,-0.5650920857826794,-0.5559448694339023,-0.009147216336024592,PreMarketWait,19
1718907209.0,1.92531,-0.5596286635881725,-0.5569135203127218,-0.0027151432627269562,PreMarketWait,19
1718907209.25,1.926591,-0.5582633409523624,-0.5579425508128895,-0.00032079012677953093,PreMarketWait,19
1718907209.5,1.924028,-0.5609950520496156,-0.5590173988498857,-0.001977653187065292,PreMarketWait,19
1718907209.75,1.915058,-0.5705555079771862,-0.5601173177139536,-0.01043819025059151,PreMarketWait,19
1718907210.0,1.900963,-0.5855783202736304,-0.5612151087352286,-0.024363211525776363,PreMarketWait,19
1718907210.25,1.912495,-0.5732872190744395,-0.5622769740348165,-0.011010245027003464,PreMarketWait,19
1718907210.5,1.912495,-0.5732872190744395,-0.5632625067980533,-0.010024712263763074,PreMarketWait,19
1718907210.75,1.91634,-0.569189119515743,-0.5641248350582435,-0.005064284444865681,PreMarketWait,19
1718907211.0,1.926591,-0.5582633409523624,-0.5648109328355447,0.006547591895830984,PreMarketWait,19
1718907211.25,1.941968,-0.5418741401944751,-0.5652621095244476,0.023387969342637135,PreMarketWait,19
1718907211.5,1.950938,-0.5323136842669045,-0.565414684560647,0.03310100030642123,PreMarketWait,19
1718907211.75,1.96247,-0.5200225830677138,-0.5652008495592795,0.04517826650425397,PreMarketWait,19
1718907212.0,1.967596,-0.5145591608732071,-0.5645497143039576,0.04999055344344229,PreMarketWait,19
1718907212.25,1.97144,-0.5104621271401433,-0.5633885262718709,0.052926399144416304,PreMarketWait,19
1718907212.5,1.974003,-0.50773041604289,-0.5616440459984505,0.053913629968238605,PreMarketWait,19
1718907212.75,1.972722,-0.5090957386787001,-0.5592440528088911,0.050148314142850384,PreMarketWait,19
1718907213.0,1.968878,-0.5131927724117639,-0.5561189476487582,0.042926175249626525,PreMarketWait,19
1718907213.25,1.959908,-0.5227532283393342,-0.5522034123647539,0.029450184038016646,PreMarketWait,19
1718907213.5,1.954782,-0.5282166505338409,-0.5474380782805193,0.019221427759232024,PreMarketWait,19
1718907213.75,1.953501,-0.5295819731696513,-0.5417711517396888,0.012189178582538339,PreMarketWait,19
1718907214.0,1.943249,-0.5405088175586648,-0.5351599408738864,-0.00534887667234241,PreMarketWait,19
1718907214.25,1.936842,-0.5473375623889818,-0.5275722265590116,-0.01976533581761415,PreMarketWait,19
1718907214.5,1.936842,-0.5473375623889818,-0.5189874216269865,-0.028350140749737806,PreMarketWait,19
1718907214.75,1.92531,-0.5596286635881725,-0.5093974660819325,-0.050231197494103166,PreMarketWait,19
1718907215.0,1.929154,-0.555531629855109,-0.4988074124006234,-0.0567242174424952,PreMarketWait,19
1718907215.25,1.930435,-0.5541663072192988,-0.4872356639303021,-0.06693064327718214,PreMarketWait,19
1718907215.5,1.932998,-0.5514345961220454,-0.47471384076190076,-0.07672075534853734,PreMarketWait,19
1718907215.75,1.930435,-0.5541663072192988,-0.46128626095802877,-0.09288004624990219,PreMarketWait,19
1718907216.0,1.930435,-0.5541663072192988,-0.4470090402378434,-0.10715726697035946,PreMarketWait,19
1718907216.25,1.936842,-0.5473375623889818,-0.43194882963810355,-0.11538873274008596,PreMarketWait,19
1718907216.5,1.943249,-0.5405088175586648,-0.4161812276464143,-0.12432758990179224,PreMarketWait,19
1718907216.75,1.948375,-0.535045395364158,-0.39978892009410666,-0.13525647525995516,PreMarketWait,19
1718907217.0,1.972722,-0.5090957386787001,-0.3828596168448839,-0.12623612182410718,PreMarketWait,19
1718907217.25,2.038074,-0.43944190191408705,-0.36548386805567123,-0.07395803384911562,MarketGridChoice,19
1718907217.5,2.123928,-0.3479365080227127,-0.347752853463536,-0.00018365455030178168,MarketGridChoice,19
1718907217.75,2.225159,-0.24004191337345057,-0.3297562446710163,0.08971433130600434,MarketGridChoice,19
1718907218.0,2.334079,-0.12395218543242865,-0.3115802417207907,0.18762805629635962,MarketGridChoice,19
1718907218.25,2.407119,-0.046104281201688475,-0.2933058805407707,0.24720159934664018,MarketGridChoice,19
1718907218.5,2.451968,0.0016969326105307002,-0.2750076966801609,0.27670462929781664,MarketGridChoice,19
1718907218.75,2.458163,0.008299722406662042,-0.25675281330390054,0.26505253571726617,MarketGridChoice,19
1718907219.0,2.43638,-0.014917157355909053,-0.23860049849615572,0.2236833411465434,MarketGridChoice,19
1718907219.25,2.401782,-0.051792592604747834,-0.22060221000936422,0.16880961741052325,MarketGridChoice,19
1718907219.5,2.360776,-0.09549783850953607,-0.20280211662895364,0.10730427812495286,MarketGridChoice,19
1718907219.75,2.323616,-0.135103919029995,-0.18523805648726244,0.050134137462449824,MarketGridChoice,19
1718907220.0,2.287736,-0.17334574274027625,-0.1679428661091656,-0.005402876626262765,MarketGridChoice,19
1718907220.25,2.256983,-0.20612307843041838,-0.1509459916099962,-0.055177086815890994,MarketGridChoice,19
1718907220.5,2.233917,-0.230707412480066,-0.13427527678953374,-0.09643213568630081,MarketGridChoice,19
1718907220.75,2.20957,-0.2566570691655239,-0.11795881288212415,-0.13869825627945243,MarketGridChoice,19
1718907221.0,2.191631,-0.27577691519503145,-0.10202673193165639,-0.17375018325969757,MarketGridChoice,19
1718907221.25,2.174972,-0.2935325044143622,-0.08651283016841035,-0.2070196742425307,MarketGridChoice,19
1718907221.5,2.171128,-0.29762953814742577,-0.0714559189233187,-0.22617361922092893,MarketGridChoice,19
1718907221.75,2.199319,-0.2675828477289043,-0.05690081765965263,-0.21068203006630198,MarketGridChoice,19
1718907222.0,2.248013,-0.21568353435798893,-0.04289892539953962,-0.1727846089557112,MarketGridChoice,19
1718907222.25,2.326179,-0.13237220793274126,-0.029508331633256828,-0.1028638762969376,MarketGridChoice,19
1718907222.5,2.390249,-0.06408475962957164,-0.01679345397407607,-0.04729130565311526,MarketGridChoice,19
1718907222.75,2.463289,0.013763144601169022,-0.0048242155495967776,0.01858736015300866,MarketGridChoice,19
1718907223.0,2.524797,0.0793199476327185,0.0063252012867164075,0.07299474634813963,MarketGridChoice,19
1718907223.25,2.561958,0.11892709397881054,0.01657796826592099,0.10234912571495534,MarketGridChoice,19
1718907223.5,2.588867,0.14760739593588862,0.02585651926318864,0.12175087667472748,MarketGridChoice,19
1718907223.75,2.581179,0.13941332846976148,0.03408467011239579,0.10532865835938678,MarketGridChoice,19
1718907224.0,2.531204,0.08614869246303533,0.0411898612942289,0.04495883117085017,MarketGridChoice,19
1718907224.25,2.494043,0.04654154611694376,0.047105433095123196,-0.0005638869760877518,MarketGridChoice,19
1718907224.5,2.49148,0.04380983501969051,0.051772844947720144,-0.007963009925869166,MarketGridChoice,19
1718907224.75,2.510701,0.06429606951064144,0.055143755603595766,0.009152313909291429,MarketGridChoice,19
1718907225.0,2.519671,0.073856525438212,0.05718188785434037,0.01667463758621497,MarketGridChoice,19
1718907225.25,2.523515,0.07795355917127557,0.057864610225038776,0.020088948948686104,MarketGridChoice,19
1718907225.5,2.555551,0.11209834914849325,0.05718417815091316,0.054914171000140136,MarketGridChoice,19
1718907225.75,2.583742,0.14214503956701474,0.05514858847848608,0.08699645109120087,MarketGridChoice,19
1718907226.0,2.57349,0.13121819517800123,0.05178201358769192,0.07943618159309201,MarketGridChoice,19
1718907226.25,2.538892,0.09434275992916294,0.047124794817061486,0.047217965114990317,MarketGridChoice,19
1718907226.5,2.513264,0.0670277806078947,0.041232988867809316,0.025794791743073704,MarketGridChoice,19
1718907226.75,2.49148,0.04380983501969051,0.03417747500320348,0.009632360019566168,MarketGridChoice,19
1718907227.0,2.467133,0.01786017833423259,0.02604264459728684,-0.00818246625989432,MarketGridChoice,19
1718907227.25,2.455601,0.005569077135041887,0.01692470738114605,-0.011355630242874115,MarketGridChoice,19
1718907227.5,2.451756,0.0014709775763452188,0.006929660149759376,-0.005458682570124647,MarketGridChoice,19
1718907227.75,2.444068,-0.006723089889781916,-0.0038290265537556465,-0.0028940633326872307,MarketGridChoice,19
1718907228.0,2.435098,-0.016283545817352467,-0.015232940300520807,-0.0010506055134516662,MarketGridChoice,19
1718907228.25,2.428691,-0.023112290647669287,-0.027161407570721607,0.00404911692646661,MarketGridChoice,19
1718907228.5,2.41844,-0.034038069211050154,-0.03949424952020356,0.005456180312597703,MarketGridChoice,19
1718907228.75,2.408189,-0.04496384777443054,-0.05211453616242004,0.007150688391462073,MarketGridChoice,19
1718907229.0,2.390249,-0.06408475962957164,-0.06491126153786174,0.0008265019117920658,MarketGridChoice,19
1718907229.25,2.372309,-0.08320567148471227,-0.07778186329338281,-0.005423808187793998,MarketGridChoice,19
1718907229.5,2.3454,-0.11188597344179034,-0.09063451268455357,-0.021251460753660547,MarketGridChoice,19
1718907229.75,2.328741,-0.12964156266112112,-0.10339010537285635,-0.026251457284637385,MarketGridChoice,19
1718907230.0,2.312083,-0.1473960860548188,-0.11598388953100935,-0.031412196520117674,MarketGridChoice,19
1718907230.25,2.297987,-0.16241996417689586,-0.12836667566947255,-0.03405328850365136,MarketGridChoice,19
1718907230.5,2.280048,-0.18153981020640386,-0.14050558216903267,-0.0410342280335014,MarketGridChoice,19
1718907230.75,2.268515,-0.19383197723122766,-0.1523842815907279,-0.04144769563651349,MarketGridChoice,19
1718907231.0,2.256983,-0.20612307843041838,-0.16400272521097953,-0.0421203532153169,MarketGridChoice,19
1718907231.25,2.246731,-0.21704992281943186,-0.17537633661757307,-0.0416735861975821,MarketGridChoice,19
1718907231.5,2.242887,-0.22114695655249542,-0.18653467927947534,-0.03461227726857071,MarketGridChoice,19
1718907231.75,2.235198,-0.22934208984425566,-0.19751961741782129,-0.03182247242179671,MarketGridChoice,19
1718907232.0,2.230073,-0.23480444621312954,-0.20838300388666767,-0.026421442321623745,MarketGridChoice,19
1718907232.25,2.222384,-0.2429995795048898,-0.21918394274887143,-0.023815636750972168,MarketGridChoice,19
1718907232.5,2.20957,-0.2566570691655239,-0.22998568744842093,-0.026671381711846603,MarketGridChoice,19
1718907232.75,2.195475,-0.27167988146196786,-0.2408522476069761,-0.03082763384952961,MarketGridChoice,19
1718907233.0,2.196756,-0.2703145588261575,-0.25184478821229594,-0.018469770608205014,MarketGridChoice,19
1718907233.25,2.194193,-0.27304626992341124,-0.26301791404964947,-0.010028355867929963,MarketGridChoice,19
1718907233.5,2.183942,-0.28397204848679164,-0.2744159394023493,-0.009556109078462329,MarketGridChoice,19
1718907233.75,2.185224,-0.2826056600253487,-0.2860692480776719,0.0034635880584162407,MarketGridChoice,19
1718907234.0,2.176254,-0.2921661159529188,-0.2979908514877519,0.005824735540996089,MarketGridChoice,19
1718907234.25,2.168565,-0.30036124924467905,-0.3101732526608444,0.00981200342234793,MarketGridChoice,19
1718907234.5,2.158314,-0.3112870278080599,-0.32258572156004406,0.011298693758130085,MarketGridChoice,19
1718907234.75,2.157033,-0.31265235044386974,-0.33517208188573566,0.022519731447914564,MarketGridChoice,19
1718907235.0,2.153188,-0.3167504500025664,-0.3478491016316483,0.031098651634970477,MarketGridChoice,19
1718907235.25,2.148063,-0.3222128063714403,-0.36050556909944403,0.03829276273366998,MarketGridChoice,19
1718907235.5,2.141656,-0.3290415512017576,-0.37300212294868984,0.04396057175231669,MarketGridChoice,19
1718907235.75,2.133967,-0.33723668449351735,-0.3851718893167007,0.047935204828231756,MarketGridChoice,19
1718907236.0,2.128842,-0.3426990408623912,-0.3968219612971628,0.054122920439436686,MarketGridChoice,19
1718907236.25,2.126279,-0.34543075195964495,-0.4077357363957235,0.06230498444032155,MarketGridChoice,19
1718907236.5,2.11859,-0.3536258852514047,-0.4176761063276841,0.06405022108007084,MarketGridChoice,19
1718907236.75,2.113465,-0.3590882416202786,-0.4263894710892341,0.0673012294722764,MarketGridChoice,19
1718907237.0,2.108339,-0.3645516638147856,-0.4336105260752522,0.0690588622633086,MarketGridChoice,19
1718907237.25,2.104495,-0.3686486975478491,-0.4390677476404247,0.07041905009494072,MarketGridChoice,19
1718907237.5,2.103214,-0.3700140201836595,-0.4424894794589841,0.07247545927722424,MarketGridChoice,19
1718907237.75,2.103214,-0.3700140201836595,-0.44361049992198326,0.07359647973977794,MarketGridChoice,19
1718907238.0,2.108339,-0.3645516638147856,-0.4421789302384851,0.07762726642473534,MarketGridChoice,19
1718907238.25,2.107058,-0.3659169864505959,-0.43796332451890324,0.07204633806895804,MarketGridChoice,19
1718907238.5,2.101932,-0.3713804086451024,-0.4307597675732946,0.05937935892849621,MarketGridChoice,19
1718907238.75,2.104495,-0.3686486975478491,-0.42039879412683046,0.051750096578982455,MarketGridChoice,19
1718907239.0,2.082711,-0.39186664313605335,-0.40675193531555354,0.014885292179246596,MarketGridChoice,19
1718907239.25,2.058364,-0.41781629982151125,-0.38973769533741515,-0.028078604484552697,ForecastPage,19
1718907239.5,2.058364,-0.41781629982151125,-0.3693267636013344,-0.04848953622078282,ForecastPage,19
1718907239.75,2.058364,-0.41781629982151125,-0.34554627613610295,-0.07227002368610927,ForecastPage,19
1718907240.0,2.058364,-0.41781629982151125,-0.31848295471238963,-0.09933334510986348,ForecastPage,19
1718907240.25,2.059646,-0.4164499113600683,-0.2882849731837321,-0.12816493817706592,ForecastPage,19
1718907240.5,2.055801,-0.4205480109187645,-0.25516242779264653,-0.16538558312678422,ForecastPage,19
1718907240.75,2.150625,-0.31948216109982014,-0.21938632117865373,-0.10009583992172155,ForecastPage,19
1718907241.0,2.149344,-0.32084748373563,-0.18128600787925508,-0.13956147585677603,ForecastPage,19
1718907241.25,2.160877,-0.30855531671080616,-0.14124509132176133,-0.1673102253892552,ForecastPage,19
1718907241.5,2.166003,-0.30309189451629964,-0.09969580757686539,-0.20339608693942424,ForecastPage,19
1718907241.75,2.182661,-0.285337371122602,-0.0571119782820427,-0.22822539284030746,ForecastPage,19
1718907242.0,2.204445,-0.2621194255343973,-0.014000662852917563,-0.24811876268097313,ForecastPage,19
1718907242.25,2.210852,-0.2552906807040805,0.0291073130335272,-0.28439799373684177,ForecastPage,19
1718907242.5,2.251857,-0.21158650062492487,0.07166773128951226,-0.28325423191341537,ForecastPage,19
1718907242.75,2.330023,-0.1282751741996777,0.11313399610182241,-0.24140917030023262,ForecastPage,19
1718907243.0,2.468415,0.01922656679567553,0.15296849424459139,-0.1337419274474178,ForecastPage,19
1718907243.25,2.70932,0.27598929090173435,0.1906539807765188,0.08533531012692572,ForecastPage,19
1718907243.5,2.979697,0.5641640280621245,0.22570465584516228,0.3384593722188638,ForecastPage,19
1718907243.75,3.116333,0.7097941792460164,0.2576765974067374,0.45211758184134937,ForecastPage,19
1718907244.0,3.184248,0.7821797271078832,0.2861772283864023,0.49600249872369484,ForecastPage,19
1718907244.25,3.204751,0.8040323500602771,0.3108735256031605,0.4931588244594437,ForecastPage,19
1718907244.5,3.159901,0.7562300704224252,0.3314987207388499,0.4247313496859797,ForecastPage,19
1718907244.75,3.088142,0.6797474888274949,0.34785729842271906,0.3318901904072147,ForecastPage,19
1718907245.0,3.016384,0.6032659730581976,0.3598281597353681,0.243437813325254,ForecastPage,19
1718907245.25,2.933092,0.5144912244384435,0.36736588714381674,0.1471253372969824,ForecastPage,19
1718907245.5,2.85877,0.43527693174625987,0.3705001150503905,0.06477681669809793,ForecastPage,19
1718907245.75,2.798544,0.3710865171761538,0.36933307512425495,0.0017534420539401518,ForecastPage,19
1718907246.0,2.738318,0.30689610260604727,0.3640354443695838,-0.05713934176174257,ForecastPage,19
1718907246.25,2.697313,0.26319192252689166,0.3548406742102756,-0.09164875168189499,ForecastPage,19
1718907246.5,2.662715,0.22631648727805337,0.3420380192538618,-0.11572153197467722,ForecastPage,19
1718907246.75,2.626835,0.18807466356777164,0.32596451406913196,-0.13788985050063243,ForecastPage,19
1718907247.0,2.601207,0.1607596842465039,0.306996165121082,-0.14623648087428964,ForecastPage,19
1718907247.25,2.560202,0.11705550416734826,0.2855386332980375,-0.16848312913086552,ForecastPage,19
1718907247.5,2.556358,0.1129584704342847,0.262017680964167,-0.14905921053053728,ForecastPage,19
1718907247.75,2.538418,0.09383755857914408,0.23686964717993247,-0.14303208860192407,ForecastPage,19
1718907248.0,2.516634,0.07061961299093941,0.2105321968544009,-0.13991258386506744,ForecastPage,19
1718907248.25,2.501257,0.05423041223305204,0.18343556545435866,-0.1292051532233605,ForecastPage,19
1718907248.5,2.49485,0.047401667402735215,0.15599449188212036,-0.10859282448185312,ForecastPage,19
1718907248.75,2.475629,0.02691543291178428,0.1286009996304936,-0.10168556672154686,ForecastPage,19
1718907249.0,2.470504,0.021453076542910395,0.10161815166525558,-0.08016507512549878,ForecastPage,19
1718907249.25,2.465378,0.015989654348403416,0.07537486893050824,-0.05938521458551371,ForecastPage,19
1718907249.5,2.460252,0.010526232153896907,0.05016186707724932,-0.03963563492695024,ForecastPage,19
1718907249.75,2.453845,0.0036974873235796116,0.02622873201471337,-0.02253124469484999,ForecastPage,19
1718907250.0,2.444875,-0.005862968603990464,0.0037821230690171675,-0.009645091676768996,ForecastPage,19
1718907250.25,2.435906,-0.015422358705927914,-0.01701493636372449,0.0015925776540641253,ForecastPage,19
1718907250.5,2.429499,-0.02225110353624521,-0.036042746199383545,0.01379164265950781,ForecastPage,19
1718907250.75,2.417966,-0.03454327056106901,-0.053223682151721484,0.01868041158719408,ForecastPage,19
1718907251.0,2.415403,-0.03727498165832226,-0.06852011780794186,0.031245136146399025,ForecastPage,19
1718907251.25,2.410277,-0.042738403852829246,-0.08193163396195731,0.03919323010620493,ForecastPage,19
1718907251.5,2.41844,-0.034038069211050154,-0.09349164182310013,0.059453572609476396,ForecastPage,19
1718907251.75,2.405626,-0.047695558871684265,-0.10326355153773815,0.055567992663873356,ForecastPage,19
1718907252.0,2.392812,-0.06135304853231791,-0.11133661834836013,0.049983569814288864,ForecastPage,19
1718907252.25,2.392812,-0.06135304853231791,-0.11782159595931958,0.056468547425700205,ForecastPage,19
1718907252.5,2.386405,-0.0681817933626352,-0.12284632065735876,0.05466452729388935,ForecastPage,19
1718907252.75,2.381279,-0.07364521555714172,-0.12655134089271997,0.05290612533521766,ForecastPage,19
1718907253.0,2.373591,-0.08183928302326933,-0.1290856958472587,0.04724641282410044,ForecastPage,19
1718907253.25,2.365902,-0.09003441631502909,-0.13060293349915733,0.04056851718470135,ForecastPage,19
1718907253.5,2.363339,-0.09276612741228281,-0.13125744434003794,0.038491316928773806,ForecastPage,19
1718907253.75,2.364621,-0.0913997389508394,-0.13120117169993806,0.03980143275054039,ForecastPage,19
1718907254.0,2.358214,-0.0982284837811567,-0.13058074405738967,0.032352260278070144,ForecastPage,19
1718907254.25,2.347962,-0.10915532817017018,-0.1295350591928451,0.020379731024875537,ForecastPage,19
1718907254.5,2.346681,-0.1105206508059805,-0.12819333498601523,0.0176726841825633,ForecastPage,19
1718907254.75,2.344118,-0.11325236190323375,-0.1266736274280114,0.013421265527596066,ForecastPage,19
1718907255.0,2.341555,-0.115984073000487,-0.12508180334452015,0.009097730347101683,ForecastPage,19
1718907255.25,2.332586,-0.12554346310242445,-0.12351094368533388,-0.0020325194138123602,ForecastPage,19
1718907255.5,2.326179,-0.13237220793274126,-0.1220411432526009,-0.010331064676692639,ForecastPage,19
1718907255.75,2.323616,-0.135103919029995,-0.12073966458411214,-0.014364254442304377,ForecastPage,19
1718907256.0,2.324897,-0.1337385963941847,-0.11966139749253986,-0.014077198897971946,ForecastPage,19
1718907256.25,2.31849,-0.1405673412245015,-0.11884957154182492,-0.021717769678942303,ForecastPage,19
1718907256.5,2.317209,-0.14193266386031184,-0.11833666651124357,-0.02359599734530172,ForecastPage,19
1718907256.75,2.312083,-0.1473960860548188,-0.11814546559147149,-0.029250620459573405,ForecastPage,19
1718907257.0,2.308239,-0.15149311978788238,-0.11829019756195773,-0.033202922222164005,ForecastPage,19
1718907257.25,2.303113,-0.1569565419823889,-0.11877771736132646,-0.03817882461733118,ForecastPage,19
1718907257.5,2.301832,-0.1583218646181992,-0.11960867909080954,-0.03871318552369916,ForecastPage,19
1718907257.75,2.295425,-0.1651506094485165,-0.12077866135491053,-0.044371948089962754,ForecastPage,19
1718907258.0,2.290299,-0.170614031643023,-0.12227921167459214,-0.048334819964836635,ForecastPage,19
1718907258.25,2.29158,-0.1692487090072127,-0.12409878419937541,-0.04514992480428954,ForecastPage,19
1718907258.5,2.295425,-0.1651506094485165,-0.1262235527538064,-0.038927056691202215,ForecastPage,19
1718907258.75,2.323616,-0.135103919029995,-0.12863808900811777,-0.0064658300183988715,ForecastPage,19
1718907259.0,2.369746,-0.08593738258196552,-0.13132590287017606,0.04538852029167326,ForecastPage,19
1718907259.25,2.377435,-0.07774224929020528,-0.1342698486716312,0.05652759938489008,ForecastPage,19
1718907259.5,2.355651,-0.10096019487840995,-0.13745240604359976,0.03649221116867494,ForecastPage,19
1718907259.75,2.335148,-0.1228128178308043,-0.14085584835934728,0.01804303053206983,ForecastPage,19
1718907260.0,2.31849,-0.1405673412245015,-0.14446231426566936,0.0038949730447573987,ForecastPage,19
1718907260.25,2.303113,-0.1569565419823889,-0.1482537993128148,-0.008702742665901611,ForecastPage,19
1718907260.5,2.305676,-0.15422483088513564,-0.1522120853043951,-0.0020127455769663703,ForecastPage,19
1718907260.75,2.308239,-0.15149311978788238,-0.15631862499398755,0.0048255052099976485,ForecastPage,19
1718907261.0,2.301832,-0.1583218646181992,-0.16055439934246893,0.0022325347282941554,ForecastPage,19
1718907261.25,2.301832,-0.1583218646181992,-0.16489976381357704,0.006577899199544369,ForecastPage,19
1718907261.5,2.295425,-0.1651506094485165,-0.16933429915551204,0.004183689711310425,ForecastPage,19
1718907261.75,2.292862,-0.16788232054576974,-0.1738366808025893,0.005954360261284809,ForecastPage,19
1718907262.0,2.286455,-0.17471106537608658,-0.17838457944809294,0.003673514076619363,ForecastPage,19
1718907262.25,2.289018,-0.17197935427883332,-0.18295460351671938,0.010975249242639637,ForecastPage,19
1718907262.5,2.282611,-0.17880809910915013,-0.1875222922425335,0.008714193138266242,ForecastPage,19
1718907262.75,2.272359,-0.1897349434981641,-0.19206216588328964,0.0023272223901228233,ForecastPage,19
1718907263.0,2.268515,-0.19383197723122766,-0.1965478373273692,0.002715860101235595,ForecastPage,19
1718907263.25,2.269797,-0.19246558876978426,-0.2009521870346466,0.00848659827003382,ForecastPage,19
1718907263.5,2.256983,-0.20612307843041838,-0.2052476009595218,-0.0008754774656676272,ForecastPage,19
1718907263.75,2.253138,-0.21022117798911505,-0.20940626889190803,-0.0008149090919400892,ForecastPage,19
1718907264.0,2.251857,-0.21158650062492487,-0.21340053857032976,0.0018140379506915087,ForecastPage,19
1718907264.25,2.248013,-0.21568353435798893,-0.21720331901072457,0.0015197846580258583,ForecastPage,19
1718907264.5,2.244168,-0.21978163391668512,-0.22078852478522923,0.0010068908738245165,ForecastPage,19
1718907264.75,2.239043,-0.225243990285559,-0.22413155149735015,-0.0011124387829482057,ForecastPage,19
1718907265.0,2.235198,-0.22934208984425566,-0.22720977144604404,-0.002132318392977175,ForecastPage,19
1718907265.25,2.233917,-0.230707412480066,-0.23000303746011766,-0.0007043750147426942,ForecastPage,19
1718907265.5,2.240324,-0.22387866764974867,-0.23249418212236037,0.008615514477789481,ForecastPage,19
1718907265.75,2.20957,-0.2566570691655239,-0.23466949909265242,-0.02198757006771752,ForecastPage,19
1718907266.0,2.256983,-0.20612307843041838,-0.23651919297959767,0.03039611455431597,ForecastPage,19
1718907266.25,2.235198,-0.22934208984425566,-0.2380377841977726,0.008695694358645005,ForecastPage,19
1718907266.5,2.219822,-0.24573022477650994,-0.23922445548175755,-0.006505769289622702,ForecastPage,19
1718907266.75,2.21854,-0.24709661323795334,-0.24008332721855138,-0.007013286014259507,ForecastPage,19
1718907267.0,2.221103,-0.24436490214070009,-0.2406236495353738,-0.003741252600159523,ForecastPage,19
1718907267.25,2.221103,-0.24436490214070009,-0.2408599001831811,-0.003505001952316309,ForecastPage,19
1718907267.5,2.223666,-0.24163319104344635,-0.24081177872303713,-0.0008214123151588267,ForecastPage,19
1718907267.75,2.219822,-0.24573022477650994,-0.24050408936042766,-0.005226135410772048,ForecastPage,19
1718907268.0,2.222384,-0.2429995795048898,-0.239966506961331,-0.0030330725381763866,ForecastPage,19
1718907268.25,2.221103,-0.24436490214070009,-0.23923322329028632,-0.005131678844946821,ForecastPage,19
1718907268.5,2.215977,-0.2498283243352066,-0.23834247330123573,-0.01148585102840735,ForecastPage,19
1718907268.75,2.212133,-0.25392535806827016,-0.23733594435385194,-0.016589413708747086,ForecastPage,19
1718907269.0,2.208289,-0.25802239180133374,-0.23625807448390448,-0.021764317311641072,ForecastPage,19
1718907269.25,2.205726,-0.26075410289858747,-0.23515524927483888,-0.02559885361783592,ForecastPage,19
1718907269.5,2.207008,-0.25938771443714403,-0.23407491038350514,-0.02531280404759647,ForecastPage,19
1718907269.75,2.212133,-0.25392535806827016,-0.23306459225552184,-0.02086076580657372,ForecastPage,19
1718907270.0,2.226229,-0.23890147994619312,-0.2321709068756313,-0.006730573064255577,ForecastPage,19
1718907270.25,2.233917,-0.230707412480066,-0.2314384993529714,0.0007310868793400892,MarketWaitPage,19
1718907270.5,2.240324,-0.22387866764974867,-0.23090899954269928,0.007030331899508057,MarketWaitPage,19
1718907270.75,2.244168,-0.21978163391668512,-0.23061999656872362,0.01083836265871082,MarketWaitPage,19
1718907271.0,2.250575,-0.21295288908636828,-0.23060406389443797,0.01765117481484706,MarketWaitPage,19
1718907271.25,2.25442,-0.2088547895276716,-0.2308878624089162,0.02203307288811549,MarketWaitPage,19
1718907271.5,2.251857,-0.21158650062492487,-0.2314913478428362,0.019904847224862774,MarketWaitPage,19
1718907271.75,2.251857,-0.21158650062492487,-0.2324271067516315,0.0208406061337243,MarketWaitPage,19
1718907272.0,2.240324,-0.22387866764974867,-0.23369984240535302,0.00982117476267235,MarketWaitPage,19
1718907272.25,2.239043,-0.225243990285559,-0.23530602834744033,0.010062038068981802,MarketWaitPage,19
1718907272.5,2.237761,-0.2266103787470024,-0.23723374329316713,0.010623364553278034,MarketWaitPage,19
1718907272.75,2.230073,-0.23480444621312954,-0.23946269660103733,0.004658250395013226,MarketWaitPage,19
1718907273.0,2.231354,-0.23343912357731922,-0.24196444891992558,0.008525325349682658,MarketWaitPage,19
1718907273.25,2.232636,-0.23207273511587628,-0.24470282791995393,0.012630092811103916,MarketWaitPage,19
1718907273.5,2.224947,-0.24026786840763653,-0.24763453436118427,0.007366665960504113,MarketWaitPage,19
1718907273.75,2.21854,-0.24709661323795334,-0.2507099292302909,0.003613315999205737,MarketWaitPage,19
1718907274.0,2.221103,-0.24436490214070009,-0.25387398836320146,0.009509086229265466,MarketWaitPage,19
1718907274.25,2.210852,-0.2552906807040805,-0.2570674069511998,0.0017767262537663055,RoundResultsPage,19
1718907274.5,2.2006,-0.266217525093094,-0.26022783267703564,-0.005989692409537844,RoundResultsPage,19
1718907274.75,2.201882,-0.26485113663165105,-0.2632912030170802,-0.001559933608182098,RoundResultsPage,19
1718907275.0,2.196756,-0.2703145588261575,-0.26619315953325223,-0.0041213992866492785,RoundResultsPage,19
1718907275.25,2.190349,-0.2771433036564748,-0.2688705098029013,-0.00827279384744678,RoundResultsPage,19
1718907275.5,2.199319,-0.2675828477289043,-0.27126270601098007,0.0036798582880813897,RoundResultsPage,19
1718907275.75,2.204445,-0.2621194255343973,-0.27331330814852556,0.011193882620024232,RoundResultsPage,19
1718907276.0,2.208289,-0.25802239180133374,-0.27497139920163227,0.016949007406099708,RoundResultsPage,19
1718907276.25,2.203163,-0.2634858139958407,-0.2761929196528073,0.012707105662690376,RoundResultsPage,19
1718907276.5,2.198038,-0.2689481703647146,-0.2769418890485024,0.007993718689454057,RoundResultsPage,19
1718907276.75,2.2006,-0.266217525093094,-0.2771914833456818,0.010973958258218213,RoundResultsPage,19
1718907277.0,2.192912,-0.2744115925592211,-0.2769249383089795,0.0025133457553762374,RoundResultsPage,19
1718907277.25,2.182661,-0.285337371122602,-0.2761362514866639,-0.009201119630309156,RoundResultsPage,19
1718907277.5,2.174972,-0.2935325044143622,-0.2748306583501912,-0.018701846058507478,RoundResultsPage,19
1718907277.75,2.173691,-0.29489782705017253,-0.2730248621227743,-0.02187296492167812,RoundResultsPage,19
1718907278.0,2.168565,-0.30036124924467905,-0.2707470016943373,-0.02961424754454498,RoundResultsPage,19
1718907278.25,2.17241,-0.2962631496859824,-0.268036347815867,-0.028226801864224674,RoundResultsPage,19
1718907278.5,2.169847,-0.2989948607832361,-0.26494272441100464,-0.0340521363662329,RoundResultsPage,19
1718907278.75,2.174972,-0.2935325044143622,-0.26152565919501125,-0.03200684521323416,RoundResultsPage,19
1718907279.0,2.169847,-0.2989948607832361,-0.25785327565212934,-0.0411415851248655,RoundResultsPage,19
1718907279.25,2.164721,-0.3044582829777426,-0.25400094654939437,-0.05045733642197957,RoundResultsPage,19
1718907279.5,2.182661,-0.285337371122602,-0.25004973728215113,-0.03528763383395501,RoundResultsPage,19
1718907279.75,2.194193,-0.27304626992341124,-0.24608467514801646,-0.026961594768774216,RoundResultsPage,19
1718907280.0,2.173691,-0.29489782705017253,-0.24219288779649584,-0.05270493924693588,RoundResultsPage,19
1718907280.25,2.167284,-0.30172657188048935,-0.23846166024172707,-0.06326491163190674,RoundResultsPage,19
1718907280.5,2.176254,-0.2921661159529188,-0.23497646458440605,-0.05718965136154843,RoundResultsPage,19
1718907280.75,2.233917,-0.230707412480066,-0.2318190195862324,0.0011116071132335793,RoundResultsPage,19
1718907281.0,2.432535,-0.01901525691460572,-0.2290654380798265,0.2100501811723851,RoundResultsPage,19
1718907281.25,2.433817,-0.01764886845316278,-0.2267845184807835,0.20913565003487664,RoundResultsPage,19
1718907281.5,2.319772,-0.13920095276305858,-0.22503623209889648,0.08583527934317921,RoundResultsPage,19
1718907281.75,2.269797,-0.19246558876978426,-0.22387045052352023,0.031404861761154895,RoundResultsPage,19
1718907282.0,2.264671,-0.19792901096429125,-0.22332594755226692,0.025396936595462494,RoundResultsPage,19
1718907282.25,2.246731,-0.21704992281943186,-0.22342969884341007,0.006379776031521567,RoundResultsPage,19
1718907282.5,2.23648,-0.22797570138281273,-0.2241964907643092,-0.0037792106109163087,RoundResultsPage,19
1718907282.75,2.230073,-0.23480444621312954,-0.22562883869300995,-0.00917560751250178,RoundResultsPage,19
1718907283.0,2.215977,-0.2498283243352066,-0.22771720491197708,-0.02211111941559417,RoundResultsPage,19
1718907283.25,2.210852,-0.2552906807040805,-0.23044049753108534,-0.02485018316535481,RoundResultsPage,19
1718907283.5,2.226229,-0.23890147994619312,-0.23376682471670465,-0.005134655221854589,RoundResultsPage,19
1718907283.75,2.231354,-0.23343912357731922,-0.2376544728865247,0.004215349316822912,RoundResultsPage,19
1718907284.0,2.221103,-0.24436490214070009,-0.24205307337713072,-0.002311828755976894,RoundResultsPage,19
1718907284.25,2.205726,-0.26075410289858747,-0.24690491928419,-0.01384918360683753,RoundResultsPage,19
1718907284.5,2.198038,-0.2689481703647146,-0.2521463925956517,-0.016801777761542125,RoundResultsPage,19
1718907284.75,2.192912,-0.2744115925592211,-0.25770946129716565,-0.016702131254579748,RoundResultsPage,19
1718907285.0,2.185224,-0.2826056600253487,-0.26352320676054536,-0.01908245325737791,RoundResultsPage,19
1718907285.25,2.181379,-0.2867037595840449,-0.26951534336174,-0.017188416214933958,RiskPage1,19
1718907285.5,2.176254,-0.2921661159529188,-0.27561369481824877,-0.01655242112735668,RiskPage1,19
1718907285.75,2.166003,-0.30309189451629964,-0.28174759505898844,-0.021344299450057613,RiskPage1,19
1718907286.0,2.16344,-0.30582360561355293,-0.28784918539177146,-0.017974420214588865,RiskPage1,19
1718907286.25,2.16344,-0.30582360561355293,-0.29385458415319693,-0.01196902145322442,RiskPage1,19
1718907286.5,2.159595,-0.3099217051722496,-0.2997049097468258,-0.0102167954183521,RiskPage1,19
1718907286.75,2.155751,-0.3140187389053131,-0.3053471428312319,-0.008671596067066637,RiskPage1,19
1718907287.0,2.162158,-0.3071899940749963,-0.31073481824840643,0.0035448241803724308,RiskPage1,19
1718907287.25,2.157033,-0.31265235044386974,-0.3158285419385272,0.0031761915015737496,RiskPage1,19
1718907287.5,2.150625,-0.31948216109982014,-0.32059633244820385,0.0011141713552618527,RiskPage1,19
1718907287.75,2.149344,-0.32084748373563,-0.325013790618224,0.004166306889443347,RiskPage1,19
1718907288.0,2.1455,-0.3249445174686935,-0.32906410458263397,0.004119587120772147,RiskPage1,19
1718907288.25,2.139093,-0.33177326229901083,-0.33273790030671063,0.0009646380145274195,RiskPage1,19
1718907288.5,2.135249,-0.3358702960320744,-0.3360329505446393,0.00016265451940452105,RiskPage1,19
1718907288.75,2.126279,-0.34543075195964495,-0.3389537573292575,-0.006476994623517432,RiskPage1,19
1718907289.0,2.123716,-0.3481624630568982,-0.3415110249401693,-0.006651438109808661,RiskPage1,19
1718907289.25,2.123716,-0.3481624630568982,-0.3437210417518041,-0.004441421298103123,RiskPage1,19
1718907289.5,2.11859,-0.3536258852514047,-0.3456049904450484,-0.008020894799273592,RiskPage1,19
1718907289.75,2.110902,-0.3618199527175323,-0.34718820676112144,-0.014631745949215704,RiskPage1,19
1718907290.0,2.132686,-0.33860200712932764,-0.3484994072508311,0.009897400128830388,RiskPage1,19
1718907290.25,2.13653,-0.33450497339626406,-0.34956990627730566,0.015064932888517436,RiskPage1,19
1718907290.5,2.139093,-0.33177326229901083,-0.35043284181015605,0.018659579518784296,RiskPage1,19
1718907290.75,2.133967,-0.33723668449351735,-0.35112242825776174,0.01388574377205842,RiskPage1,19
1718907291.0,2.128842,-0.3426990408623912,-0.35167325270927974,0.008974211854886945,RiskPage1,19
1718907291.25,2.137811,-0.33313965076045376,-0.35211962853845497,0.01897997778619174,RiskPage2,19
1718907291.5,2.149344,-0.32084748373563,-0.3524950174477751,0.03164753372053428,RiskPage2,19
1718907291.75,2.1455,-0.3249445174686935,-0.3528315278270551,0.027887010366953832,RiskPage2,19
1718907292.0,2.131404,-0.3399683955907711,-0.35315949390551027,0.01319109832353619,RiskPage2,19
1718907292.25,2.137811,-0.33313965076045376,-0.3535071367491362,0.02036748599768256,RiskPage2,19
1718907292.5,2.122435,-0.34952778569270854,-0.35390030487926444,0.004372519195753714,RiskPage2,19
1718907292.75,2.109621,-0.36318527535334216,-0.3543622893663935,-0.008822985977563268,RiskPage2,19
1718907293.0,2.098088,-0.37547744237816594,-0.35491370588469173,-0.020563736483915778,RiskPage2,19
1718907293.25,2.091681,-0.38230618720848325,-0.35557243456201854,-0.026733752636751658,RiskPage2,19
1718907293.5,2.090399,-0.3836725756699262,-0.35635360763285995,-0.027318968027220697,RiskPage2,19
1718907293.75,2.092962,-0.38094086457267295,-0.35726963492213176,-0.02367122964058848,RiskPage2,19
1718907294.0,2.092962,-0.38094086457267295,-0.3583302579928085,-0.022610606569832124,RiskPage2,19
1718907294.25,2.091681,-0.38230618720848325,-0.3595426252371969,-0.02276356196120385,RiskPage2,19
1718907294.5,2.090399,-0.3836725756699262,-0.36091138208395823,-0.02276119357586605,RiskPage2,19
1718907294.75,2.101932,-0.3713804086451024,-0.3624387726096724,-0.008941636025340108,RiskPage2,19
1718907295.0,2.107058,-0.3659169864505959,-0.3641247509613249,-0.0017922354792239796,RiskPage2,19
1718907295.25,2.126279,-0.34543075195964495,-0.36596710290238854,0.020536350952718954,RiskPage2,19
1718907295.5,2.119872,-0.35225949678996177,-0.36796157930276946,0.015702082522686216,RiskPage2,19
1718907295.75,2.119872,-0.35225949678996177,-0.37010204435967303,0.017842547579472443,RiskPage2,19
1718907296.0,2.11859,-0.3536258852514047,-0.37238064168899226,0.01875475644721694,RiskPage2,19
1718907296.25,2.109621,-0.36318527535334216,-0.3747879811730053,0.011602705829153001,RiskPage3,19
1718907296.5,2.107058,-0.3659169864505959,-0.3773133486707744,0.01139636222952761,RiskPage3,19
1718907296.75,2.098088,-0.37547744237816594,-0.37994493952066494,0.0044674971517128115,RiskPage3,19
1718907297.0,2.095525,-0.37820915347541967,-0.38267011533533973,0.00446096186900964,RiskPage3,19
1718907297.25,2.094244,-0.3795744761112295,-0.3854756820480012,0.00590120594575253,RiskPage3,19
1718907297.5,2.090399,-0.3836725756699262,-0.3883481856340659,0.004675609973030854,RiskPage3,19
1718907297.75,2.082711,-0.39186664313605335,-0.391274220498974,-0.0005924226282569452,RiskPage3,19
1718907298.0,2.081429,-0.39323303159749673,-0.39424074426157973,0.0010077126728590775,RiskPage3,19
1718907298.25,2.076304,-0.3986953879663706,-0.3972353916276908,-0.001459996329927082,RiskPage3,19
1718907298.5,2.071178,-0.4041588101608771,-0.40024677928125,-0.003912030870874397,RiskPage3,19
1718907298.75,2.071178,-0.4041588101608771,-0.4032647932503027,-0.0008940169017983298,RiskPage3,19
1718907299.0,2.066053,-0.409621166529751,-0.40628085004625214,-0.003340316474676,RiskPage3,19
1718907299.25,2.064771,-0.41098755499119444,-0.40928812302939194,-0.0016994319529100347,RiskPage3,19
1718907299.5,2.057083,-0.41918162245732155,-0.4122817259116716,-0.0068998965366658185,RiskPage3,19
1718907299.75,2.051957,-0.42464504465182856,-0.41525884605189256,-0.009386198590839256,RiskPage3,19
1718907300.0,2.053239,-0.4232786561903851,-0.41821882120631015,-0.005059834974846484,RiskPage3,19
1718907300.25,2.050676,-0.4260103672876384,-0.4211631546396018,-0.00484721263866025,RiskPage3,19
1718907300.5,2.048113,-0.42874207838489214,-0.424095464938304,-0.00464661343705163,RiskPage3,19
1718907300.75,2.049394,-0.4273767557490818,-0.4270213684517092,-0.0003553872876682273,RiskPage3,19
1718907301.0,2.048113,-0.42874207838489214,-0.42994829395880035,0.0012062155837839587,RiskPage3,19
1718907301.25,2.044269,-0.43283911211795567,-0.4328852308715435,4.6118763634320865e-05,RiskPage4,19
1718907301.5,2.037862,-0.4396678569482725,-0.4358424139918184,-0.0038254429462409776,RiskPage4,19
1718907301.75,2.035299,-0.44239956804552577,-0.4388309495117451,-0.0035686185234082746,RiskPage4,19
1718907302.0,2.030173,-0.44786299024003273,-0.4418623885675521,-0.006000601661958624,RiskPage4,19
1718907302.25,2.032736,-0.4451312791427795,-0.4449482562137965,-0.00018302291832260359,RiskPage4,19
1718907302.5,2.026329,-0.4519600239730963,-0.44809954516357803,-0.003860478798731439,RiskPage4,19
1718907302.75,2.021203,-0.4574234461676033,-0.45132618501951227,-0.00609726113718967,RiskPage4,19
1718907303.0,2.021203,-0.4574234461676033,-0.45463649897073793,-0.0027869471858611135,RiskPage4,19
1718907303.25,2.014796,-0.4642521909979201,-0.45803666102106594,-0.006215529965757243,RiskPage4,19
1718907303.5,2.014796,-0.4642521909979201,-0.4615301677093726,-0.002722023277366462,RiskPage4,19
1718907303.75,2.013515,-0.46561751363373044,-0.4651173389503682,-0.0005001746721041804,RiskPage4,19
1718907304.0,2.005826,-0.4738126469254907,-0.46879486302417667,-0.0050177838899842404,RiskPage4,19
1718907304.25,2.003264,-0.47654329219711083,-0.47255540083821035,-0.003987891347501937,RiskPage4,19
1718907304.5,2.003264,-0.47654329219711083,-0.4763872643384866,-0.0001560278471573304,RiskPage4,19
1718907304.75,1.998138,-0.4820067143916178,-0.48027418332764804,-0.001732531052432305,RiskPage4,19
1718907305.0,1.998138,-0.4820067143916178,-0.4841951739244427,0.0021884595444377685,RiskPage4,19
1718907305.25,2.001982,-0.4779096806585542,-0.488124520447753,0.010214839800894519,RiskPage4,19
1718907305.5,1.999419,-0.4806413917558075,-0.4920318806061412,0.011390488862121585,RiskPage4,19
1718907305.75,1.991731,-0.48883545922193483,-0.49588252151168677,0.007047062301641684,RiskPage4,19
1718907306.0,1.994294,-0.4861037481246814,-0.4996376912246577,0.01353394311197716,RiskPage4,19
1718907306.25,1.99045,-0.49020078185774496,-0.5032551273089917,0.013054345463367588,PreMarketWait,20
1718907306.5,1.986605,-0.4942988814164416,-0.5066897002993185,0.012390818895125628,PreMarketWait,20
1718907306.75,1.986605,-0.4942988814164416,-0.5098941861306198,0.015595304726561721,PreMarketWait,20
1718907307.0,1.986605,-0.4942988814164416,-0.5128201575583793,0.018521276154462057,PreMarketWait,20
1718907307.25,1.980198,-0.5011276262467587,-0.5154189805084004,0.014291354274312218,PreMarketWait,20
1718907307.5,1.978917,-0.5024929488825688,-0.5176428972604283,0.01514994839068087,PreMarketWait,20
1718907307.75,1.975073,-0.5065899826156323,-0.5194461745180787,0.012856191915422636,PreMarketWait,20
1718907308.0,1.969947,-0.5120534048101393,-0.5207862908880335,0.008732886091028277,PreMarketWait,20
1718907308.25,1.967384,-0.5147851159073925,-0.5216251352267095,0.0068400193326100655,PreMarketWait,20
1718907308.5,1.967384,-0.5147851159073925,-0.5219301848517246,0.007145068957783148,PreMarketWait,20
1718907308.75,1.967384,-0.5147851159073925,-0.5216756308862461,0.0068905149924591465,PreMarketWait,20
1718907309.0,1.964821,-0.5175168270046461,-0.5208434171178076,0.0033265901269156277,PreMarketWait,20
1718907309.25,1.962259,-0.5202474722762664,-0.5194241588024021,-0.0008233134599689423,PreMarketWait,20
1718907309.5,1.959696,-0.5229791833735197,-0.5174179089062486,-0.005561274453243481,PreMarketWait,20
1718907309.75,1.953289,-0.5298079282038367,-0.5148347414132725,-0.014973186776414946,PreMarketWait,20
1718907310.0,1.955852,-0.5270762171065835,-0.5116951245796254,-0.015381092512698778,PreMarketWait,20
1718907310.25,1.949445,-0.5339049619369003,-0.508030061404412,-0.02587490051813218,PreMarketWait,20
1718907310.5,1.944319,-0.5393683841314073,-0.5038809800878192,-0.03548740402914882,PreMarketWait,20
1718907310.75,1.941756,-0.5421000952286605,-0.4992993637971626,-0.04280073141698889,PreMarketWait,20
1718907311.0,1.940475,-0.5434654178644709,-0.4943461165374049,-0.04911930131250019,PreMarketWait,20
1718907311.25,1.940475,-0.5434654178644709,-0.48909067014452273,-0.054374747705337866,PreMarketWait,20
1718907311.5,1.940475,-0.5434654178644709,-0.4836098461396697,-0.05985557171015816,PreMarketWait,20
1718907311.75,1.940475,-0.5434654178644709,-0.4779864950808186,-0.06547892276898748,PreMarketWait,20
1718907312.0,1.962259,-0.5202474722762664,-0.47230794473966486,-0.04793952752192547,PreMarketWait,20
1718907312.25,1.991731,-0.48883545922193483,-0.4666642964682454,-0.022171162739012883,PreMarketWait,20
1718907312.5,2.026329,-0.4519600239730963,-0.46114661601129814,0.00918659205286728,PreMarketWait,20
1718907312.75,2.060927,-0.415084588724258,-0.45584507026477417,0.04076048155515875,PreMarketWait,20
1718907313.0,2.085274,-0.38913493203880006,-0.4508470646212402,0.06171213259704786,PreMarketWait,20
1718907313.25,2.103214,-0.3700140201836595,-0.44623543624165923,0.07622141607256071,PreMarketWait,20
1718907313.5,2.116028,-0.35635653052302535,-0.4420867567011267,0.08573022619260434,PreMarketWait,20
1718907313.75,2.103214,-0.3700140201836595,-0.438469793052232,0.06845577288300674,PreMarketWait,20
1718907314.0,2.095525,-0.37820915347541967,-0.43544416973806394,0.05723501627699876,PreMarketWait,20
1718907314.25,2.085274,-0.38913493203880006,-0.43305926545671664,0.0439243334321798,PreMarketWait,20
1718907314.5,2.069897,-0.4055241327966875,-0.4313533696363898,0.025829236853862084,PreMarketWait,20
1718907314.75,2.05452,-0.42191333355457483,-0.4303531132666927,0.008439779726161667,PreMarketWait,20
1718907315.0,2.042987,-0.4342055005793986,-0.43007317905043274,-0.004132321515049504,PreMarketWait,20
1718907315.25,2.032736,-0.4451312791427795,-0.4305162866999096,-0.014614992429090784,PreMarketWait,20
1718907315.5,2.02761,-0.450594701337286,-0.4316734410860902,-0.01892126023756108,PreMarketWait,20
1718907315.75,2.023766,-0.45469173507034955,-0.4335244241043861,-0.021167310952477217,PreMarketWait,20
1718907316.0,2.025048,-0.4533253466089066,-0.43603850566073116,-0.017286840934838697,PreMarketWait,20
1718907316.25,2.030173,-0.44786299024003273,-0.43917534510603473,-0.008687645120808728,PreMarketWait,20
1718907316.5,2.022485,-0.4560570577061599,-0.4428860516713428,-0.013171006021770758,PreMarketWait,20
1718907316.75,2.022485,-0.4560570577061599,-0.44711437084613703,-0.008942686847113364,PreMarketWait,20
1718907317.0,2.018641,-0.4601540914392234,-0.45179796304771097,-0.008356128378732439,PreMarketWait,20
1718907317.25,2.014796,-0.4642521909979201,-0.45686974120771007,-0.007382449777551259,MarketGridChoice,20
1718907317.5,2.009671,-0.469714547366794,-0.4622592349281856,-0.007455312426062684,MarketGridChoice,20
1718907317.75,2.004545,-0.475177969561301,-0.4678939505275153,-0.007284019021345643,MarketGridChoice,20
1718907318.0,1.994294,-0.4861037481246814,-0.47370069851391444,-0.01240304959842601,MarketGridChoice,20
1718907318.25,1.987887,-0.4929324929549984,-0.4796068627084073,-0.013325630234343046,MarketGridChoice,20
1718907318.5,1.984043,-0.497029526688062,-0.48554158831230243,-0.011487938363598047,MarketGridChoice,20
1718907318.75,1.980198,-0.5011276262467587,-0.4914368695969511,-0.009690756637726006,MarketGridChoice,20
1718907319.0,1.973791,-0.5079563710770755,-0.4972285214983958,-0.010727849566671117,MarketGridChoice,20
1718907319.25,1.973791,-0.5079563710770755,-0.5028570231288909,-0.005099347936241633,MarketGridChoice,20
1718907319.5,1.966103,-0.5161504385432029,-0.5082682249675232,-0.007882213563794331,MarketGridChoice,20
1718907319.75,1.967384,-0.5147851159073925,-0.5134139151609601,-0.0013712007345966,MarketGridChoice,20
1718907320.0,1.962259,-0.5202474722762664,-0.5182522438585511,-0.001995228405920892,MarketGridChoice,20
1718907320.25,1.960977,-0.5216138607377095,-0.5227480077420573,0.0011341470161078293,MarketGridChoice,20
1718907320.5,1.957133,-0.5257108944707731,-0.5268727998229861,0.001161905363943374,MarketGridChoice,20
1718907320.75,1.953289,-0.5298079282038367,-0.5306050321208868,0.0007971039287529517,MarketGridChoice,20
1718907321.0,1.952007,-0.5311743166652799,-0.5339298409728058,0.0027555243192010446,MarketGridChoice,20
1718907321.25,1.948163,-0.5352713503983435,-0.536838886442439,0.0015675360557407154,MarketGridChoice,20
1718907321.5,1.9456,-0.538003061495597,-0.5393300585952421,0.0013269971112569376,MarketGridChoice,20
1718907321.75,1.940475,-0.5434654178644709,-0.5414071042894715,-0.0020583135634244416,MarketGridChoice,20
1718907322.0,1.931505,-0.5530258737920412,-0.5430791886143703,-0.009946685166135772,MarketGridChoice,20
1718907322.25,1.9456,-0.538003061495597,-0.5443604051976453,0.006357343713540815,MarketGridChoice,20
1718907322.5,1.959696,-0.5229791833735197,-0.5452692493122989,0.02229006595022765,MarketGridChoice,20
1718907322.75,1.966103,-0.5161504385432029,-0.5458280670373918,0.029677628505591976,MarketGridChoice,20
1718907323.0,1.950726,-0.5325396393010903,-0.5460624926690215,0.013522853379287169,MarketGridChoice,20
1718907323.25,1.9456,-0.538003061495597,-0.5460008851623377,0.007997823678047116,MarketGridChoice,20
1718907323.5,1.944319,-0.5393683841314073,-0.545673772688251,0.006305388568097054,MarketGridChoice,20
1718907323.75,1.937912,-0.5461971289617241,-0.5451133125368895,-0.0010838164136387739,MarketGridChoice,20
1718907324.0,1.940475,-0.5434654178644709,-0.5443527717445082,0.0008873538911702249,MarketGridChoice,20
1718907324.25,1.943037,-0.5407347725928504,-0.5434260320972832,0.0026912595154968844,MarketGridChoice,20
1718907324.5,1.9456,-0.538003061495597,-0.5423671216721236,0.0043640601875146335,MarketGridChoice,20
1718907324.75,1.940475,-0.5434654178644709,-0.5412097738705506,-0.0022556439830172465,MarketGridChoice,20
1718907325.0,1.939193,-0.544831806325914,-0.5399870140197945,-0.004844792295311657,MarketGridChoice,20
1718907325.25,1.940475,-0.5434654178644709,-0.5387307730757082,-0.004734644778061169,MarketGridChoice,20
1718907325.5,1.943037,-0.5407347725928504,-0.5374715277784604,-0.0032632448038044984,MarketGridChoice,20
1718907325.75,1.93663,-0.5475635174231673,-0.5362379667886594,-0.011325550624045312,MarketGridChoice,20
1718907326.0,1.930223,-0.5543922622534844,-0.5350566828579804,-0.01933557938516747,MarketGridChoice,20
1718907326.25,1.923816,-0.5612210070838014,-0.5339518919357574,-0.02726911513783154,MarketGridChoice,20
1718907326.5,1.921253,-0.5639527181810546,-0.5329451812314312,-0.031007536939527864,MarketGridChoice,20
1718907326.75,1.921253,-0.5639527181810546,-0.5320552895626999,-0.03189742860836345,MarketGridChoice,20
1718907327.0,1.927661,-0.5571229075251047,-0.5312979246984035,-0.025824982816797067,MarketGridChoice,20
1718907327.25,1.922535,-0.5625863297196114,-0.5306856236796264,-0.031900706030146345,MarketGridChoice,20
1718907327.5,1.986605,-0.4942988814164416,-0.5302276630509309,0.03592878164428844,MarketGridChoice,20
1718907327.75,2.031455,-0.4464966017785898,-0.5299300263080693,0.08343342453926886,MarketGridChoice,20
1718907328.0,2.008389,-0.47108093582823696,-0.5297954354360316,0.058714499617606886,MarketGridChoice,20
1718907328.25,1.977636,-0.503858271518379,-0.5298234520225513,0.025965180514041224,MarketGridChoice,20
1718907328.5,1.96354,-0.5188821496404561,-0.5300106511008095,0.011128501470313145,MarketGridChoice,20
1718907328.75,1.958414,-0.5243455718349629,-0.5303508678138077,0.006005295988928409,MarketGridChoice,20
1718907329.0,1.950726,-0.5325396393010903,-0.5308355135594083,-0.0017041257314438403,MarketGridChoice,20
1718907329.25,1.944319,-0.5393683841314073,-0.5314539548516966,-0.007914429269289276,MarketGridChoice,20
1718907329.5,1.943037,-0.5407347725928504,-0.5321939450224186,-0.008540827559800596,MarketGridChoice,20
1718907329.75,1.966103,-0.5161504385432029,-0.5330420962682707,0.01689165773593265,MarketGridChoice,20
1718907330.0,1.958414,-0.5243455718349629,-0.5339843775075053,0.009638805683661726,MarketGridChoice,20
1718907330.25,1.949445,-0.5339049619369003,-0.5350066220625089,0.0011016601369995484,MarketGridChoice,20
1718907330.5,1.944319,-0.5393683841314073,-0.5360950283324568,-0.003273355787274949,MarketGridChoice,20
1718907330.75,1.939193,-0.544831806325914,-0.5372366363718892,-0.007595169942055802,MarketGridChoice,20
1718907331.0,1.932786,-0.5516605511562311,-0.5384197636783472,-0.013240787465616046,MarketGridChoice,20
1718907331.25,1.927661,-0.5571229075251047,-0.5396343845508813,-0.017488522961653503,MarketGridChoice,20
1718907331.5,1.925098,-0.5598546186223582,-0.5408724391247582,-0.018982179484726917,MarketGridChoice,20
1718907331.75,1.912284,-0.5735121082829922,-0.5421280605890247,-0.031384047680792025,MarketGridChoice,20
1718907332.0,1.922747,-0.562360374685426,-0.5433977120803579,-0.018962662591592964,MarketGridChoice,20
1718907332.25,1.920184,-0.5650920857826794,-0.5446802282027319,-0.020411857566176368,MarketGridChoice,20
1718907332.5,1.920184,-0.5650920857826794,-0.545976759892379,-0.019115325876238126,MarketGridChoice,20
1718907332.75,1.920184,-0.5650920857826794,-0.5472906252452316,-0.017801460523101602,MarketGridChoice,20
1718907333.0,1.932998,-0.5514345961220454,-0.5486270727476334,-0.002807523359791477,MarketGridChoice,20
1718907333.25,1.930435,-0.5541663072192988,-0.5499929669001641,-0.004173340304252513,MarketGridChoice,20
1718907333.5,1.936842,-0.5473375623889818,-0.5513964093143038,0.004058846940449659,MarketGridChoice,20
1718907333.75,1.947094,-0.5364107179999681,-0.5528463108355411,0.016435592850924725,MarketGridChoice,20
1718907334.0,1.944531,-0.5391424290972215,-0.5543519319871114,0.015209502905438411,MarketGridChoice,20
1718907334.25,1.939405,-0.5446058512917283,-0.5559224099687,0.011316558692683248,MarketGridChoice,20
1718907334.5,1.938124,-0.5459711739275386,-0.5575662905729665,0.011595116661262112,MarketGridChoice,20
1718907334.75,1.938124,-0.5459711739275386,-0.5592910827425959,0.01331990883096921,MarketGridChoice,20
1718907335.0,1.932998,-0.5514345961220454,-0.5611028521673521,0.009668256061248888,MarketGridChoice,20
1718907335.25,1.926591,-0.5582633409523624,-0.563005868423735,0.004742527487297154,MarketGridChoice,20
1718907335.5,1.941968,-0.5418741401944751,-0.5650023178050795,0.02312817762646482,MarketGridChoice,20
1718907335.75,1.929154,-0.555531629855109,-0.5670920912895361,0.011560461450179901,MarketGridChoice,20
1718907336.0,1.926591,-0.5582633409523624,-0.5692726541546309,0.011009313217874355,MarketGridChoice,20
1718907336.25,1.922747,-0.562360374685426,-0.5715390006768187,0.009178626006817077,MarketGridChoice,20
1718907336.5,1.918903,-0.5664574084184896,-0.5738836942648559,0.007426285861580614,MarketGridChoice,20
1718907336.75,1.911214,-0.5746525417102498,-0.576296990384994,0.0016444486897249973,MarketGridChoice,20
1718907337.0,1.908651,-0.577384252807503,-0.5787670368595632,0.0013827840667880419,MarketGridChoice,20
1718907337.25,1.899681,-0.5869447087350737,-0.5812801436606059,-0.00566456506000885,MarketGridChoice,20
1718907337.5,1.8984,-0.5883100313708837,-0.5838211122576841,-0.004488919099023094,MarketGridChoice,20
1718907337.75,1.8984,-0.5883100313708837,-0.5863736129692947,-0.0019364183877063883,MarketGridChoice,20
1718907338.0,1.894556,-0.5924070651039475,-0.5889205976387096,-0.0034864674516584555,MarketGridChoice,20
1718907338.25,1.88943,-0.5978704872984543,-0.5914447343099135,-0.006425752975270875,ForecastPage,20
1718907338.5,1.884305,-0.6033328436673281,-0.5939288504002336,-0.009403993254136763,ForecastPage,20
1718907338.75,1.886867,-0.6006021983957075,-0.5963563711239869,-0.004245827259073633,ForecastPage,20
1718907339.0,1.881742,-0.6060645547645813,-0.5987117405795366,-0.00735281417270316,ForecastPage,20
1718907339.25,1.88046,-0.6074309432260245,-0.6009808139266776,-0.006450129287301298,ForecastPage,20
1718907339.5,1.876616,-0.6115279769590881,-0.6031512104000298,-0.008376766547293727,ForecastPage,20
1718907339.75,1.870209,-0.6183567217894052,-0.6052126184684341,-0.013144103309466762,ForecastPage,20
1718907340.0,1.87149,-0.6169913991535948,-0.6071570461979097,-0.009834352944413932,ForecastPage,20
1718907340.25,1.881742,-0.6060645547645813,-0.6089790117405017,0.002914456986991139,ForecastPage,20
1718907340.5,1.877898,-0.6101615884976449,-0.6106756707811186,0.0005140822943809943,ForecastPage,20
1718907340.75,1.870209,-0.6183567217894052,-0.6122468796522008,-0.006109842126419012,ForecastPage,20
1718907341.0,1.870209,-0.6183567217894052,-0.6136951945989658,-0.0046615271797313075,ForecastPage,20
1718907341.25,1.872772,-0.6156250106921517,-0.6150258092889604,-0.0005992013925142431,ForecastPage,20
1718907341.5,1.872772,-0.6156250106921517,-0.6162464340704628,0.000621423389003741,ForecastPage,20
1718907341.75,1.877898,-0.6101615884976449,-0.6173671216677794,0.007205533180888976,ForecastPage,20
1718907342.0,1.876616,-0.6115279769590881,-0.6184000449338903,0.006872067985663508,ForecastPage,20
1718907342.25,1.881742,-0.6060645547645813,-0.6193592329437865,0.01329467819021479,ForecastPage,20
1718907342.5,1.872772,-0.6156250106921517,-0.620260272101761,0.004635261420803876,ForecastPage,20
1718907342.75,1.874053,-0.6142596880563416,-0.6211199790728646,0.006860291027932751,ForecastPage,20
1718907343.0,1.875335,-0.6128932995948985,-0.6219560522776464,0.009062752694397125,ForecastPage,20
1718907343.25,1.868928,-0.6197220444252155,-0.622786708473905,0.003064664060597227,ForecastPage,20
1718907343.5,1.862521,-0.6265507892555323,-0.6236303106615626,-0.002920478581789461,ForecastPage,20
1718907343.75,1.863802,-0.6251854666197222,-0.624504993257605,-0.0006804733496560637,ForecastPage,20
1718907344.0,1.854832,-0.6347459225472926,-0.6254282902593319,-0.009317632275216276,ForecastPage,20
1718907344.25,1.854832,-0.6347459225472926,-0.6264167719925637,-0.008329150541704853,ForecastPage,20
1718907344.5,1.852269,-0.637477633644546,-0.6274856960510311,-0.009991937580221252,ForecastPage,20
1718907344.75,1.845862,-0.644306378474863,-0.628648678170378,-0.015657700290937687,ForecastPage,20
1718907345.0,1.844581,-0.6456717011106732,-0.6299173890130204,-0.015754312083873602,ForecastPage,20
1718907345.25,1.850988,-0.6388429562803561,-0.6313012831099369,-0.0075416731564359515,ForecastPage,20
1718907345.5,1.853551,-0.6361112451831028,-0.6328073664303444,-0.0033038787386033726,ForecastPage,20
1718907345.75,1.861239,-0.6279171777169755,-0.6344400091299638,0.006522831427279852,ForecastPage,20
1718907346.0,1.862521,-0.6265507892555323,-0.636200809855992,0.0096500206148515,ForecastPage,20
1718907346.25,1.862521,-0.6265507892555323,-0.6380885174662085,0.01153772822513166,ForecastPage,20
1718907346.5,1.862521,-0.6265507892555323,-0.6400990150872304,0.013548225846181922,ForecastPage,20
1718907346.75,1.865083,-0.623820143983912,-0.6422253700753119,0.01840522610587897,ForecastPage,20
1718907347.0,1.865083,-0.623820143983912,-0.6444579516831901,0.02063780771372197,ForecastPage,20
1718907347.25,1.861239,-0.6279171777169755,-0.6467846161512136,0.018867438448619562,ForecastPage,20
1718907347.5,1.850988,-0.6388429562803561,-0.6491909566366353,0.010348000370574859,ForecastPage,20
1718907347.75,1.844581,-0.6456717011106732,-0.6516606130041325,0.005988911907651292,ForecastPage,20
1718907348.0,1.839455,-0.6511351233051799,-0.6541756341736894,0.0030405108825863492,ForecastPage,20
1718907348.25,1.833048,-0.657963868135497,-0.6567168836122311,-0.0012469845093084448,ForecastPage,20
1718907348.5,1.830485,-0.6606955792327505,-0.6592644768000335,-0.0014311024188752826,ForecastPage,20
1718907348.75,1.824078,-0.6675243240630673,-0.6617982382073976,-0.005726085841931442,ForecastPage,20
1718907349.0,1.817671,-0.6743530688933843,-0.6642981645491085,-0.010054904330619946,ForecastPage,20
1718907349.25,1.815109,-0.6770837141650047,-0.6667448808760525,-0.010338833275350179,ForecastPage,20
1718907349.5,1.812546,-0.6798154252622582,-0.6691200764165265,-0.01069534883214908,ForecastPage,20
1718907349.75,1.811264,-0.6811818137237013,-0.6714069079682017,-0.009774905741897665,ForecastPage,20
1718907350.0,1.806139,-0.6866441700925753,-0.673590360014067,-0.013053810064845755,ForecastPage,20
1718907350.25,1.802294,-0.6907422696512717,-0.675657552519332,-0.01508471711817614,ForecastPage,20
1718907350.5,1.799732,-0.6934729149228921,-0.6775979894732284,-0.015874925435761206,ForecastPage,20
1718907350.75,1.799732,-0.6934729149228921,-0.6794037435713056,-0.014069171337510645,ForecastPage,20
1718907351.0,1.812546,-0.6798154252622582,-0.6810695748819765,0.0012541496339976872,ForecastPage,20
1718907351.25,1.811264,-0.6811818137237013,-0.6825929837882251,0.0014111700790322857,ForecastPage,20
1718907351.5,1.806139,-0.6866441700925753,-0.6839742008206188,-0.002669969257198667,ForecastPage,20
1718907351.75,1.802294,-0.6907422696512717,-0.6852161180910742,-0.005526151545176397,ForecastPage,20
1718907352.0,1.799732,-0.6934729149228921,-0.6863241688149294,-0.007148746092670936,ForecastPage,20
1718907352.25,1.799732,-0.6934729149228921,-0.6873061628196917,-0.006166752087636863,ForecastPage,20
1718907352.5,1.80742,-0.6852788474567649,-0.6881720869499781,0.002893239509044316,ForecastPage,20
1718907352.75,1.812546,-0.6798154252622582,-0.6889338798596432,0.009118454613473922,ForecastPage,20
1718907353.0,1.817671,-0.6743530688933843,-0.6896051907984413,0.015252121921388582,ForecastPage,20
1718907353.25,1.817671,-0.6743530688933843,-0.6902011316190788,0.01584806274224923,ForecastPage,20
1718907353.5,1.824078,-0.6675243240630673,-0.6907380303397472,0.023213706293435134,ForecastPage,20
1718907353.75,1.818953,-0.6729866804319412,-0.6912331932246355,0.018246512809625345,ForecastPage,20
1718907354.0,1.817671,-0.6743530688933843,-0.6917046805646719,0.01735161168836886,ForecastPage,20
1718907354.25,1.811264,-0.6811818137237013,-0.6921710992701733,0.010989285563677498,ForecastPage,20
1718907354.5,1.809983,-0.6825471363595117,-0.6926514131749494,0.010104276832742808,ForecastPage,20
1718907354.75,1.803576,-0.6893758811898285,-0.6931647697614082,0.003788888588961724,ForecastPage,20
1718907355.0,1.799732,-0.6934729149228921,-0.6937303400088864,0.0002574251034333057,ForecastPage,20
1718907355.25,1.794606,-0.6989363371173991,-0.6943671663845898,-0.00456917071532973,ForecastPage,20
1718907355.5,1.78948,-0.7043997593119058,-0.6950940127507954,-0.009305746543602408,ForecastPage,20
1718907355.75,1.790762,-0.7030333708504627,-0.6959292092310803,-0.007104161601853826,ForecastPage,20
1718907356.0,1.78948,-0.7043997593119058,-0.6968904849023142,-0.0075092743920459806,ForecastPage,20
1718907356.25,1.785636,-0.7084967930449694,-0.6979947815605341,-0.010502011466873126,ForecastPage,20
1718907356.5,1.783073,-0.7112285041422229,-0.699258042717301,-0.011970461407341301,ForecastPage,20
1718907356.75,1.779229,-0.7153255378752864,-0.7006949733641227,-0.014630564493560677,ForecastPage,20
1718907357.0,1.781792,-0.712593826778033,-0.7023187678251931,-0.01027505893520899,ForecastPage,20
1718907357.25,1.780511,-0.7139591494138433,-0.704140805119985,-0.00981834427619412,ForecastPage,20
1718907357.5,1.780511,-0.7139591494138433,-0.7061703135825133,-0.00778883581362862,ForecastPage,20
1718907357.75,1.776666,-0.7180572489725398,-0.7084140089296647,-0.009643240025135209,ForecastPage,20
1718907358.0,1.775385,-0.71942257160835,-0.7108757124304625,-0.008546859160110505,ForecastPage,20
1718907358.25,1.775385,-0.71942257160835,-0.713555958199627,-0.00586661339091348,ForecastPage,20
1718907358.5,1.774103,-0.7207889600697932,-0.716451600828578,-0.004337359223381462,ForecastPage,20
1718907358.75,1.772822,-0.7221542827056036,-0.7195554364893655,-0.00259884619839191,ForecastPage,20
1718907359.0,1.770259,-0.7248859938028568,-0.72285585222361,-0.002030141561403593,ForecastPage,20
1718907359.25,1.770259,-0.7248859938028568,-0.7263365192904544,0.0014505255054186694,ForecastPage,20
1718907359.5,1.765134,-0.7303483501717306,-0.7299761471383531,-0.00037220301560107315,ForecastPage,20
1718907359.75,1.762571,-0.733080061268984,-0.7337483147433191,0.0006682534920416847,ForecastPage,20
1718907360.0,1.760008,-0.7358117723662374,-0.7376213956934843,0.0018096233448563876,ForecastPage,20
1718907360.25,1.758727,-0.7371770950020478,-0.7415585924817039,0.00438149749714185,ForecastPage,20
1718907360.5,1.753601,-0.7426405171965544,-0.745518093989839,0.0028775768106210652,ForecastPage,20
1718907360.75,1.752319,-0.7440069056579977,-0.7494533681138411,0.005446462473007821,ForecastPage,20
1718907361.0,1.752319,-0.7440069056579977,-0.7533135988991584,0.00930669325813359,ForecastPage,20
1718907361.25,1.751038,-0.7453722282938077,-0.7570442744514315,0.011672046174390261,ForecastPage,20
1718907361.5,1.747194,-0.7494692620268715,-0.7605879282886139,0.011118666278292822,ForecastPage,20
1718907361.75,1.747194,-0.7494692620268715,-0.7638850327513165,0.014415770740775685,ForecastPage,20
1718907362.0,1.748475,-0.7481039393910612,-0.7668750386485917,0.01877109927364386,ForecastPage,20
1718907362.25,1.747194,-0.7494692620268715,-0.769497550565775,0.020028288554807847,ForecastPage,20
1718907362.5,1.744631,-0.7522009731241248,-0.7716936222983491,0.019492649189934326,ForecastPage,20
1718907362.75,1.742068,-0.7549326842213783,-0.7734071518199965,0.01847446761415336,ForecastPage,20
1718907363.0,1.74335,-0.7535662957599351,-0.774586350183282,0.02102005443873078,ForecastPage,20
1718907363.25,1.740787,-0.7562980068571883,-0.775185253945699,0.018887247103769288,ForecastPage,20
1718907363.5,1.739505,-0.7576643953186315,-0.7751652462835595,0.017500850980090348,ForecastPage,20
1718907363.75,1.736943,-0.7603950405902521,-0.7744965480799718,0.014101507504817312,ForecastPage,20
1718907364.0,1.73438,-0.7631267516875054,-0.7731596371311608,0.010032885458721939,ForecastPage,20
1718907364.25,1.731817,-0.7658584627847589,-0.7711465513847641,0.005288088615076233,ForecastPage,20
1718907364.5,1.729254,-0.7685901738820121,-0.7684620309718448,-0.00012814289505552138,ForecastPage,20
1718907364.75,1.726691,-0.7713218849792656,-0.7651244538701741,-0.006197431093903746,ForecastPage,20
1718907365.0,1.726691,-0.7713218849792656,-0.7611665214611952,-0.010155363502773861,ForecastPage,20
1718907365.25,1.727973,-0.7699554965178225,-0.7566356531024016,-0.013319843399986564,ForecastPage,20
1718907365.5,1.724128,-0.7740535960765189,-0.7515940531739146,-0.022459542887008438,ForecastPage,20
1718907365.75,1.72541,-0.7726872076150757,-0.7461184198704576,-0.02656878772884315,ForecastPage,20
1718907366.0,1.722847,-0.7754189187123292,-0.7402992722485853,-0.03511964644777798,ForecastPage,20
1718907366.25,1.710033,-0.7890764083729633,-0.7342398806071505,-0.05483652774965006,ForecastPage,20
1718907366.5,1.703626,-0.7959051532032801,-0.7280547950281624,-0.06785035815875713,ForecastPage,20
1718907366.75,1.735661,-0.7617614290516953,-0.7218679776263782,-0.039893451408761625,ForecastPage,20
1718907367.0,1.744631,-0.7522009731241248,-0.7158105554667848,-0.036390417640596015,ForecastPage,20
1718907367.25,1.74335,-0.7535662957599351,-0.7100182228477044,-0.04354807289530736,ForecastPage,20
1718907367.5,1.747194,-0.7494692620268715,-0.704628333287947,-0.044840928721833324,ForecastPage,20
1718907367.75,1.753601,-0.7426405171965544,-0.699776732648323,-0.04286378453098575,ForecastPage,20
1718907368.0,1.818953,-0.6729866804319412,-0.6955943949229485,0.022607714508392572,ForecastPage,20
1718907368.25,1.844581,-0.6456717011106732,-0.6922039309464355,0.04653222985326962,ForecastPage,20
1718907368.5,1.827923,-0.6634262245043708,-0.6897160472137434,0.026289822726980487,ForecastPage,20
1718907368.75,1.818953,-0.6729866804319412,-0.6882260369152445,0.015239356500985995,ForecastPage,20
1718907369.0,1.815109,-0.6770837141650047,-0.6878103880057024,0.010726673858425677,ForecastPage,20
1718907369.25,1.809983,-0.6825471363595117,-0.6885235936768032,0.005976457335032111,MarketWaitPage,20
1718907369.5,1.80742,-0.6852788474567649,-0.6903952491412043,0.005116401702157138,MarketWaitPage,20
1718907369.75,1.80742,-0.6852788474567649,-0.6934275153578194,0.00814866791871069,MarketWaitPage,20
1718907370.0,1.802294,-0.6907422696512717,-0.6975930254044393,0.006850755770720408,MarketWaitPage,20
1718907370.25,1.806139,-0.6866441700925753,-0.702833302759289,0.01618913268411864,MarketWaitPage,20
1718907370.5,1.79845,-0.6948393033843353,-0.7090577528770404,0.014218449509915113,MarketWaitPage,20
1718907370.75,1.797169,-0.6962046260201455,-0.7161432802123555,0.019938654209175607,MarketWaitPage,20
1718907371.0,1.793325,-0.7003016597532091,-0.7239345723350099,0.02363291259847103,MarketWaitPage,20
1718907371.25,1.786918,-0.7071304045835263,-0.7322450810926553,0.02511467652545222,RoundResultsPage,20
1718907371.5,1.774103,-0.7207889600697932,-0.7408587180334957,0.020069757979627453,RoundResultsPage,20
1718907371.75,1.762571,-0.733080061268984,-0.7495322676528994,0.016452206399392724,RoundResultsPage,20
1718907372.0,1.760008,-0.7358117723662374,-0.7579985076522516,0.022186735300997865,RoundResultsPage,20
1718907372.25,1.761289,-0.734446449730427,-0.7659700104896315,0.031523560773653245,RoundResultsPage,20
1718907372.5,1.756164,-0.739908806099301,-0.7731435852609954,0.03323477917557287,RoundResultsPage,20
1718907372.75,1.757445,-0.7385434834634909,-0.7792053035792593,0.040661820129047885,RoundResultsPage,20
1718907373.0,1.757445,-0.7385434834634909,-0.7838360378270366,0.04529255437620512,RoundResultsPage,20
1718907373.25,1.760008,-0.7358117723662374,-0.786717425181865,0.050905652827655315,RoundResultsPage,20
1718907373.5,1.771541,-0.7235196053414136,-0.7875381564261146,0.0640185510960955,RoundResultsPage,20
1718907373.75,1.780511,-0.7139591494138433,-0.7860004750819494,0.07204132567887639,RoundResultsPage,20
1718907374.0,1.765134,-0.7303483501717306,-0.7818267602327703,0.05147841007120598,RoundResultsPage,20
1718907374.25,1.765134,-0.7303483501717306,-0.7747660559419944,0.04441770577985632,RoundResultsPage,20
1718907374.5,1.792043,-0.7016680482146523,-0.7646004019498189,0.06293235374422443,RoundResultsPage,20
1718907374.75,1.793325,-0.7003016597532091,-0.7511508148515329,0.05084915510689447,RoundResultsPage,20
1718907375.0,1.767696,-0.7276177049001102,-0.7342827667809944,0.006665061889022002,RoundResultsPage,20
1718907375.25,1.736943,-0.7603950405902521,-0.7139110102666301,-0.046484030315858196,RoundResultsPage,20
1718907375.5,1.72541,-0.7726872076150757,-0.6900036038793397,-0.0826836037282851,RoundResultsPage,20
1718907375.75,1.719003,-0.7795159524453927,-0.6625850039507586,-0.11693094848743436,RoundResultsPage,20
1718907376.0,1.749757,-0.746737550929618,-0.631738103236894,-0.11499944768571506,RoundResultsPage,20
1718907376.25,1.766415,-0.7289830275359204,-0.5976051179021878,-0.13137790962685603,RoundResultsPage,20
1718907376.5,1.786918,-0.7071304045835263,-0.5603872492477876,-0.14674315532893828,RoundResultsPage,20
1718907376.75,1.80742,-0.6852788474567649,-0.5203430755421106,-0.16493577190787678,RoundResultsPage,20
1718907377.0,1.830485,-0.6606955792327505,-0.4777856612209965,-0.1829099180049496,RoundResultsPage,20
1718907377.25,2.075234,-0.3998358213936281,-0.43307840451625346,0.033242583129502,RoundResultsPage,20
1718907377.5,2.093174,-0.38071490953848747,-0.38662967902382567,0.00591476949232872,RoundResultsPage,20
1718907377.75,2.075234,-0.3998358213936281,-0.3388863585635081,-0.06094946282297937,RoundResultsPage,20
1718907378.0,2.108551,-0.3643257087806001,-0.29032634673126284,-0.07399936204201721,RoundResultsPage,20
1718907378.25,2.145712,-0.32471856243450803,-0.241450261878402,-0.08326830054858533,RoundResultsPage,20
1718907378.5,2.214908,-0.25096769193683144,-0.19277245424785416,-0.058195237681243565,RoundResultsPage,20
1718907378.75,2.270008,-0.19224069956123188,-0.14481155421377187,-0.04742914533951022,RoundResultsPage,20
1718907379.0,2.266164,-0.19633773329429544,-0.09808076856125401,-0.09825696472488234,RoundResultsPage,20
1718907379.25,2.294355,-0.16629104287577395,-0.053078154970644824,-0.11321288789677741,RoundResultsPage,20
1718907379.5,2.399431,-0.05429834866781561,-0.010277112725526632,-0.04402123593377025,RoundResultsPage,20
1718907379.75,2.500662,0.05359624598144654,0.029882670501630137,0.023713575488469092,RoundResultsPage,20
1718907380.0,2.615777,0.1762887637185998,0.06700358079137483,0.10928518293597292,RoundResultsPage,20
1718907380.25,2.704194,0.27052586870722783,0.1007375262705002,0.16978834244552835,RoundResultsPage,20
1718907380.5,2.852837,0.4289533882659619,0.13079226888579454,0.2981611193889762,RoundResultsPage,20
1718907380.75,2.905375,0.48494973536994085,0.15693646516601445,0.328013270212698,RoundResultsPage,20
1718907381.0,2.919471,0.4999736134920184,0.17900327737996155,0.3209703361207455,RoundResultsPage,20
1718907381.25,2.892087,0.47078704435928836,0.19689245911038827,0.27389458525745947,RoundResultsPage,20
1718907381.5,2.853645,0.4298145753773865,0.2105708669026396,0.21924370848312966,RoundResultsPage,20
1718907381.75,2.810077,0.38337868420097765,0.22007140006617237,0.163307284142962,RoundResultsPage,20
1718907382.0,2.747288,0.3164565585336178,0.2254904213297966,0.0909661372117011,RoundResultsPage,20
1718907382.25,2.679373,0.24407101067175105,0.22698375926655215,0.01708725141275086,RiskPage1,20
1718907382.5,2.624273,0.1853440182961515,0.2247614368332331,-0.039417418529907475,RiskPage1,20
1718907382.75,2.57686,0.13481002756104596,0.21908130705536183,-0.08427127948756619,RiskPage1,20
1718907383.0,2.528167,0.08291178001576321,0.21024180540417728,-0.12733002538213023,RiskPage1,20
1718907383.25,2.484599,0.036475888839354355,0.1985740479098866,-0.16209815906474861,RiskPage1,20
1718907383.5,2.452564,0.0023321646877697715,0.18443351426145477,-0.18210134956842755,RiskPage1,20
1718907383.75,2.455127,0.0050638757850230256,0.16819155631165017,-0.16312768052191232,RiskPage1,20
1718907384.0,2.501257,0.05423041223305204,0.15022696524466328,-0.0959965530074455,RiskPage1,20
1718907384.25,2.519197,0.07335132408819314,0.1309178162383404,-0.05756649214652709,RiskPage1,20
1718907384.5,2.479474,0.031013532470480946,0.11063378905854032,-0.07962025658497185,RiskPage1,20
1718907384.75,2.433343,-0.01815406980318164,0.08972913801454628,-0.10788320781515126,RiskPage1,20
1718907385.0,2.411559,-0.04137201539138583,0.0685364563331381,-0.1099084717224281,RiskPage1,20
1718907385.25,2.388494,-0.06595528361540035,0.04736134933844473,-0.11331663295219255,RiskPage1,20
1718907385.5,2.383842,-0.07091350445988846,0.026478098766973972,-0.0973916032256091,RiskPage1,20
1718907385.75,2.369746,-0.08593738258196552,0.00612636796840902,-0.09206375054947062,RiskPage1,20
1718907386.0,2.363339,-0.09276612741228281,-0.013491034454483205,-0.07927509295719076,RiskPage1,20
1718907386.25,2.392812,-0.06135304853231791,-0.03220934588039861,-0.029143702651547546,RiskPage1,20
1718907386.5,2.412033,-0.040866814041366974,-0.04990203767879379,0.009035223637622047,RiskPage1,20
1718907386.75,2.422284,-0.029941035477986582,-0.06648006731401168,0.03653903183610559,RiskPage1,20
1718907387.0,2.422284,-0.029941035477986582,-0.08189028336340512,0.051949247885445846,RiskPage1,20
1718907387.25,2.419721,-0.03267274657523984,-0.09611308929900206,0.0634403427237963,RiskPage1,20
1718907387.5,2.40947,-0.0435985251386207,-0.10915948415813834,0.06556095901961552,RiskPage1,20
1718907387.75,2.399219,-0.05452430370200109,-0.12106760573982592,0.06654330203803942,RiskPage1,20
1718907388.0,2.386405,-0.0681817933626352,-0.13189890494038828,0.06371711157813226,RiskPage1,20
1718907388.25,2.372309,-0.08320567148471227,-0.14173407869007185,0.05852840720594574,RiskPage2,20
1718907388.5,2.369746,-0.08593738258196552,-0.15066888418782612,0.06473150160669072,RiskPage2,20
1718907388.75,2.351807,-0.10505722861147351,-0.15880994932620482,0.05375272071583723,RiskPage2,20
1718907389.0,2.332586,-0.12554346310242445,-0.16627068394275124,0.04072722084173497,RiskPage2,20
1718907389.25,2.351807,-0.10505722861147351,-0.1731673844141539,0.06811015580441189,RiskPage2,20
1718907389.5,2.319772,-0.13920095276305858,-0.17961561069332427,0.04041465793233577,RiskPage2,20
1718907389.75,2.301832,-0.1583218646181992,-0.1857269007210311,0.027405036105249816,RiskPage2,20
1718907390.0,2.280048,-0.18153981020640386,-0.19160587273874402,0.010066062535108874,RiskPage2,20
1718907390.25,2.26339,-0.19929433360010154,-0.19734775187236928,-0.0019465817246161476,RiskPage2,20
1718907390.5,2.25442,-0.2088547895276716,-0.20303634388458958,-0.005818445639627801,RiskPage2,20
1718907390.75,2.253138,-0.21022117798911505,-0.20874246656497816,-0.0014787114203592897,RiskPage2,20
1718907391.0,2.237761,-0.2266103787470024,-0.2145228380935021,-0.012087540649418936,RiskPage2,20
1718907391.25,2.221103,-0.24436490214070009,-0.22041941201439627,-0.02394549012194217,RiskPage2,20
1718907391.5,2.213415,-0.2525589696068272,-0.22645914024148256,-0.02609982936072982,RiskPage2,20
1718907391.75,2.212133,-0.25392535806827016,-0.23265413876384153,-0.021271219299590548,RiskPage2,20
1718907392.0,2.204445,-0.2621194255343973,-0.23900222536045335,-0.023117200168915067,RiskPage2,20
1718907392.25,2.205726,-0.26075410289858747,-0.24548779454203828,-0.015266308351363021,RiskPage2,20
1718907392.5,2.203163,-0.2634858139958407,-0.2520829919513837,-0.0114028220391474,RiskPage2,20
1718907392.75,2.2006,-0.266217525093094,-0.2587491483763691,-0.007468376711325053,RiskPage2,20
1718907393.0,2.203163,-0.2634858139958407,-0.2654384321662141,0.0019526181758320743,RiskPage2,20
1718907393.25,2.204445,-0.2621194255343973,-0.27209567801335016,0.009976252484441873,RiskPage3,20
1718907393.5,2.189068,-0.2785086262922852,-0.2786603496268629,0.00015172334007299698,RiskPage3,20
1718907393.75,2.178817,-0.2894344048556655,-0.2850685936785317,-0.004365811171650906,RiskPage3,20
1718907394.0,2.177535,-0.29080079331710845,-0.2912553424960778,0.0004545491844277702,RiskPage3,20
1718907394.25,2.187786,-0.2798750147537281,-0.2971564232971413,0.017281408548842025,RiskPage3,20
1718907394.5,2.182661,-0.285337371122602,-0.3027106323113831,0.017373261194182497,RiskPage3,20
1718907394.75,2.17241,-0.2962631496859824,-0.3078617329452136,0.011598583264614638,RiskPage3,20
1718907395.0,2.160877,-0.30855531671080616,-0.31256033823316853,0.004005021527744504,RiskPage3,20
1718907395.25,2.151907,-0.3181157726383767,-0.3167656392461468,-0.0013501333868261387,RiskPage3,20
1718907395.5,2.149344,-0.32084748373563,-0.32044694297384346,-0.00040054075633321265,RiskPage3,20
1718907395.75,2.140374,-0.33040793966320053,-0.32358498556450477,-0.006822954093161356,RiskPage3,20
1718907396.0,2.13653,-0.33450497339626406,-0.3261729897735294,-0.008331983617085668,RiskPage3,20
1718907396.25,2.130123,-0.34133371822658093,-0.32821743909424456,-0.01311627912653836,RiskPage3,20
1718907396.5,2.122435,-0.34952778569270854,-0.32973854533233954,-0.019789240354387755,RiskPage3,20
1718907396.75,2.11859,-0.3536258852514047,-0.33077039131773456,-0.02285549392747298,RiskPage3,20
1718907397.0,2.121153,-0.3508941741541515,-0.33136073596837334,-0.019533438179334305,RiskPage3,20
1718907397.25,2.123716,-0.3481624630568982,-0.33157047493874764,-0.01659198811143267,RiskPage3,20
1718907397.5,2.13653,-0.33450497339626406,-0.33147275647564417,-0.003032216913604619,RiskPage3,20
1718907397.75,2.13653,-0.33450497339626406,-0.3311517587098786,-0.0033532146790540675,RiskPage3,20
1718907398.0,2.140374,-0.33040793966320053,-0.33070114126975075,0.00029320161421094067,RiskPage3,20
1718907398.25,2.144218,-0.32631090593013695,-0.33022219065674224,0.003911284734602819,RiskPage4,20
1718907398.5,2.1455,-0.3249445174686935,-0.32982168515772314,0.004877167697365013,RiskPage4,20
1718907398.75,2.141656,-0.3290415512017576,-0.32960951110518144,0.0005679599120914994,RiskPage4,20
1718907399.0,2.137811,-0.33313965076045376,-0.32969606800267065,-0.003443582748796241,RiskPage4,20
1718907399.25,2.128842,-0.3426990408623912,-0.3301895054015498,-0.01250953545155625,RiskPage4,20
1718907399.5,2.124997,-0.3467971404210879,-0.33119283945737726,-0.015604300954155988,RiskPage4,20
1718907399.75,2.112183,-0.360454630081722,-0.3328010018177384,-0.02765362825419578,RiskPage4,20
1718907400.0,2.105776,-0.36728337491203883,-0.3350978778830473,-0.0321854970190133,RiskPage4,20
1718907400.25,2.096807,-0.3768427650139763,-0.3381533954824295,-0.03868936952142632,RiskPage4,20
1718907400.5,2.095525,-0.37820915347541967,-0.34202072850862125,-0.03618842495658858,RiskPage4,20
1718907400.75,2.092962,-0.38094086457267295,-0.3467336828884187,-0.034207181674011364,RiskPage4,20
1718907401.0,2.094244,-0.3795744761112295,-0.35230433419801205,-0.02727014190299989,RiskPage4,20
1718907401.25,2.108339,-0.3645516638147856,-0.35872098698590693,-0.005830676818745682,RiskPage4,20
1718907401.5,2.113465,-0.3590882416202786,-0.36594652513337184,0.0068582835230822405,RiskPage4,20
1718907401.75,2.121153,-0.3508941741541515,-0.3739172200612688,0.023023045916903375,RiskPage4,20
1718907402.0,2.119872,-0.35225949678996177,-0.38254205902326494,0.030282562242828458,RiskPage4,20
1718907402.25,2.117309,-0.354991207887215,-0.3917026489308645,0.036711441052858194,RiskPage4,20
1718907402.5,2.114746,-0.35772291898446873,-0.4012537420682454,0.04353082309261632,RiskPage4,20
1718907402.75,2.113465,-0.3590882416202786,-0.4110244187283066,0.05193617711645067,RiskPage4,20
1718907403.0,2.103214,-0.3700140201836595,-0.42081994840184384,0.050805928226147906,RiskPage4,20
1718907403.25,2.092962,-0.38094086457267295,-0.4304243359396318,0.0494834713744279,RiskPage4,20
1718907403.5,2.086555,-0.38776960940298977,-0.4396035424179247,0.051833933021881724,RiskPage4,20
1718907403.75,2.077585,-0.3973300653305603,-0.44810935266544594,0.05077928734129113,RiskPage4,20
1718907404.0,2.078867,-0.3959636768691174,-0.4556838429895659,0.059720166126303556,RiskPage4,20
1718907404.25,2.068615,-0.40689052125813086,-0.46206438403110556,0.055173862778281575,PreMarketWait,21
1718907404.5,2.067334,-0.4082558438939412,-0.46698909535516214,0.05873325146599417,PreMarketWait,21
1718907404.75,2.060927,-0.415084588724258,-0.47020265083559115,0.0551180621155997,PreMarketWait,21
1718907405.0,2.062208,-0.41371926608844767,-0.47146231761364976,0.0577430515290005,PreMarketWait,21
1718907405.25,2.057083,-0.41918162245732155,-0.4705440969215778,0.05136247446763564,PreMarketWait,21
1718907405.5,2.051957,-0.42464504465182856,-0.46724882288395686,0.04260377823514695,PreMarketWait,21
1718907405.75,2.049394,-0.4273767557490818,-0.46140806606941837,0.034031310323059574,PreMarketWait,21
1718907406.0,2.042987,-0.4342055005793986,-0.45288968257919665,0.01868418200229493,PreMarketWait,21
1718907406.25,2.042987,-0.4342055005793986,-0.44160284731881216,0.00739734674175639,PreMarketWait,21
1718907406.5,2.035299,-0.44239956804552577,-0.42750241225033636,-0.014897155792927625,PreMarketWait,21
1718907406.75,2.040424,-0.43693721167665234,-0.41059243724012423,-0.026344774434275107,PreMarketWait,21
1718907407.0,2.037862,-0.4396678569482725,-0.39092875288069834,-0.04873910406526029,PreMarketWait,21
1718907407.25,2.02761,-0.450594701337286,-0.3686204315390266,-0.08197426979581922,PreMarketWait,21
1718907407.5,2.026329,-0.4519600239730963,-0.3438300648936392,-0.10812995907683105,PreMarketWait,21
1718907407.75,2.023766,-0.45469173507034955,-0.316772773240064,-0.13791896182742214,PreMarketWait,21
1718907408.0,2.019922,-0.4587887688034131,-0.2877139035566421,-0.1710748652436278,PreMarketWait,21
1718907408.25,2.016078,-0.46288580253647715,-0.25696540920796335,-0.20592039332505835,PreMarketWait,21
1718907408.5,2.025048,-0.4533253466089066,-0.22488094345625337,-0.22844440314886283,PreMarketWait,21
1718907408.75,2.023766,-0.45469173507034955,-0.19184974062236945,-0.26284199444384165,PreMarketWait,21
1718907409.0,2.032736,-0.4451312791427795,-0.15828940147841128,-0.28684187765987834,PreMarketWait,21
1718907409.25,2.067334,-0.4082558438939412,-0.12463774166891821,-0.2836181022201873,PreMarketWait,21
1718907409.5,2.160877,-0.30855531671080616,-0.09134390177298884,-0.21721141493264906,PreMarketWait,21
1718907409.75,2.287736,-0.17334574274027625,-0.05885895290777681,-0.11448678982701772,PreMarketWait,21
1718907410.0,2.469696,0.020591889431485846,-0.027626260225884706,0.04821814966314264,PreMarketWait,21
1718907410.25,2.677284,0.24184450092451665,0.001928114059288979,0.23991638687126465,PreMarketWait,21
1718907410.5,2.82849,0.403003731580504,0.0294046784736046,0.37359905311317454,PreMarketWait,21
1718907410.75,2.897686,0.4767546020781811,0.054439166033812963,0.42231543605085375,PreMarketWait,21
1718907411.0,2.898968,0.47812099053962404,0.07671030721783761,0.40141068332845314,PreMarketWait,21
1718907411.25,2.883591,0.4617317897817367,0.09594648633946844,0.3657853034490842,MarketGridChoice,21
1718907411.5,2.840023,0.4152958986053278,0.11193108743095281,0.3033648111813045,MarketGridChoice,21
1718907411.75,2.78236,0.35383719513247497,0.1245063859252029,0.22933080921427523,MarketGridChoice,21
1718907412.0,2.713164,0.2800863246347979,0.1335758976173528,0.1465104270244777,MarketGridChoice,21
1718907412.25,2.647812,0.21043248787018484,0.13910515319166852,0.07132733468553071,MarketGridChoice,21
1718907412.5,2.59143,0.15033910703314188,0.1411209218794741,0.009218185160614345,MarketGridChoice,21
1718907412.75,2.546581,0.10253789322092317,0.13970895889178625,-0.0371710656640348,MarketGridChoice,21
1718907413.0,2.511983,0.06566245797208439,0.13501039607402046,-0.06934793809527617,MarketGridChoice,21
1718907413.25,2.483792,0.035615767553563375,0.12721693233715653,-0.09160116477715015,MarketGridChoice,21
1718907413.5,2.459445,0.009666110868105454,0.11656500903420318,-0.10689889815991693,MarketGridChoice,21
1718907413.75,2.435098,-0.016283545817352467,0.10332917532502671,-0.11961272113650108,MarketGridChoice,21
1718907414.0,2.41844,-0.034038069211050154,0.08781485990140207,-0.12185292910691084,MarketGridChoice,21
1718907414.25,2.405626,-0.047695558871684265,0.07035076875677436,-0.11804632762328021,MarketGridChoice,21
1718907414.5,2.394093,-0.05998772589650807,0.051281124751230464,-0.11126885064294084,MarketGridChoice,21
1718907414.75,2.383842,-0.07091350445988846,0.030957954473979653,-0.1018714589294599,MarketGridChoice,21
1718907415.0,2.373591,-0.08183928302326933,0.009733612372862993,-0.09157289539211363,MarketGridChoice,21
1718907415.25,2.365902,-0.09003441631502909,-0.012046287628219585,-0.07798812868317243,MarketGridChoice,21
1718907415.5,2.349244,-0.10778893970872677,-0.034049385709543384,-0.0737395539959122,MarketGridChoice,21
1718907415.75,2.335148,-0.1228128178308043,-0.05596241267419609,-0.06685040515368024,MarketGridChoice,21
1718907416.0,2.330023,-0.1282751741996777,-0.07749625341418628,-0.05077892078287782,MarketGridChoice,21
1718907416.25,2.319772,-0.13920095276305858,-0.09839016796439651,-0.04081078479632899,MarketGridChoice,21
1718907416.5,2.314646,-0.14466437495756507,-0.11841512701647247,-0.026249247939001782,MarketGridChoice,21
1718907416.75,2.304394,-0.15559121934657905,-0.13737624392211348,-0.018214975422575122,MarketGridChoice,21
1718907417.0,2.30055,-0.1596882530796426,-0.15511430871597134,-0.0045739443619367305,MarketGridChoice,21
1718907417.25,2.296706,-0.16378528681270618,-0.17150645105121282,0.007721164240131627,MarketGridChoice,21
1718907417.5,2.287736,-0.17334574274027625,-0.1864659777922118,0.013120235053498169,MarketGridChoice,21
1718907417.75,2.281329,-0.18017448757059354,-0.1999414470846258,0.019766959515579552,MarketGridChoice,21
1718907418.0,2.276204,-0.18563684393946744,-0.21191505386604337,0.02627820992815369,MarketGridChoice,21
1718907418.25,2.271078,-0.19110026613397393,-0.2224004119343095,0.03130014580198753,MarketGridChoice,21
1718907418.5,2.264671,-0.19792901096429125,-0.23143982489033527,0.0335108139278108,MarketGridChoice,21
1718907418.75,2.258264,-0.20475775579460806,-0.239101142630155,0.03434338683746524,MarketGridChoice,21
1718907419.0,2.253138,-0.21022117798911505,-0.2454743017541727,0.03525312376715943,MarketGridChoice,21
1718907419.25,2.244168,-0.21978163391668512,-0.2506676475192586,0.030886013604885812,MarketGridChoice,21
1718907419.5,2.241606,-0.22251227918830574,-0.25480413205081665,0.03229185286505562,MarketGridChoice,21
1718907419.75,2.242887,-0.22114695655249542,-0.2580174787524433,0.03687052220274112,MarketGridChoice,21
1718907420.0,2.228791,-0.23617083467457248,-0.26044839650846285,0.024277561836942713,MarketGridChoice,21
1718907420.25,2.224947,-0.24026786840763653,-0.26224091968027446,0.021973051275954822,MarketGridChoice,21
1718907420.5,2.222384,-0.2429995795048898,-0.2635389413582497,0.020539361856941718,MarketGridChoice,21
1718907420.75,2.215977,-0.2498283243352066,-0.26448299814437204,0.014654673813008126,MarketGridChoice,21
1718907421.0,2.213415,-0.2525589696068272,-0.2652073551855263,0.012648385582794526,MarketGridChoice,21
1718907421.25,2.208289,-0.25802239180133374,-0.26583743050298836,0.007815038705991297,MarketGridChoice,21
1718907421.5,2.204445,-0.2621194255343973,-0.26648758808522,0.004368162555386468,MarketGridChoice,21
1718907421.75,2.203163,-0.2634858139958407,-0.2672593199082375,0.003773505917171901,MarketGridChoice,21
1718907422.0,2.2006,-0.266217525093094,-0.26823982816616004,0.002022303078035388,MarketGridChoice,21
1718907422.25,2.199319,-0.2675828477289043,-0.2695010106467001,0.0019181629229418993,MarketGridChoice,21
1718907422.5,2.199319,-0.2675828477289043,-0.27109884445471044,0.0035159967311115797,MarketGridChoice,21
1718907422.75,2.194193,-0.27304626992341124,-0.2730731562289175,2.6886310954359754e-05,MarketGridChoice,21
1718907423.0,2.189068,-0.2785086262922852,-0.27544776065233056,-0.003060865634379628,MarketGridChoice,21
1718907423.25,2.191631,-0.27577691519503145,-0.2782309434539338,0.0024540282645890907,MarketGridChoice,21
1718907423.5,2.180098,-0.2880690822198552,-0.28141626025884164,-0.0066528219552287535,MarketGridChoice,21
1718907423.75,2.177535,-0.29080079331710845,-0.2849836185791575,-0.005817174732080065,MarketGridChoice,21
1718907424.0,2.173691,-0.29489782705017253,-0.2889006069519317,-0.005997220092293858,MarketGridChoice,21
1718907424.25,2.169847,-0.2989948607832361,-0.2931240327161791,-0.005870828061041625,MarketGridChoice,21
1718907424.5,2.166003,-0.30309189451629964,-0.29760162815718,-0.005490266353040681,MarketGridChoice,21
1718907424.75,2.164721,-0.3044582829777426,-0.30227388369904234,-0.002184399272559666,MarketGridChoice,21
1718907425.0,2.157033,-0.31265235044386974,-0.3070759664506986,-0.005576383986967373,MarketGridChoice,21
1718907425.25,2.157033,-0.31265235044386974,-0.3119396826560294,-0.0007126677815682964,MarketGridChoice,21
1718907425.5,2.148063,-0.3222128063714403,-0.3167954434164711,-0.005417362948620136,MarketGridChoice,21
1718907425.75,2.148063,-0.3222128063714403,-0.32157419439982404,-0.0006386119651782887,MarketGridChoice,21
1718907426.0,2.1455,-0.3249445174686935,-0.32620927208329553,0.0012647546211441117,MarketGridChoice,21
1718907426.25,2.135249,-0.3358702960320744,-0.3306381513686017,-0.005232144656808411,MarketGridChoice,21
1718907426.5,2.131404,-0.3399683955907711,-0.3348040521235834,-0.005164343460380916,MarketGridChoice,21
1718907426.75,2.126279,-0.34543075195964495,-0.3386573753243941,-0.006773376628280264,MarketGridChoice,21
1718907427.0,2.123716,-0.3481624630568982,-0.3421569429736372,-0.006005520076105261,MarketGridChoice,21
1718907427.25,2.117309,-0.354991207887215,-0.3452710198287219,-0.009720188051131888,MarketGridChoice,21
1718907427.5,2.117309,-0.354991207887215,-0.3479780991578247,-0.007013108721805142,MarketGridChoice,21
1718907427.75,2.114746,-0.35772291898446873,-0.3502674392026917,-0.007455479773952119,MarketGridChoice,21
1718907428.0,2.110902,-0.3618199527175323,-0.35213934171155714,-0.009680610997898213,MarketGridChoice,21
1718907428.25,2.108339,-0.3645516638147856,-0.3536051687469137,-0.010946495059533922,MarketGridChoice,21
1718907428.5,2.113465,-0.3590882416202786,-0.3546870989013344,-0.004401142710339828,MarketGridChoice,21
1718907428.75,2.108339,-0.3645516638147856,-0.3554176289955759,-0.009134034810337059,MarketGridChoice,21
1718907429.0,2.108339,-0.3645516638147856,-0.355838832209261,-0.008712831596385518,MarketGridChoice,21
1718907429.25,2.103214,-0.3700140201836595,-0.35600138832629974,-0.014012631847959992,MarketGridChoice,21
1718907429.5,2.101932,-0.3713804086451024,-0.3559634062858127,-0.01541700234963939,MarketGridChoice,21
1718907429.75,2.103214,-0.3700140201836595,-0.3557890634349035,-0.014224956738869515,MarketGridChoice,21
1718907430.0,2.104495,-0.3686486975478491,-0.3555470896963478,-0.013101607841397543,MarketGridChoice,21
1718907430.25,2.117309,-0.354991207887215,-0.35530912819363153,0.0003179203167143676,MarketGridChoice,21
1718907430.5,2.133967,-0.33723668449351735,-0.3551480066057692,0.01791132212271613,MarketGridChoice,21
1718907430.75,2.132686,-0.33860200712932764,-0.3551359555392778,0.016533948420549442,MarketGridChoice,21
1718907431.0,2.139093,-0.33177326229901083,-0.3553428114069401,0.02356954911862879,MarketGridChoice,21
1718907431.25,2.130123,-0.34133371822658093,-0.3558342416409947,0.014500523425176663,MarketGridChoice,21
1718907431.5,2.119872,-0.35225949678996177,-0.35667002955796656,0.004410532778793549,MarketGridChoice,21
1718907431.75,2.110902,-0.3618199527175323,-0.35790245491729855,-0.003917497789456416,MarketGridChoice,21
1718907432.0,2.098088,-0.37547744237816594,-0.3595748043043802,-0.015902638063054943,MarketGridChoice,21
1718907432.25,2.103214,-0.3700140201836595,-0.3617200430541513,-0.008293977118856242,ForecastPage,21
1718907432.5,2.12756,-0.34406542932383466,-0.3643596776150274,0.0202942483017376,ForecastPage,21
1718907432.75,2.113465,-0.3590882416202786,-0.36750283408018886,0.008414592470323546,ForecastPage,21
1718907433.0,2.109621,-0.36318527535334216,-0.3711455750805717,0.007960299737490434,ForecastPage,21
1718907433.25,2.103214,-0.3700140201836595,-0.37527047332080365,0.0052564531472354525,ForecastPage,21
1718907433.5,2.098088,-0.37547744237816594,-0.37984645574722964,0.004369013378972119,ForecastPage,21
1718907433.75,2.099369,-0.37411211974235614,-0.3848289277058253,0.010716807973185399,ForecastPage,21
1718907434.0,2.090399,-0.3836725756699262,-0.39016018154328547,0.006487605882878363,ForecastPage,21
1718907434.25,2.080148,-0.3945983542333071,-0.39577008899846267,0.001171734774476991,ForecastPage,21
1718907434.5,2.083992,-0.3905013205002435,-0.40157707149051053,0.011075750999395331,ForecastPage,21
1718907434.75,2.077585,-0.3973300653305603,-0.4074893370978077,0.010159271776192668,ForecastPage,21
1718907435.0,2.07246,-0.4027924216994342,-0.41340636770020966,0.01061394600955283,ForecastPage,21
1718907435.25,2.066053,-0.409621166529751,-0.4192206344891512,0.00959946796802882,ForecastPage,21
1718907435.5,2.067334,-0.4082558438939412,-0.42481951490248027,0.016563671017041082,ForecastPage,21
1718907435.75,2.058364,-0.41781629982151125,-0.4300873790898963,0.012271079276784003,ForecastPage,21
1718907436.0,2.055801,-0.4205480109187645,-0.43490780934886497,0.014359798438419521,ForecastPage,21
1718907436.25,2.050676,-0.4260103672876384,-0.4391659116899704,0.013155544410593334,ForecastPage,21
1718907436.5,2.050676,-0.4260103672876384,-0.44275067490542863,0.016740307626014694,ForecastPage,21
1718907436.75,2.046832,-0.43010740102070194,-0.4455573293444134,0.015449928331917476,ForecastPage,21
1718907437.0,2.041706,-0.43557082321520896,-0.4474896551700017,0.011918831962995246,ForecastPage,21
1718907437.25,2.039143,-0.4383025343124622,-0.44846218831555,0.010159654011297592,ForecastPage,21
1718907437.5,2.032736,-0.4451312791427795,-0.4484022718068683,0.00327099267231273,ForecastPage,21
1718907437.75,2.028892,-0.4492283128758431,-0.44725190070372756,-0.0019764121638736294,ForecastPage,21
1718907438.0,2.031455,-0.4464966017785898,-0.4449693107641887,-0.0015272910061396444,ForecastPage,21
1718907438.25,2.021203,-0.4574234461676033,-0.44153026415201113,-0.015893182007311702,ForecastPage,21
1718907438.5,2.021203,-0.4574234461676033,-0.436928990164085,-0.020494455995221903,ForecastPage,21
1718907438.75,2.022485,-0.4560570577061599,-0.43117874508535287,-0.024878312612500494,ForecastPage,21
1718907439.0,2.014796,-0.4642521909979201,-0.4243119628709767,-0.03994022811863518,ForecastPage,21
1718907439.25,2.019922,-0.4587887688034131,-0.4163799773441652,-0.04240879145094881,ForecastPage,21
1718907439.5,2.018641,-0.4601540914392234,-0.40745230685669376,-0.05270178457425148,ForecastPage,21
1718907439.75,2.013515,-0.46561751363373044,-0.3976155036939765,-0.0680020099315086,ForecastPage,21
1718907440.0,2.019922,-0.4587887688034131,-0.3869715826516827,-0.07181718614353019,ForecastPage,21
1718907440.25,2.041706,-0.43557082321520896,-0.37563605582400766,-0.05993476738305821,ForecastPage,21
1718907440.5,2.064771,-0.41098755499119444,-0.36373561330317217,-0.04725194167994811,ForecastPage,21
1718907440.75,2.077585,-0.3973300653305603,-0.3514055016992643,-0.045924563623301946,ForecastPage,21
1718907441.0,2.144218,-0.32631090593013695,-0.33878666360027715,0.012475757678044049,ForecastPage,21
1718907441.25,2.181379,-0.2867037595840449,-0.3260227107462294,0.039318951169989354,ForecastPage,21
1718907441.5,2.183942,-0.28397204848679164,-0.31325681128141314,0.02928476280231945,ForecastPage,21
1718907441.75,2.176254,-0.2921661159529188,-0.30062857658473185,0.008462460639396582,ForecastPage,21
1718907442.0,2.167284,-0.30172657188048935,-0.288271035641654,-0.013455536231373424,ForecastPage,21
1718907442.25,2.17241,-0.2962631496859824,-0.27630778467917116,-0.01995536499947731,ForecastPage,21
1718907442.5,2.178817,-0.2894344048556655,-0.26485039693355467,-0.02458400791491012,ForecastPage,21
1718907442.75,2.212133,-0.25392535806827016,-0.2539961720832101,7.081402200415782e-05,ForecastPage,21
1718907443.0,2.271078,-0.19110026613397393,-0.24382629711737164,0.05272603099032491,ForecastPage,21
1718907443.25,2.314646,-0.14466437495756507,-0.23440448020048607,0.08974010524971432,ForecastPage,21
1718907443.5,2.344118,-0.11325236190323375,-0.22577610636912213,0.1125237444725547,ForecastPage,21
1718907443.75,2.359495,-0.09686316114534638,-0.2179679486661955,0.12110478752739894,ForecastPage,21
1718907444.0,2.376153,-0.0791086377516487,-0.2109884507605391,0.13187981301533716,ForecastPage,21
1718907444.25,2.369746,-0.08593738258196552,-0.20482857766110815,0.11889119508550186,ForecastPage,21
1718907444.5,2.347962,-0.10915532817017018,-0.19946321052324809,0.09030788235936621,ForecastPage,21
1718907444.75,2.323616,-0.135103919029995,-0.19485304067876996,0.059749121655008966,ForecastPage,21
1718907445.0,2.31849,-0.1405673412245015,-0.19094689794083647,0.05037955672253051,ForecastPage,21
1718907445.25,2.287736,-0.17334574274027625,-0.18768442999408338,0.014338687259978541,ForecastPage,21
1718907445.5,2.278766,-0.1829061986678468,-0.18499903425319167,0.0020928355915041316,ForecastPage,21
1718907445.75,2.253138,-0.21022117798911505,-0.18282093177474962,-0.027400246208209564,ForecastPage,21
1718907446.0,2.22751,-0.2375361573103828,-0.18108026525409335,-0.05645589205013152,ForecastPage,21
1718907446.25,2.21854,-0.24709661323795334,-0.1797101002344643,-0.06738651299732701,ForecastPage,21
1718907446.5,2.2006,-0.266217525093094,-0.17864921058804922,-0.08756831449888,ForecastPage,21
1718907446.75,2.194193,-0.27304626992341124,-0.17784453606776193,-0.09520173384948673,ForecastPage,21
1718907447.0,2.183942,-0.28397204848679164,-0.17725321103128056,-0.1067188374493592,ForecastPage,21
1718907447.25,2.201882,-0.26485113663165105,-0.17684407886161785,-0.08800705776390397,ForecastPage,21
1718907447.5,2.221103,-0.24436490214070009,-0.17659862553689246,-0.06776627659771611,ForecastPage,21
1718907447.75,2.207008,-0.25938771443714403,-0.1765112874910524,-0.08287642694005586,ForecastPage,21
1718907448.0,2.183942,-0.28397204848679164,-0.1765891125344112,-0.10738293594642123,ForecastPage,21
1718907448.25,2.189068,-0.2785086262922852,-0.1768507773243609,-0.10165784896206534,ForecastPage,21
1718907448.5,2.194193,-0.27304626992341124,-0.177324989864677,-0.09572128005300143,ForecastPage,21
1718907448.75,2.183942,-0.28397204848679164,-0.178048329950298,-0.10592371853091428,ForecastPage,21
1718907449.0,2.2006,-0.266217525093094,-0.17906260352713968,-0.08715492156055649,ForecastPage,21
1718907449.25,2.23648,-0.22797570138281273,-0.18041180772599422,-0.04756389365162995,ForecastPage,21
1718907449.5,2.276204,-0.18563684393946744,-0.18213882094999945,-0.0034980229845151534,ForecastPage,21
1718907449.75,2.323616,-0.135103919029995,-0.18428194595601458,0.04917802693071263,ForecastPage,21
1718907450.0,2.358214,-0.0982284837811567,-0.18687144256641497,0.08864295878967046,ForecastPage,21
1718907450.25,2.39153,-0.06271943699376133,-0.18992618985384604,0.12720675286419814,ForecastPage,21
1718907450.5,2.403063,-0.050427269968937524,-0.19345061501219663,0.14302334504705955,ForecastPage,21
1718907450.75,2.406907,-0.046330236235873956,-0.19743201767264099,0.15110178144024417,ForecastPage,21
1718907451.0,2.38256,-0.07227989292133187,-0.20183840453452562,0.1295585116163408,ForecastPage,21
1718907451.25,2.364621,-0.0913997389508394,-0.20661693059756023,0.1152171916495342,ForecastPage,21
1718907451.5,2.338993,-0.11871471827210764,-0.21169302101703602,0.0929783027474074,ForecastPage,21
1718907451.75,2.306957,-0.15285950824932532,-0.2169702228335214,0.06411071458634268,ForecastPage,21
1718907452.0,2.285173,-0.17607745383752998,-0.22233080977212685,0.04625335593641548,ForecastPage,21
1718907452.25,2.272359,-0.1897349434981641,-0.22763713712128747,0.03790219362462062,ForecastPage,21
1718907452.5,2.255701,-0.20748946689186132,-0.23273371840702342,0.02524425151634664,ForecastPage,21
1718907452.75,2.242887,-0.22114695655249542,-0.23744997201927368,0.016303015467660595,ForecastPage,21
1718907453.0,2.230073,-0.23480444621312954,-0.24160356478366377,0.006799118571126455,ForecastPage,21
1718907453.25,2.214696,-0.2511936469710169,-0.24500426120357247,-0.006189385767128687,ForecastPage,21
1718907453.5,2.212133,-0.25392535806827016,-0.24745817208754664,-0.006467185980669143,ForecastPage,21
1718907453.75,2.199319,-0.2675828477289043,-0.24877228477831292,-0.018810562950782213,ForecastPage,21
1718907454.0,2.2006,-0.266217525093094,-0.24875914936649038,-0.017458375727022746,ForecastPage,21
1718907454.25,2.195475,-0.27167988146196786,-0.2472415911709646,-0.02443829029163276,ForecastPage,21
1718907454.5,2.187786,-0.2798750147537281,-0.24405731938693095,-0.03581769536761774,ForecastPage,21
1718907454.75,2.171128,-0.29762953814742577,-0.23906330506297965,-0.0585662330854365,ForecastPage,21
1718907455.0,2.171128,-0.29762953814742577,-0.23213980833162262,-0.06548972981694016,ForecastPage,21
1718907455.25,2.159595,-0.3099217051722496,-0.2231939448816252,-0.0867277602918832,ForecastPage,21
1718907455.5,2.167284,-0.30172657188048935,-0.2121626947438611,-0.08956387713798256,ForecastPage,21
1718907455.75,2.187786,-0.2798750147537281,-0.1990152721803632,-0.08085974257478763,ForecastPage,21
1718907456.0,2.204445,-0.2621194255343973,-0.18375479331490177,-0.07836463222095955,ForecastPage,21
1718907456.25,2.22751,-0.2375361573103828,-0.1664191975042393,-0.07111695980762235,ForecastPage,21
1718907456.5,2.259545,-0.20339243315879774,-0.14708139861731576,-0.05631103454295076,ForecastPage,21
1718907456.75,2.308239,-0.15149311978788238,-0.12584866261895894,-0.025644457170359534,ForecastPage,21
1718907457.0,2.364621,-0.0913997389508394,-0.102861227407464,0.011461488455240539,ForecastPage,21
1718907457.25,2.423566,-0.028574647016543168,-0.07829019904984802,0.049715552031988075,ForecastPage,21
1718907457.5,2.479948,0.031518733820499335,-0.05233477482176776,0.08385350864102792,ForecastPage,21
1718907457.75,2.504294,0.05746732468032415,-0.025218857389841223,0.08268618206900832,ForecastPage,21
1718907458.0,2.522234,0.07658823653546526,0.002812864093484749,0.07377537244090351,ForecastPage,21
1718907458.25,2.515827,0.06975949170514796,0.03149928117183928,0.03826021053230243,ForecastPage,21
1718907458.5,2.501731,0.0547356135830709,0.06056758972173925,-0.005831976139620901,ForecastPage,21
1718907458.75,2.477385,0.02878702272324608,0.08973827270292417,-0.06095124998060139,ForecastPage,21
1718907459.0,2.459445,0.009666110868105454,0.11873024007207346,-0.10906412920489308,ForecastPage,21
1718907459.25,2.441505,-0.009454800987035644,0.14726601974053544,-0.15672082072853405,ForecastPage,21
1718907459.5,2.440224,-0.010820123622845484,0.17507688950692518,-0.18589701313081086,ForecastPage,21
1718907459.75,2.486355,0.03834747865081663,0.20190783630129522,-0.1635603576516368,ForecastPage,21
1718907460.0,2.585023,0.14351036220282504,0.2275222263820232,-0.0840118641805144,ForecastPage,21
1718907460.25,2.70932,0.27598929090173435,0.2517060692580145,0.024283221642208683,ForecastPage,21
1718907460.5,2.834898,0.4098335422364539,0.27427176026691846,0.1355617819677971,ForecastPage,21
1718907460.75,2.900249,0.47948631317543433,0.29506119317749363,0.18442511999594946,ForecastPage,21
1718907461.0,2.927159,0.5081676809581456,0.313948145914578,0.19421953504130465,ForecastPage,21
1718907461.25,2.954876,0.5377091700266482,0.3308398600226076,0.2068693100014949,ForecastPage,21
1718907461.5,2.980504,0.5650241493479159,0.34567775760196795,0.21934639174311607,ForecastPage,21
1718907461.75,2.988193,0.5732192826396761,0.35843726731872894,0.21478201531783253,ForecastPage,21
1718907462.0,2.970253,0.5540983707845355,0.36912676233435904,0.18497160844678828,ForecastPage,21
1718907462.25,2.931811,0.5131259018026336,0.37778564593718666,0.1353402558617986,MarketWaitPage,21
1718907462.5,2.89465,0.4735187554565416,0.38448165343179713,0.08903710202085123,MarketWaitPage,21
1718907462.75,2.861333,0.4380086428435136,0.38930746957785645,0.048701173261534864,MarketWaitPage,21
1718907463.0,2.815202,0.3888410405698515,0.392376787785467,-0.0035357472199518403,MarketWaitPage,21
1718907463.25,2.766509,0.33694279302456875,0.3938199588140422,-0.05687716579401089,MarketWaitPage,21
1718907463.5,2.725504,0.29323861294541315,0.39377939165898135,-0.10054077871829581,MarketWaitPage,21
1718907463.75,2.689625,0.25499785506076456,0.39240487681348546,-0.13740702175762992,MarketWaitPage,21
1718907464.0,2.640931,0.20309854168984917,0.3898490017582739,-0.1867504600735082,MarketWaitPage,21
1718907464.25,2.5948,0.15393093941618705,0.38626282039726473,-0.23233188098633067,MarketWaitPage,21
1718907464.5,2.607614,0.1675884290768207,0.3817919226986433,-0.21420349362724236,MarketWaitPage,21
1718907464.75,2.748569,0.31782188116942767,0.37657302891533434,-0.05875114775149212,MarketWaitPage,21
1718907465.0,2.63965,0.20173321905403885,0.37073120571979046,-0.16899798667150245,MarketWaitPage,21
1718907465.25,2.601207,0.1607596842465039,0.3643777709410528,-0.20361808670046433,MarketWaitPage,21
1718907465.5,2.599926,0.15939436161069356,0.3576089209893946,-0.19821455938477872,MarketWaitPage,21
1718907465.75,2.652464,0.21539070871467297,0.3505050821030181,-0.13511437339457988,MarketWaitPage,21
1718907466.0,2.724222,0.2918722244839702,0.34313095478195726,-0.051258730304370254,MarketWaitPage,21
1718907466.25,2.817765,0.39157275166710476,0.3355361917015045,0.05603655995908133,RoundResultsPage,21
1718907466.5,2.880554,0.45849487733446453,0.32775662452953547,0.1307382527982916,RoundResultsPage,21
1718907466.75,2.848519,0.4243511531828795,0.31981593576380474,0.10453521741233986,RoundResultsPage,21
1718907467.0,2.89465,0.4735187554565416,0.311727658918124,0.16179109653160928,RoundResultsPage,21
1718907467.25,2.881836,0.45986126579590747,0.30349738450370195,0.15636388128535028,RoundResultsPage,21
1718907467.5,2.857489,0.43391160911045007,0.29512505004590267,0.13878655905767262,RoundResultsPage,21
1718907467.75,2.813921,0.3874757179340412,0.28660719911619775,0.10086851881097667,RoundResultsPage,21
1718907468.0,2.765228,0.33557747038875846,0.2779391059800535,0.05763836440187298,RoundResultsPage,21
1718907468.25,2.769072,0.33967450412182204,0.26911667773348164,0.07055782638156885,RoundResultsPage,21
1718907468.5,2.747288,0.3164565585336178,0.2601380634757097,0.056318495051221634,RoundResultsPage,21
1718907468.75,2.720378,0.28777519075090663,0.2510049190017692,0.03677027174255976,RoundResultsPage,21
1718907469.0,2.708846,0.2754840895517155,0.24172329473684237,0.033760794808426614,RoundResultsPage,21
1718907469.25,2.68578,0.2508997555020679,0.23230413340170242,0.018595622094070757,RoundResultsPage,21
1718907469.5,2.669122,0.23314523210837065,0.22276338157635614,0.010381850525890593,RoundResultsPage,21
1718907469.75,2.648619,0.2112926091559763,0.2131217354181817,-0.0018291262681413567,RoundResultsPage,21
1718907470.0,2.633242,0.19490340839808892,0.20340405489884725,-0.008500646506490593,RoundResultsPage,21
1718907470.25,2.61274,0.1730518512713277,0.19363849276115855,-0.020586641495344657,RoundResultsPage,21
1718907470.5,2.60377,0.16349139534375712,0.18385539377274307,-0.020363998434267172,RoundResultsPage,21
1718907470.75,2.588393,0.14710219458586976,0.17408602667423323,-0.026983832093398538,RoundResultsPage,21
1718907471.0,2.578142,0.13617641602248937,0.16436121548149446,-0.02818479946378112,RoundResultsPage,21
1718907471.25,2.574298,0.1320793822894258,0.15470993858062732,-0.02263055629570645,RoundResultsPage,21
1718907471.5,2.560202,0.11705550416734826,0.14515796349265522,-0.02810245932953013,RoundResultsPage,21
1718907471.75,2.553795,0.11022675933703145,0.1357265824716988,-0.02549982313859986,RoundResultsPage,21
1718907472.0,2.546107,0.10203269187090432,0.12643150945589035,-0.024398817588621204,RoundResultsPage,21
1718907472.25,2.5397,0.09520394704058702,0.11728199254918752,-0.022078045511934104,RoundResultsPage,21
1718907472.5,2.523041,0.07744835782125671,0.10828018841438766,-0.030831830596161264,RoundResultsPage,21
1718907472.75,2.517916,0.07198600145238282,0.09942083594249583,-0.02743483449284089,RoundResultsPage,21
1718907473.0,2.507664,0.06105915706336933,0.0906912565687977,-0.029632099507857432,RoundResultsPage,21
1718907473.25,2.499976,0.0528650895972422,0.08207169786947699,-0.029206608274371604,RoundResultsPage,21
1718907473.5,2.49485,0.047401667402735215,0.07353602583767499,-0.02613435843679396,RoundResultsPage,21
1718907473.75,2.485881,0.03784227730079777,0.06505275975709997,-0.027210482457886456,RoundResultsPage,21
1718907474.0,2.480755,0.03237885510629079,0.056586432125564114,-0.024207577020603617,RoundResultsPage,21
1718907474.25,2.475629,0.02691543291178428,0.04809924489407549,-0.021183811983386876,RoundResultsPage,21
1718907474.5,2.465378,0.015989654348403416,0.03955298263995117,-0.023563328292431556,RoundResultsPage,21
1718907474.75,2.461534,0.011892620615339848,0.0309111334370815,-0.01901851282243963,RoundResultsPage,21
1718907475.0,2.453845,0.0036974873235796116,0.02214115936349424,-0.018443672040455914,RoundResultsPage,21
1718907475.25,2.451283,0.0009668420519594577,0.013216851022908574,-0.0122500089713656,RoundResultsPage,21
1718907475.5,2.44872,-0.0017648690452942697,0.004120694366125078,-0.00588556341174522,RoundResultsPage,21
1718907475.75,2.444875,-0.005862968603990464,-0.005153826322985005,-0.0007091422812766524,RoundResultsPage,21
1718907476.0,2.437187,-0.0140570360701176,-0.014600067987631074,0.0005430319172598994,RoundResultsPage,21
1718907476.25,2.432061,-0.01952045826462458,-0.024196290199259472,0.004675831934361479,RoundResultsPage,21
1718907476.5,2.425654,-0.026349203094941404,-0.03390401617991895,0.00755481308464722,RoundResultsPage,21
1718907476.75,2.424373,-0.027714525730751716,-0.043666767547287405,0.015952241816112576,RoundResultsPage,21
1718907477.0,2.423091,-0.02908091419219513,-0.05340924101608462,0.024328326823339762,RoundResultsPage,21
1718907477.25,2.420529,-0.03181155946381529,-0.06303698724572754,0.03122542778120488,RoundResultsPage,21
1718907477.5,2.411559,-0.04137201539138583,-0.07243664185640895,0.031064626464130496,RoundResultsPage,21
1718907477.75,2.410277,-0.042738403852829246,-0.08147674644341321,0.038738342589482395,RoundResultsPage,21
1718907478.0,2.421003,-0.031306358113796895,-0.090009183356306,0.058702825241179396,RoundResultsPage,21
1718907478.25,2.417158,-0.03540445767249309,-0.09787123228789014,0.06246677461382494,RiskPage1,21
1718907478.5,2.413314,-0.03950149140555666,-0.10488823960903197,0.06538674820165187,RiskPage1,21
1718907478.75,2.410751,-0.04223320250281039,-0.11087687322527717,0.06864367072038868,RiskPage1,21
1718907479.0,2.405626,-0.047695558871684265,-0.11564891692815822,0.06795335805414367,RiskPage1,21
1718907479.25,2.405626,-0.047695558871684265,-0.1190155392525733,0.07131998037831487,RiskPage1,21
1718907479.5,2.399219,-0.05452430370200109,-0.12079195328094892,0.0662676495761439,RiskPage1,21
1718907479.75,2.392812,-0.06135304853231791,-0.12080236624973618,0.05944931771440423,RiskPage1,21
1718907480.0,2.388968,-0.06545008226538147,-0.11888510183447712,0.05343501956589634,RiskPage1,21
1718907480.25,2.388968,-0.06545008226538147,-0.11489776424537058,0.04944768197663413,RiskPage1,21
1718907480.5,2.383842,-0.07091350445988846,-0.10872230237675407,0.037808797913388766,RiskPage1,21
1718907480.75,2.371028,-0.08457099412052257,-0.10026982481517302,0.015698830691089006,RiskPage1,21
1718907481.0,2.349244,-0.10778893970872677,-0.08948501307111734,-0.018303926641215735,RiskPage1,21
1718907481.25,2.344118,-0.11325236190323375,-0.07634998144469088,-0.036902380462152946,RiskPage1,21
1718907481.5,2.351807,-0.10505722861147351,-0.060887437858980625,-0.044169790756065516,RiskPage1,21
1718907481.75,2.321053,-0.13783563012724825,-0.04316301105778074,-0.09467261907296257,RiskPage1,21
1718907482.0,2.305676,-0.15422483088513564,-0.02328662585373708,-0.13093820503477827,RiskPage1,21
1718907482.25,2.333867,-0.12417814046661414,-0.0014128295131077624,-0.1227653109567364,RiskPage1,21
1718907482.5,2.360776,-0.09549783850953607,0.022260001462078235,-0.11775783997466441,RiskPage1,21
1718907482.75,2.355651,-0.10096019487840995,0.04749161451341068,-0.14845180939466518,RiskPage1,21
1718907483.0,2.360776,-0.09549783850953607,0.07400300073657715,-0.16950083924873172,RiskPage1,21
1718907483.25,2.429973,-0.021745902186226348,0.10148065148234274,-0.12322655367094683,RiskPage1,21
1718907483.5,2.422284,-0.029941035477986582,0.12958188470462634,-0.15952292018474126,RiskPage1,21
1718907483.75,2.406907,-0.046330236235873956,0.15794113634540724,-0.20427137258315764,RiskPage1,21
1718907484.0,2.41844,-0.034038069211050154,0.18617707572425585,-0.2202151449369337,RiskPage1,21
1718907484.25,2.490199,0.042444512383880195,0.2139003702047709,-0.17145585782227785,RiskPage2,21
1718907484.5,2.569646,0.12712116144493768,0.2407218948077447,-0.11360073336396603,RiskPage2,21
1718907484.75,2.672159,0.23638214455564277,0.2662611585050436,-0.029879013950347574,RiskPage2,21
1718907485.0,2.827209,0.4016384089446937,0.29015470231014695,0.11148370663379412,RiskPage2,21
1718907485.25,2.94638,0.5286539154490965,0.31206421657258,0.2165896988759378,RiskPage2,21
1718907485.5,3.068921,0.6592612543365439,0.3316841273830357,0.3275771269530813,RiskPage2,21
1718907485.75,3.141962,0.7371102243929173,0.34874841544641294,0.3883618089462046,RiskPage2,21
1718907486.0,3.153494,0.7494013255921079,0.3630364551417299,0.3863648704501783,RiskPage2,21
1718907486.25,3.117615,0.7111605677074593,0.37437769580788055,0.33678287189944855,RiskPage2,21
1718907486.5,3.015102,0.6018995845967547,0.38265504971514336,0.21924453488151646,RiskPage2,21
1718907486.75,2.935655,0.5172229355356972,0.38780689911363536,0.1294160364219637,RiskPage2,21
1718907487.0,2.884398,0.4625919110675281,0.38982768518265615,0.07276422588472847,RiskPage2,21
1718907487.25,2.817765,0.39157275166710476,0.38876709160640255,0.002805660060467924,RiskPage2,21
1718907487.5,2.77676,0.34786857158794915,0.3847278821872861,-0.036859310599709844,RiskPage2,21
1718907487.75,2.746006,0.31509017007217444,0.37786249329112465,-0.06277232321951061,RiskPage2,21
1718907488.0,2.72166,0.28914157921234956,0.3683685165955781,-0.07922693738402545,RiskPage2,21
1718907488.25,2.70372,0.270020667357209,0.3564832348213451,-0.08646256746521674,RiskPage2,21
1718907488.5,2.680655,0.24543739913319398,0.34247739263383054,-0.09703999350204484,RiskPage2,21
1718907488.75,2.663996,0.22768180991386366,0.3266483968868691,-0.09896658697477989,RiskPage2,21
1718907489.0,2.655026,0.21812135398629312,0.30931314530364,-0.09119179131951907,RiskPage2,21
1718907489.25,2.63965,0.20173321905403885,0.2908006812081266,-0.08906746215668065,RiskPage2,21
1718907489.5,2.624273,0.1853440182961515,0.2714448648069231,-0.08610084651379935,RiskPage2,21
1718907489.75,2.602489,0.16212607270794682,0.2515772396145653,-0.08945116691008576,RiskPage2,21
1718907490.0,2.601207,0.1607596842465039,0.23152025677831045,-0.07076057253570844,RiskPage2,21
1718907490.25,2.5948,0.15393093941618705,0.2115810011472292,-0.05765006173536391,RiskPage3,21
1718907490.5,2.583267,0.14163877239136324,0.19204554177893848,-0.050406769392292605,RiskPage3,21
1718907490.75,2.574298,0.1320793822894258,0.17317400698093205,-0.04109462469658601,RiskPage3,21
1718907491.0,2.562765,0.119787215264602,0.1551964606806517,-0.03540924542145073,RiskPage3,21
1718907491.25,2.558921,0.11569018153153796,0.1383096335687758,-0.02261945204291159,RiskPage3,21
1718907491.5,2.549951,0.10612972560396788,0.12267453963193956,-0.01654481403386389,RiskPage3,21
1718907491.75,2.543544,0.09930098077365059,0.10841498686148539,-0.009114006093886906,RiskPage3,21
1718907492.0,2.535856,0.09110691330752345,0.09561697048601758,-0.004510057184644683,RiskPage3,21
1718907492.25,2.528167,0.08291178001576321,0.08432891833917125,-0.001417138329594187,RiskPage3,21
1718907492.5,2.52176,0.07608303518544639,0.0745627411750039,0.0015202940042837454,RiskPage3,21
1718907492.75,2.516634,0.07061961299093941,0.06629562604660337,0.004323986938266862,RiskPage3,21
1718907493.0,2.51279,0.06652257925787584,0.0594724983740721,0.007050080877884293,RiskPage3,21
1718907493.25,2.50382,0.056962123330305765,0.054009068103396944,0.002953055221196016,RiskPage3,21
1718907493.5,2.50382,0.056962123330305765,0.049795367418008836,0.007166755906843278,RiskPage3,21
1718907493.75,2.499976,0.0528650895972422,0.04669968180177509,0.006165407790319891,RiskPage3,21
1718907494.0,2.501257,0.05423041223305204,0.04457277283696778,0.009657639391284778,RiskPage3,21
1718907494.25,2.508946,0.062425545524812276,0.04325228991127242,0.019173255609123016,RiskPage3,21
1718907494.5,2.52176,0.07608303518544639,0.042567268952194905,0.03351576622924532,RiskPage3,21
1718907494.75,2.53073,0.08564349111301695,0.042342619339874064,0.043300871769568094,RiskPage3,21
1718907495.0,2.534574,0.08974052484608051,0.0424035051783007,0.047337019664649385,RiskPage3,21
1718907495.25,2.534574,0.08974052484608051,0.04257953399067213,0.04716099085272761,RiskPage3,21
1718907495.5,2.532011,0.08700881374882678,0.04270867443885346,0.04430013930773989,RiskPage3,21
1718907495.75,2.525604,0.08018006891850996,0.04264083456377389,0.03753923435294032,RiskPage3,21
1718907496.0,2.517916,0.07198600145238282,0.042241042949754004,0.029744958501253957,RiskPage3,21
1718907496.25,2.50382,0.056962123330305765,0.04139218673710597,0.015569936592222097,RiskPage4,21
1718907496.5,2.501257,0.05423041223305204,0.039997272142302656,0.014233140090138596,RiskPage4,21
1718907496.75,2.487162,0.03920759993660808,0.03798118471661767,0.0012264152197102966,RiskPage4,21
1718907497.0,2.479474,0.031013532470480946,0.03529193765617729,-0.004278405185687369,RiskPage4,21
1718907497.25,2.473066,0.024183721814531024,0.031901406810683736,-0.007717684995900781,RiskPage4,21
1718907497.5,2.465378,0.015989654348403416,0.02780556044195072,-0.011815906093102235,RiskPage4,21
1718907497.75,2.460252,0.010526232153896907,0.023024200148607166,-0.01249796799412467,RiskPage4,21
1718907498.0,2.456408,0.006429198420833339,0.01760023665946624,-0.01117103823796129,RiskPage4,21
1718907498.25,2.450001,-0.000399546409483956,0.011598530421550122,-0.011998076830331827,RiskPage4,21
1718907498.5,2.443594,-0.007228291239800778,0.0051043321287414884,-0.012332623367864642,RiskPage4,21
1718907498.75,2.43975,-0.011325324972864346,-0.0017786373595581376,-0.00954668761270739,RiskPage4,21
1718907499.0,2.435906,-0.015422358705927914,-0.008930424771750056,-0.0064919339337099966,RiskPage4,21
1718907499.25,2.429499,-0.02225110353624521,-0.01621735413038051,-0.006033749405577105,RiskPage4,21
1718907499.5,2.428217,-0.023617491997688148,-0.023494760513798472,-0.00012273148382804105,RiskPage4,21
1718907499.75,2.419247,-0.033177947925258695,-0.030609898301190895,-0.002568049624273476,RiskPage4,21
1718907500.0,2.419247,-0.033177947925258695,-0.03740497307555921,0.004227025149791348,RiskPage4,21
1718907500.25,2.411559,-0.04137201539138583,-0.04372024546136712,0.0023482300691381255,RiskPage4,21
1718907500.5,2.414122,-0.03864030429413258,-0.04939715458743106,0.010756850292097025,RiskPage4,21
1718907500.75,2.408996,-0.04410372648863909,-0.05428140856880008,0.01017768207858355,RiskPage4,21
1718907501.0,2.41844,-0.034038069211050154,-0.05822598939372173,0.024187920180707242,RiskPage4,21
1718907501.25,2.417158,-0.03540445767249309,-0.061094019907700796,0.02568956223285243,RiskPage4,21
1718907501.5,2.410751,-0.04223320250281039,-0.06276144126032675,0.020528238754772846,RiskPage4,21
1718907501.75,2.408189,-0.04496384777443054,-0.06311945031321194,0.018155602535658844,RiskPage4,21
1718907502.0,2.404344,-0.04906194733312721,-0.062076648231698575,0.013014700895085083,RiskPage4,21
1718907502.25,2.406907,-0.046330236235873956,-0.059560853967504684,0.013230617727801633,PreMarketWait,22
1718907502.5,2.394093,-0.05998772589650807,-0.05552053977098489,-0.004467186129669166,PreMarketWait,22
1718907502.75,2.395375,-0.05862133743506466,-0.04992585043210499,-0.00869548700739245,PreMarketWait,22
1718907503.0,2.390249,-0.06408475962957164,-0.042769173795208566,-0.02131558583904926,PreMarketWait,22
1718907503.25,2.388968,-0.06545008226538147,-0.03406523733879048,-0.03138484493149496,PreMarketWait,22
1718907503.5,2.385123,-0.06954818182407815,-0.02385071431385844,-0.045697467515304624,PreMarketWait,22
1718907503.75,2.38256,-0.07227989292133187,-0.012183333074362292,-0.06009655985219839,PreMarketWait,22
1718907504.0,2.385123,-0.06954818182407815,0.0008595052962855616,-0.07040768712570024,PreMarketWait,22
1718907504.25,2.399219,-0.05452430370200109,0.01518258336290196,-0.06970688707031301,PreMarketWait,22
1718907504.5,2.431254,-0.020380579550416035,0.03067516661181289,-0.05105574616768098,PreMarketWait,22
1718907504.75,2.465852,0.016494855698422278,0.04721370070677862,-0.030718845013823274,PreMarketWait,22
1718907505.0,2.497887,0.05063857985000733,0.06466484811931342,-0.014026268274765968,PreMarketWait,22
1718907505.25,2.520952,0.07522184807402184,0.08288879248381949,-0.0076669444152350575,PreMarketWait,22
1718907505.5,2.537611,0.09297743729335263,0.10174272716098434,-0.008765289873038857,PreMarketWait,22
1718907505.75,2.540174,0.09570914839060587,0.12108443423549896,-0.025375285850270733,PreMarketWait,22
1718907506.0,2.540174,0.09570914839060587,0.14077585184726468,-0.04506670346201681,PreMarketWait,22
1718907506.25,2.522234,0.07658823653546526,0.16068652158088112,-0.08409828505077316,MarketGridChoice,22
1718907506.5,2.506857,0.06019903577757788,0.18069680379415778,-0.12049776802196402,MarketGridChoice,22
1718907506.75,2.510701,0.06429606951064144,0.20070074746534045,-0.13640467796014488,MarketGridChoice,22
1718907507.0,2.552988,0.10936663805124,0.22060850271434657,-0.11124186466865478,MarketGridChoice,22
1718907507.25,2.646531,0.20906716523437455,0.24034816913119642,-0.031281003902515876,MarketGridChoice,22
1718907507.5,2.783641,0.3552025177682848,0.25986698216422777,0.09533553559817365,MarketGridChoice,22
1718907507.75,2.951506,0.5341173376436035,0.27913175396468737,0.2549855836728026,MarketGridChoice,22
1718907508.0,3.045856,0.6346779861125295,0.29812850509163197,0.33654948101451854,MarketGridChoice,22
1718907508.25,3.088142,0.6797474888274949,0.3168612498561259,0.36288623896469574,MarketGridChoice,22
1718907508.5,3.120178,0.7138922788047131,0.33534993068198715,0.37854234811573745,MarketGridChoice,22
1718907508.75,3.08558,0.6770168435558748,0.35362753466938235,0.3233893088791759,MarketGridChoice,22
1718907509.0,3.016384,0.6032659730581976,0.3717364666642371,0.23152950638631065,MarketGridChoice,22
1718907509.25,2.956157,0.5390744926624584,0.3897242949552331,0.14935019769924412,MarketGridChoice,22
1718907509.5,2.890805,0.46942065589784493,0.4076390252611737,0.061781630628368084,MarketGridChoice,22
1718907509.75,2.840831,0.41615708571675236,0.4255240929498389,-0.00936700724169498,MarketGridChoice,22
1718907510.0,2.788293,0.360160738612773,0.4434132897878357,-0.08325255118395371,MarketGridChoice,22
1718907510.25,2.742162,0.31099313633911085,0.46132585787159236,-0.15033272154162736,MarketGridChoice,22
1718907510.5,2.708846,0.2754840895517155,0.47926198834259304,-0.20377789880024644,MarketGridChoice,22
1718907510.75,2.681936,0.2468027217690043,0.4971989553850856,-0.2503962336256382,MarketGridChoice,22
1718907511.0,2.646057,0.20856196388435566,0.5150880968868374,-0.30652613301218823,MarketGridChoice,22
1718907511.25,2.684499,0.24953443286625804,0.5328528227133335,-0.28331838985689006,MarketGridChoice,22
1718907511.5,2.717815,0.2850434796536529,0.5503877910951419,-0.2653443114513677,MarketGridChoice,22
1718907511.75,2.69475,0.26046021142963843,0.5675593449588733,-0.3070991335391315,MarketGridChoice,22
1718907512.0,2.707564,0.27411770109027256,0.584207245345034,-0.31008954426462965,MarketGridChoice,22
1718907512.25,2.680655,0.24543739913319398,0.6001476808172347,-0.3547102816938351,MarketGridChoice,22
1718907512.5,2.684499,0.24953443286625804,0.6151774725932663,-0.36564303973668544,MarketGridChoice,22
1718907512.75,2.749851,0.3191882696308711,0.6290793377384388,-0.309891068117087,MarketGridChoice,22
1718907513.0,2.877991,0.4557631662372113,0.6416280199909065,-0.1858648537630186,MarketGridChoice,22
1718907513.25,3.097112,0.6893079447550654,0.6525970525974489,0.0367108921485233,MarketGridChoice,22
1718907513.5,3.344424,0.952899413691441,0.661765882917712,0.29113353076489495,MarketGridChoice,22
1718907513.75,3.502037,1.1208873891777458,0.6689270672672692,0.45196032190192253,MarketGridChoice,22
1718907514.0,3.569539,1.1928327510532033,0.6738932386230421,0.5189395124218987,MarketGridChoice,22
1718907514.25,3.593885,1.2187813419130284,0.67650356037906,0.5422777815259974,MarketGridChoice,22
1718907514.5,3.504187,1.1231789142885902,0.6766294057937174,0.4465495084871803,MarketGridChoice,22
1718907514.75,3.396549,1.0084555748090112,0.674179043040236,0.33427653176133515,MarketGridChoice,22
1718907515.0,3.30685,0.9128520813589402,0.6691011565292466,0.2437509248224674,MarketGridChoice,22
1718907515.25,3.222277,0.8227120101033762,0.661387092357378,0.16132491773893692,MarketGridChoice,22
1718907515.5,3.113357,0.7066222821623543,0.6510717751577323,0.055550506997669336,MarketGridChoice,22
1718907515.75,3.028784,0.6164822109067899,0.6382333014652963,-0.021751090565410747,MarketGridChoice,22
1718907516.0,2.980091,0.5645839633615072,0.6229912678263289,-0.05840730447173778,MarketGridChoice,22
1718907516.25,2.927553,0.5085876162575282,0.6055039379586578,-0.0969163217081149,MarketGridChoice,22
1718907516.5,2.892955,0.4717121810086899,0.5859643908205348,-0.11425220981895137,MarketGridChoice,22
1718907516.75,2.877991,0.4557631662372113,0.564595819739989,-0.1088326535100494,MarketGridChoice,22
1718907517.0,2.848519,0.4243511531828795,0.5416461717027924,-0.11729501852738528,MarketGridChoice,22
1718907517.25,2.825454,0.399767884958865,0.5173823258857595,-0.11761444093459328,MarketGridChoice,22
1718907517.5,2.804951,0.37791526200647063,0.49208401226938797,-0.11416875027085843,MarketGridChoice,22
1718907517.75,2.770353,0.34103982675763234,0.466037665580628,-0.12499783883118626,MarketGridChoice,22
1718907518.0,2.740881,0.3096278137033005,0.4395303979157254,-0.1299025842208634,MarketGridChoice,22
1718907518.25,2.725504,0.29323861294541315,0.4128442562370291,-0.11960564330029172,MarketGridChoice,22
1718907518.5,2.719097,0.28640986811509633,0.3862509096169112,-0.09984104151070822,MarketGridChoice,22
1718907518.75,2.715253,0.28231283438203275,0.3600068867285582,-0.07769405235560833,MarketGridChoice,22
1718907519.0,2.702439,0.2686553447213986,0.33434945777905634,-0.0656941130668954,MarketGridChoice,22
1718907519.25,2.697313,0.26319192252689166,0.3094932279440142,-0.04630130542647409,MarketGridChoice,22
1718907519.5,2.688343,0.2536314665993216,0.28562748242140956,-0.03199601583150696,MarketGridChoice,22
1718907519.75,2.67681,0.2413392995744978,0.26291429738139294,-0.021574997816330613,MarketGridChoice,22
1718907520.0,2.669122,0.23314523210837065,0.241487407106241,-0.008342175007268048,MarketGridChoice,22
1718907520.25,2.666559,0.23041352101111692,0.2214517960946705,0.008961724907142185,MarketGridChoice,22
1718907520.5,2.657589,0.22085306508354685,0.2028839663047825,0.01796909876960915,MarketGridChoice,22
1718907520.75,2.653745,0.2167560313504828,0.1858328143509443,0.030923216990586345,MarketGridChoice,22
1718907521.0,2.644775,0.20719557542291273,0.1703210415439885,0.036874533870225844,MarketGridChoice,22
1718907521.25,2.635805,0.19763511949534218,0.15634701123914863,0.041288108247795066,MarketGridChoice,22
1718907521.5,2.63068,0.1921727631264683,0.14388696298151876,0.04828580013689135,MarketGridChoice,22
1718907521.75,2.622991,0.18397762983470806,0.13289749125605485,0.05108013857096941,MarketGridChoice,22
1718907522.0,2.617866,0.17851527346583418,0.12331819800791474,0.05519707545063747,MarketGridChoice,22
1718907522.25,2.607614,0.1675884290768207,0.11507443217463005,0.05251399689533133,MarketGridChoice,22
1718907522.5,2.5948,0.15393093941618705,0.10808003588063968,0.045850903529124895,MarketGridChoice,22
1718907522.75,2.581986,0.14027344975555295,0.10224002525811379,0.03803342449146094,MarketGridChoice,22
1718907523.0,2.571735,0.12934767119217208,0.0974531436169831,0.0318945275696557,MarketGridChoice,22
1718907523.25,2.569172,0.12661596009491882,0.09361423542413677,0.03300172466568835,MarketGridChoice,22
1718907523.5,2.556358,0.1129584704342847,0.09061640081505729,0.022342069614562338,MarketGridChoice,22
1718907523.75,2.549951,0.10612972560396788,0.0883529017352771,0.017776823864438587,MarketGridChoice,22
1718907524.0,2.547388,0.10339801450671463,0.08671880192550906,0.016679212577346357,MarketGridChoice,22
1718907524.25,2.534574,0.08974052484608051,0.08561233350334849,0.0041281913392426164,MarketGridChoice,22
1718907524.5,2.534574,0.08974052484608051,0.08493599258399176,0.004804532258943488,MarketGridChoice,22
1718907524.75,2.53073,0.08564349111301695,0.08459737499837558,0.0010461161118130845,MarketGridChoice,22
1718907525.0,2.524323,0.07881474628269965,0.08450977053435722,-0.00569502425419668,MarketGridChoice,22
1718907525.25,2.523041,0.07744835782125671,0.08459254011843659,-0.007144182299457534,MarketGridChoice,22
1718907525.5,2.517916,0.07198600145238282,0.08477130489149597,-0.01278530344115639,MarketGridChoice,22
1718907525.75,2.510227,0.06379086816062259,0.08497797917380001,-0.021187111015012194,MarketGridChoice,22
1718907526.0,2.505102,0.05832851179174871,0.08515068086341317,-0.026822169073315354,MarketGridChoice,22
1718907526.25,2.498695,0.05149976696143189,0.08523355290981274,-0.03373378594987096,MarketGridChoice,22
1718907526.5,2.496132,0.04876805586417816,0.08517652823654272,-0.036408472373715264,MarketGridChoice,22
1718907526.75,2.489725,0.04193931103386134,0.0849350679891022,-0.04299575695647172,MarketGridChoice,22
1718907527.0,2.51279,0.06652257925787584,0.08446989944733573,-0.01794732019058843,MarketGridChoice,22
1718907527.25,2.534574,0.08974052484608051,0.08374677560864005,0.005993749236398727,MarketGridChoice,22
1718907527.5,2.540981,0.09656926967639733,0.08273627360073842,0.013832996074690185,MarketGridChoice,22
1718907527.75,2.53073,0.08564349111301695,0.08141364400628544,0.004229847105823421,MarketGridChoice,22
1718907528.0,2.508946,0.062425545524812276,0.07975871811649757,-0.01733317259254381,MarketGridChoice,22
1718907528.25,2.499976,0.0528650895972422,0.07775587523067684,-0.024890785634253433,MarketGridChoice,22
1718907528.5,2.501257,0.05423041223305204,0.07539406744725698,-0.021163655214992656,MarketGridChoice,22
1718907528.75,2.507664,0.06105915706336933,0.07266689497060666,-0.011607737908001455,MarketGridChoice,22
1718907529.0,2.492288,0.04467102213111459,0.06957272082551458,-0.024901698695146746,MarketGridChoice,22
1718907529.25,2.484599,0.036475888839354355,0.06611481012232413,-0.029638921283704066,ForecastPage,22
1718907529.5,2.496132,0.04876805586417816,0.06230147579602599,-0.013533419932573326,ForecastPage,22
1718907529.75,2.511509,0.065157256622066,0.058146210227236435,0.007011046394110373,ForecastPage,22
1718907530.0,2.516634,0.07061961299093941,0.053667780527764025,0.016951832462461087,ForecastPage,22
1718907530.25,2.514071,0.06788790189368615,0.04889026471969134,0.01899763717328509,ForecastPage,22
1718907530.5,2.520478,0.07471664672400345,0.04384300670342179,0.030873640019877188,ForecastPage,22
1718907530.75,2.516634,0.07061961299093941,0.038560469876091664,0.03205914311415018,ForecastPage,22
1718907531.0,2.519197,0.07335132408819314,0.03308197251162611,0.040269351575879034,ForecastPage,22
1718907531.25,2.52176,0.07608303518544639,0.0274512924370828,0.048631742747688785,ForecastPage,22
1718907531.5,2.506383,0.05969383442755902,0.02171613394600684,0.03797770048089505,ForecastPage,22
1718907531.75,2.492288,0.04467102213111459,0.015927456021987564,0.028743566108492682,ForecastPage,22
1718907532.0,2.482036,0.0337441777421011,0.01013866749472862,0.023605510246766433,ForecastPage,22
1718907532.25,2.478192,0.02964714400903753,0.004404701370815505,0.025242442637650027,ForecastPage,22
1718907532.5,2.482036,0.0337441777421011,-0.001219013082921005,0.03496319082449001,ForecastPage,22
1718907532.75,2.484599,0.036475888839354355,-0.006677656209335661,0.04315354504820362,ForecastPage,22
1718907533.0,2.400026,-0.053664182416209634,-0.011918172695756462,-0.041746009720888266,ForecastPage,22
1718907533.25,2.387686,-0.0668164707268249,-0.016890442487493763,-0.04992602823970968,ForecastPage,22
1718907533.5,2.374872,-0.080473960387459,-0.021548433039812846,-0.05892552734796311,ForecastPage,22
1718907533.75,2.367183,-0.08866909367921924,-0.025851297538261202,-0.06281779614120832,ForecastPage,22
1718907534.0,2.378716,-0.07637692665439544,-0.029764384853139293,-0.0466125418014344,ForecastPage,22
1718907534.25,2.473541,0.024689988990182512,-0.03326012964373721,0.0579501186338193,ForecastPage,22
1718907534.5,2.38256,-0.07227989292133187,-0.03631879486546938,-0.03596109805587887,ForecastPage,22
1718907534.75,2.406907,-0.046330236235873956,-0.03892904355188194,-0.007401192683918062,ForecastPage,22
1718907535.0,2.415877,-0.036769780308303406,-0.04108832177782438,0.004318541469691326,ForecastPage,22
1718907535.25,2.408189,-0.04496384777443054,-0.0428030399130956,-0.002160807861062569,ForecastPage,22
1718907535.5,2.406907,-0.046330236235873956,-0.04408854451826901,-0.002241691717225552,ForecastPage,22
1718907535.75,2.403063,-0.050427269968937524,-0.04496887845132096,-0.005458391517126069,ForecastPage,22
1718907536.0,2.4005,-0.053158981066190776,-0.04547633190170711,-0.007682649163879023,ForecastPage,22
1718907536.25,2.388968,-0.06545008226538147,-0.04565079211330589,-0.019799290151354898,ForecastPage,22
1718907536.5,2.387686,-0.0668164707268249,-0.045538904469072244,-0.02127756625691535,ForecastPage,22
1718907536.75,2.39153,-0.06271943699376133,-0.04519306234889368,-0.017526374643914544,ForecastPage,22
1718907537.0,2.390249,-0.06408475962957164,-0.044670247672713305,-0.019414511955791622,ForecastPage,22
1718907537.25,2.396656,-0.057256014799254344,-0.04403074820210286,-0.013225266595974727,ForecastPage,22
1718907537.5,2.4005,-0.053158981066190776,-0.04333678135871636,-0.009822199706192457,ForecastPage,22
1718907537.75,2.412033,-0.040866814041366974,-0.04265105736867627,0.0017842433286904035,ForecastPage,22
1718907538.0,2.41844,-0.034038069211050154,-0.04203531679617175,0.007997247586594675,ForecastPage,22
1718907538.25,2.426128,-0.025844001744923014,-0.04154887884261431,0.015704877099248126,ForecastPage,22
1718907538.5,2.435098,-0.016283545817352467,-0.04124723705035367,0.02496369123463268,ForecastPage,22
1718907538.75,2.428691,-0.023112290647669287,-0.041180738204819954,0.018068447558846925,ForecastPage,22
1718907539.0,2.432535,-0.01901525691460572,-0.04139337828167974,0.0223781213688246,ForecastPage,22
1718907539.25,2.432535,-0.01901525691460572,-0.041921746306902194,0.02290648939409051,ForecastPage,22
1718907539.5,2.428691,-0.023112290647669287,-0.042794143114466894,0.019681852468623976,ForecastPage,22
1718907539.75,2.422284,-0.029941035477986582,-0.044029897365087334,0.014088861888948239,ForecastPage,22
1718907540.0,2.415877,-0.036769780308303406,-0.04563889601695642,0.008869115710510498,ForecastPage,22
1718907540.25,2.414596,-0.03813510294411372,-0.04762134090870861,0.009486237966451504,ForecastPage,22
1718907540.5,2.40947,-0.0435985251386207,-0.049967737410176315,0.006369212273400924,ForecastPage,22
1718907540.75,2.406907,-0.046330236235873956,-0.05265911538268946,0.006328879148639773,ForecastPage,22
1718907541.0,2.405626,-0.047695558871684265,-0.05566747710441224,0.007971918234522365,ForecastPage,22
1718907541.25,2.404344,-0.04906194733312721,-0.058956461466557065,0.009894514135186612,ForecastPage,22
1718907541.5,2.394093,-0.05998772589650807,-0.06248220872113116,0.0024944828263357382,ForecastPage,22
1718907541.75,2.387686,-0.0668164707268249,-0.06619440543555496,-0.0006220652896064237,ForecastPage,22
1718907542.0,2.388968,-0.06545008226538147,-0.07003748515335448,0.004587402889583984,ForecastPage,22
1718907542.25,2.390249,-0.06408475962957164,-0.07395195663732522,0.009867197009310328,ForecastPage,22
1718907542.5,2.383842,-0.07091350445988846,-0.07787582853751124,0.006962324079125341,ForecastPage,22
1718907542.75,2.38256,-0.07227989292133187,-0.08174609692629438,0.009466204006412633,ForecastPage,22
1718907543.0,2.377435,-0.07774224929020528,-0.08550026041829105,0.007758011129486771,ForecastPage,22
1718907543.25,2.373591,-0.08183928302326933,-0.0890778265916923,0.007238543569779592,ForecastPage,22
1718907543.5,2.369746,-0.08593738258196552,-0.09242177321051477,0.006484390629867536,ForecastPage,22
1718907543.75,2.341555,-0.115984073000487,-0.0954799283839067,-0.020504144615292978,ForecastPage,22
1718907544.0,2.313365,-0.1460296975933754,-0.09820623536002329,-0.04782346223208721,ForecastPage,22
1718907544.25,2.321053,-0.13783563012724825,-0.10056187019391166,-0.03727375993208456,ForecastPage,22
1718907544.5,2.326179,-0.13237220793274126,-0.10251618406365984,-0.029856023867831667,ForecastPage,22
1718907544.75,2.356932,-0.09959487224259964,-0.10404744646906731,0.004452574227726512,ForecastPage,22
1718907545.0,2.364621,-0.0913997389508394,-0.10514337076557001,0.013743631816010356,ForecastPage,22
1718907545.25,2.349244,-0.10778893970872677,-0.10580140922386626,-0.0019875304835481646,ForecastPage,22
1718907545.5,2.314646,-0.14466437495756507,-0.1060288108192261,-0.03863556413698302,ForecastPage,22
1718907545.75,2.33643,-0.12144642936936088,-0.10584244106287483,-0.01560398830507655,ForecastPage,22
1718907546.0,2.335148,-0.1228128178308043,-0.10526836928869147,-0.017544448540640963,ForecastPage,22
1718907546.25,2.33643,-0.12144642936936088,-0.10434123483512091,-0.0171051945326983,ForecastPage,22
1718907546.5,2.323616,-0.135103919029995,-0.10310340942510923,-0.0320005096032685,ForecastPage,22
1718907546.75,2.338993,-0.11871471827210764,-0.10160397860811345,-0.017110739662297255,ForecastPage,22
1718907547.0,2.335148,-0.1228128178308043,-0.09989757021438515,-0.022915247614640116,ForecastPage,22
1718907547.25,2.340274,-0.11734939563629732,-0.0980430621937728,-0.019306333440662418,ForecastPage,22
1718907547.5,2.362058,-0.09413145004809266,-0.09610220577223381,0.0019707557260860847,ForecastPage,22
1718907547.75,2.376153,-0.0791086377516487,-0.09413820235826252,0.015029564608640534,ForecastPage,22
1718907548.0,2.383842,-0.07091350445988846,-0.0922142738776378,0.021300769419856258,ForecastPage,22
1718907548.25,2.40947,-0.0435985251386207,-0.09039226605283261,0.046793740916397326,ForecastPage,22
1718907548.5,2.417158,-0.03540445767249309,-0.08873132248501789,0.05332686481478707,ForecastPage,22
1718907548.75,2.410751,-0.04223320250281039,-0.0872866642507847,0.04505346175031211,ForecastPage,22
1718907549.0,2.406907,-0.046330236235873956,-0.08610850521675319,0.039778268983291454,ForecastPage,22
1718907549.25,2.397937,-0.05589069216344403,-0.08524112764313978,0.02935043548218145,ForecastPage,22
1718907549.5,2.392812,-0.06135304853231791,-0.08472213622627778,0.02336908769651811,ForecastPage,22
1718907549.75,2.387686,-0.0668164707268249,-0.08458190190571337,0.017765431181518264,ForecastPage,22
1718907550.0,2.376153,-0.0791086377516487,-0.0848431999202771,0.00573456217132861,ForecastPage,22
1718907550.25,2.367183,-0.08866909367921924,-0.08552104008626044,-0.0031480535901895097,ForecastPage,22
1718907550.5,2.362058,-0.09413145004809266,-0.08662268137489688,-0.0075087686703588265,ForecastPage,22
1718907550.75,2.356932,-0.09959487224259964,-0.08814781780113293,-0.01144705443856358,ForecastPage,22
1718907551.0,2.353088,-0.1036919059756632,-0.09008891854304035,-0.013602987429654946,ForecastPage,22
1718907551.25,2.356932,-0.09959487224259964,-0.09243170215975646,-0.007163170079811633,ForecastPage,22
1718907551.5,2.346681,-0.1105206508059805,-0.09515572276807857,-0.015364928034807459,ForecastPage,22
1718907551.75,2.342837,-0.11461768453904407,-0.09823504502517817,-0.01638263951070856,ForecastPage,22
1718907552.0,2.337711,-0.12008110673355057,-0.10163898466556155,-0.018442122064768123,ForecastPage,22
1718907552.25,2.337711,-0.12008110673355057,-0.105332892053337,-0.014748214676927652,ForecastPage,22
1718907552.5,2.332586,-0.12554346310242445,-0.10927895762131769,-0.01626450547775381,ForecastPage,22
1718907552.75,2.330023,-0.1282751741996777,-0.11343702004797934,-0.01483815414827629,ForecastPage,22
1718907553.0,2.326179,-0.13237220793274126,-0.11776536043061746,-0.014606847498630744,ForecastPage,22
1718907553.25,2.319772,-0.13920095276305858,-0.12222146839978057,-0.016979484359712593,ForecastPage,22
1718907553.5,2.321053,-0.13783563012724825,-0.12676276893698474,-0.011072861186624944,ForecastPage,22
1718907553.75,2.330023,-0.1282751741996777,-0.13134730145854054,0.003072127262574914,ForecastPage,22
1718907554.0,2.32746,-0.13100688529693144,-0.13593434537172555,0.004927460078579773,ForecastPage,22
1718907554.25,2.328741,-0.12964156266112112,-0.1404849886650583,0.01084342600779618,ForecastPage,22
1718907554.5,2.323616,-0.135103919029995,-0.14496263805594198,0.009858719029878418,ForecastPage,22
1718907554.75,2.319772,-0.13920095276305858,-0.14933347072153105,0.010132517962474448,ForecastPage,22
1718907555.0,2.314646,-0.14466437495756507,-0.15356682866846336,0.008902453714967916,ForecastPage,22
1718907555.25,2.305676,-0.15422483088513564,-0.15763555738729998,0.0034107265062978554,ForecastPage,22
1718907555.5,2.30055,-0.1596882530796426,-0.16151629065354028,0.0018280375780906494,ForecastPage,22
1718907555.75,2.299269,-0.16105357571545292,-0.16518968325857553,0.004136107547370097,ForecastPage,22
1718907556.0,2.296706,-0.16378528681270618,-0.16864059315907104,0.004855306350661368,ForecastPage,22
1718907556.25,2.297987,-0.16241996417689586,-0.17185821408834406,0.009438249915787704,ForecastPage,22
1718907556.5,2.294143,-0.16651699790995944,-0.17483615913032827,0.008319161224744753,ForecastPage,22
1718907556.75,2.29158,-0.1692487090072127,-0.17757249515924547,0.008323786156438216,ForecastPage,22
1718907557.0,2.286455,-0.17471106537608658,-0.180069727441384,0.005358662069725382,ForecastPage,22
1718907557.25,2.286455,-0.17471106537608658,-0.1823347331339297,0.007623667762286649,ForecastPage,22
1718907557.5,2.280048,-0.18153981020640386,-0.18437864196421047,0.002838831762259105,ForecastPage,22
1718907557.75,2.276204,-0.18563684393946744,-0.18621666210057758,0.0005798181655654357,ForecastPage,22
1718907558.0,2.269797,-0.19246558876978426,-0.187867849200993,-0.004597739564338576,ForecastPage,22
1718907558.25,2.265952,-0.19656368832848092,-0.18935481690637743,-0.007208871417658079,ForecastPage,22
1718907558.5,2.259545,-0.20339243315879774,-0.19070338767750675,-0.012689045476856538,ForecastPage,22
1718907558.75,2.260827,-0.2020260446973548,-0.19194218387983975,-0.010083860813094264,ForecastPage,22
1718907559.0,2.262108,-0.20066072206154448,-0.1931021603953725,-0.007558561661766313,ForecastPage,22
1718907559.25,2.255701,-0.20748946689186132,-0.1942160817491613,-0.013273385138309625,MarketWaitPage,22
1718907559.5,2.250575,-0.21295288908636828,-0.19531794871791647,-0.017634940364075306,MarketWaitPage,22
1718907559.75,2.250575,-0.21295288908636828,-0.19644238155684848,-0.01651050752515428,MarketWaitPage,22
1718907560.0,2.250575,-0.21295288908636828,-0.19762396924371695,-0.015328919838292404,MarketWaitPage,22
1718907560.25,2.244168,-0.21978163391668512,-0.1988965963888041,-0.02088503752352304,RoundResultsPage,22
1718907560.5,2.249294,-0.2143182117221786,-0.20029276157425707,-0.014025450143557624,RoundResultsPage,22
1718907560.75,2.259545,-0.20339243315879774,-0.20184290272812147,-0.0015495304262981863,RoundResultsPage,22
1718907561.0,2.265952,-0.19656368832848092,-0.20357474655904392,0.00701105823496475,RoundResultsPage,22
1718907561.25,2.265952,-0.19656368832848092,-0.20551269992946136,0.008949011605416168,RoundResultsPage,22
1718907561.5,2.262108,-0.20066072206154448,-0.20767730119942562,0.0070165791423617285,RoundResultsPage,22
1718907561.75,2.269797,-0.19246558876978426,-0.21008474894172743,0.01761916017647972,RoundResultsPage,22
1718907562.0,2.273641,-0.18836855503672068,-0.21274652397838886,0.024377968946271804,RoundResultsPage,22
1718907562.25,2.269797,-0.19246558876978426,-0.21566911844104084,0.02320352967593794,RoundResultsPage,22
1718907562.5,2.264671,-0.19792901096429125,-0.21885388258269703,0.020924871623174676,RoundResultsPage,22
1718907562.75,2.268515,-0.19383197723122766,-0.22229699647688633,0.02846501925052391,RoundResultsPage,22
1718907563.0,2.259545,-0.20339243315879774,-0.22598956968176573,0.022597136527937094,RoundResultsPage,22
1718907563.25,2.255701,-0.20748946689186132,-0.22991786760467017,0.02242840071788777,RoundResultsPage,22
1718907563.5,2.251857,-0.21158650062492487,-0.2340636588823085,0.022477158262576635,RoundResultsPage,22
1718907563.75,2.22751,-0.2375361573103828,-0.23840467381107425,0.0008685165060010776,RoundResultsPage,22
1718907564.0,2.223666,-0.24163319104344635,-0.24291515994033497,0.0012819689023154945,RoundResultsPage,22
1718907564.25,2.20957,-0.2566570691655239,-0.24756651758821963,-0.00909055157176143,RoundResultsPage,22
1718907564.5,2.196756,-0.2703145588261575,-0.25232799543471207,-0.017986563385789783,RoundResultsPage,22
1718907564.75,2.192912,-0.2744115925592211,-0.2571674246214153,-0.01724416793204185,RoundResultsPage,22
1718907565.0,2.190349,-0.2771433036564748,-0.2620519690062203,-0.01509133464438751,RoundResultsPage,22
1718907565.25,2.182661,-0.285337371122602,-0.266948869379311,-0.018388501737326545,RoundResultsPage,22
1718907565.5,2.173691,-0.29489782705017253,-0.2718261604770789,-0.023071666567037828,RoundResultsPage,22
1718907565.75,2.173691,-0.29489782705017253,-0.2766533414185543,-0.01824448562547734,RoundResultsPage,22
1718907566.0,2.174972,-0.2935325044143622,-0.28140198259144805,-0.012130521816693881,RoundResultsPage,22
1718907566.25,2.174972,-0.2935325044143622,-0.28604625487176477,-0.0074862495363028775,RoundResultsPage,22
1718907566.5,2.174972,-0.2935325044143622,-0.2905633702041774,-0.0029691342038204623,RoundResultsPage,22
1718907566.75,2.173691,-0.29489782705017253,-0.294933925834887,3.609879114422829e-05,RoundResultsPage,22
1718907567.0,2.169847,-0.2989948607832361,-0.29914214772776776,0.00014728695102242742,RoundResultsPage,22
1718907567.25,2.162158,-0.3071899940749963,-0.3031760317935118,-0.0040139622749370205,RoundResultsPage,22
1718907567.5,2.159595,-0.3099217051722496,-0.3070273844426039,-0.0028943207230456578,RoundResultsPage,22
1718907567.75,2.159595,-0.3099217051722496,-0.3106917665904135,0.0007700614248131185,RoundResultsPage,22
1718907568.0,2.150625,-0.31948216109982014,-0.31416834757057993,-0.005313813522544198,RoundResultsPage,22
1718907568.25,2.151907,-0.3181157726383767,-0.31745967743297027,-0.0006560951986652533,RoundResultsPage,22
1718907568.5,2.155751,-0.3140187389053131,-0.3205713877970225,0.006552648898494451,RoundResultsPage,22
1718907568.75,2.151907,-0.3181157726383767,-0.32351183278178725,0.005396060150238308,RoundResultsPage,22
1718907569.0,2.149344,-0.32084748373563,-0.3262916825246634,0.005444198795902255,RoundResultsPage,22
1718907569.25,2.142937,-0.32767622856594725,-0.3289234824247856,0.0012472538657461816,RoundResultsPage,22
1718907569.5,2.140374,-0.33040793966320053,-0.3314211915126806,0.0010132518564242073,RoundResultsPage,22
1718907569.75,2.13653,-0.33450497339626406,-0.3337997132800483,-0.0007052601092387544,RoundResultsPage,22
1718907570.0,2.13653,-0.33450497339626406,-0.3360744319365853,0.0015694585473271187,RoundResultsPage,22
1718907570.25,2.13653,-0.33450497339626406,-0.3382607664272992,0.003755793038065376,RoundResultsPage,22
1718907570.5,2.13653,-0.33450497339626406,-0.34037375366773626,0.005868780278521867,RoundResultsPage,22
1718907570.75,2.133967,-0.33723668449351735,-0.34242767135193813,0.0051909868654843715,RoundResultsPage,22
1718907571.0,2.131404,-0.3399683955907711,-0.3444357093732508,0.004467313789551421,RoundResultsPage,22
1718907571.25,2.131404,-0.3399683955907711,-0.3464096973919675,0.006441301808270631,RoundResultsPage,22
1718907571.5,2.12756,-0.34406542932383466,-0.3483598944170047,0.004294465100241985,RoundResultsPage,22
1718907571.75,2.126279,-0.34543075195964495,-0.3502948444815009,0.00486409252892174,RoundResultsPage,22
1718907572.0,2.124997,-0.3467971404210879,-0.352221300630099,0.0054241602160690384,RoundResultsPage,22
1718907572.25,2.11859,-0.3536258852514047,-0.35414421754656195,0.0005183323022078575,RiskPage1,22
1718907572.5,2.116028,-0.35635653052302535,-0.35606681128186685,-0.00028971923411224556,RiskPage1,22
1718907572.75,2.119872,-0.35225949678996177,-0.35799068274031337,0.005731185957398407,RiskPage1,22
1718907573.0,2.113465,-0.3590882416202786,-0.3599159998846217,0.000827758271396879,RiskPage1,22
1718907573.25,2.110902,-0.3618199527175323,-0.36184173206316067,2.177935269682919e-05,RiskPage1,22
1718907573.5,2.110902,-0.3618199527175323,-0.3637659284686972,0.0019459757582567724,RiskPage1,22
1718907573.75,2.109621,-0.36318527535334216,-0.36568603152918855,0.0025007561829711753,RiskPage1,22
1718907574.0,2.108339,-0.3645516638147856,-0.36759921502569926,0.0030475512180811503,RiskPage1,22
1718907574.25,2.101932,-0.3713804086451024,-0.36950273594727995,-0.001877672690601572,RiskPage1,22
1718907574.5,2.100651,-0.3727457312809127,-0.37139428854300816,-0.0013514427306186806,RiskPage1,22
1718907574.75,2.103214,-0.3700140201836595,-0.3732723487323653,0.0032583285560697107,RiskPage1,22
1718907575.0,2.094244,-0.3795744761112295,-0.37513649700054785,-0.0044379791032250916,RiskPage1,22
1718907575.25,2.092962,-0.38094086457267295,-0.37698770814506094,-0.003953156420046887,RiskPage1,22
1718907575.5,2.092962,-0.38094086457267295,-0.37882859675785974,-0.002112267807123677,RiskPage1,22
1718907575.75,2.092962,-0.38094086457267295,-0.3806636081207931,-0.0002772564440509089,RiskPage1,22
1718907576.0,2.087837,-0.38640322094154683,-0.38249914525176015,-0.003904075681805053,RiskPage1,22
1718907576.25,2.085274,-0.38913493203880006,-0.3843436241485074,-0.004791307882148132,RiskPage1,22
1718907576.5,2.089118,-0.38503789830573654,-0.38620745081528773,0.0011695525178654683,RiskPage1,22
1718907576.75,2.081429,-0.39323303159749673,-0.3881029154018913,-0.00513011618711751,RiskPage1,22
1718907577.0,2.075022,-0.40006177642781354,-0.39004400071149625,-0.010017775707654612,RiskPage1,22
1718907577.25,2.080148,-0.3945983542333071,-0.39204610441863486,-0.002552249805836006,RiskPage1,22
1718907577.5,2.073741,-0.4014270990636239,-0.3941256765534959,-0.007301422501121157,RiskPage1,22
1718907577.75,2.07246,-0.4027924216994342,-0.39629977612012973,-0.006492645570131482,RiskPage1,22
1718907578.0,2.068615,-0.40689052125813086,-0.39858555308182136,-0.008304968166976406,RiskPage1,22
1718907578.25,2.068615,-0.40689052125813086,-0.40099966431671985,-0.005890856931925292,RiskPage2,22
1718907578.5,2.068615,-0.40689052125813086,-0.4035576344650517,-0.0033328867834497445,RiskPage2,22
1718907578.75,2.064771,-0.41098755499119444,-0.4062731747969632,-0.004714380184468615,RiskPage2,22
1718907579.0,2.057083,-0.41918162245732155,-0.4091574752667417,-0.01002414718069557,RiskPage2,22
1718907579.25,2.059646,-0.4164499113600683,-0.4122184867255465,-0.004231424624528533,RiskPage2,22
1718907579.5,2.055801,-0.4205480109187645,-0.4154602117848892,-0.0050877991237869655,RiskPage2,22
1718907579.75,2.05452,-0.42191333355457483,-0.4188820240033561,-0.003031309541050485,RiskPage2,22
1718907580.0,2.057083,-0.41918162245732155,-0.4224780358555827,0.0032964134084933656,RiskPage2,22
1718907580.25,2.051957,-0.42464504465182856,-0.42623653628173463,0.0015914916401857894,RiskPage2,22
1718907580.5,2.046832,-0.43010740102070194,-0.4301395184601231,3.211744973231293e-05,RiskPage2,22
1718907580.75,2.040424,-0.43693721167665234,-0.4341623177604606,-0.0027748939058639182,RiskPage2,22
1718907581.0,2.041706,-0.43557082321520896,-0.43827337860258087,0.002702555397703472,RiskPage2,22
1718907581.25,2.040424,-0.43693721167665234,-0.44243416716095063,0.005496955494622738,RiskPage2,22
1718907581.5,2.037862,-0.4396678569482725,-0.44659924452178457,0.00693138758382047,RiskPage2,22
1718907581.75,2.037862,-0.4396678569482725,-0.4507165120226415,0.01104865508465385,RiskPage2,22
1718907582.0,2.040424,-0.43693721167665234,-0.4547276370956945,0.017790425429296153,RiskPage2,22
1718907582.25,2.032736,-0.4451312791427795,-0.4585686640216667,0.01343738488910285,RiskPage2,22
1718907582.5,2.02761,-0.450594701337286,-0.46217080963065926,0.011576108303542306,RiskPage2,22
1718907582.75,2.032736,-0.4451312791427795,-0.4654614392344085,0.020330160101742056,RiskPage2,22
1718907583.0,2.030173,-0.44786299024003273,-0.46836521304297946,0.02050222281299305,RiskPage2,22
1718907583.25,2.023766,-0.45469173507034955,-0.4708053881283644,0.016113653067983128,RiskPage3,22
1718907583.5,2.022485,-0.4560570577061599,-0.47270525578272576,0.016648198086444937,RiskPage3,22
1718907583.75,2.019922,-0.4587887688034131,-0.47398968902672706,0.015200920233094037,RiskPage3,22
1718907584.0,2.017359,-0.46152047990066686,-0.4745867702106878,0.013066290319694753,RiskPage3,22
1718907584.25,2.018641,-0.4601540914392234,-0.4744294642807208,0.014275372851060562,RiskPage3,22
1718907584.5,2.017359,-0.46152047990066686,-0.4734572995134913,0.011936819622276076,RiskPage3,22
1718907584.75,2.018641,-0.4601540914392234,-0.4716180145082674,0.01146392307838645,RiskPage3,22
1718907585.0,2.021203,-0.4574234461676033,-0.46886912810498577,0.011445681946621754,RiskPage3,22
1718907585.25,2.010952,-0.46834922473098367,-0.46517938780424334,-0.0031698369175951957,RiskPage3,22
1718907585.5,2.014796,-0.4642521909979201,-0.4605300523221377,-0.0037221386667194898,RiskPage3,22
1718907585.75,2.022485,-0.4560570577061599,-0.4549159652294905,-0.0011410924676749212,RiskPage3,22
1718907586.0,2.022485,-0.4560570577061599,-0.4483463792896474,-0.007710678407571775,RiskPage3,22
1718907586.25,2.026329,-0.4519600239730963,-0.4408454951788297,-0.011114528785364964,RiskPage3,22
1718907586.5,2.034017,-0.44376595650696915,-0.4324526837687559,-0.011313272729337364,RiskPage3,22
1718907586.75,2.022485,-0.4560570577061599,-0.42322236806026015,-0.032834689637038846,RiskPage3,22
1718907587.0,2.014796,-0.4642521909979201,-0.41322354913653525,-0.05102864185253074,RiskPage3,22
1718907587.25,1.995575,-0.484738425488871,-0.4025389700787545,-0.08219945540126397,RiskPage3,22
1718907587.5,1.995575,-0.484738425488871,-0.39126392252506814,-0.09347450295494941,RiskPage3,22
1718907587.75,2.031455,-0.4464966017785898,-0.37950471223823756,-0.06699188953149829,RiskPage3,22
1718907588.0,2.041706,-0.43557082321520896,-0.3673768123322069,-0.06819401087415024,RiskPage3,22
1718907588.25,2.040424,-0.43693721167665234,-0.3550027452018903,-0.08193446646591693,RiskPage3,22
1718907588.5,2.059646,-0.4164499113600683,-0.3425097460868072,-0.07394016526442905,RiskPage3,22
1718907588.75,2.095525,-0.37820915347541967,-0.3300272718917256,-0.048181881574883206,RiskPage3,22
1718907589.0,2.148063,-0.3222128063714403,-0.31768442768437616,-0.004528378678283949,RiskPage3,22
1718907589.25,2.213415,-0.2525589696068272,-0.3056073895082653,0.05304841991017758,RiskPage4,22
1718907589.5,2.256983,-0.20612307843041838,-0.2939169051587502,0.08779382673702012,RiskPage4,22
1718907589.75,2.29158,-0.1692487090072127,-0.2827259538683468,0.11347724486976075,RiskPage4,22
1718907590.0,2.315927,-0.14329905232175524,-0.27213764115280964,0.12883858883960922,RiskPage4,22
1718907590.25,2.323616,-0.135103919029995,-0.2622433964159177,0.1271394773943959,RiskPage4,22
1718907590.5,2.324897,-0.1337385963941847,-0.25312152867797627,0.11938293229217409,RiskPage4,22
1718907590.75,2.315927,-0.14329905232175524,-0.24483618067401547,0.10153712836054386,RiskPage4,22
1718907591.0,2.30055,-0.1596882530796426,-0.23743670448714085,0.07774845141567549,RiskPage4,22
1718907591.25,2.283892,-0.1774427764733403,-0.23095746389392624,0.053514687428649885,RiskPage4,22
1718907591.5,2.26339,-0.19929433360010154,-0.22541805078251356,0.026123717190356055,RiskPage4,22
1718907591.75,2.244168,-0.21978163391668512,-0.22082388637767242,0.001042252468805474,RiskPage4,22
1718907592.0,2.230073,-0.23480444621312954,-0.21716716345345774,-0.01763728275198436,RiskPage4,22
1718907592.25,2.210852,-0.2552906807040805,-0.21442807393132637,-0.04086260676520066,RiskPage4,22
1718907592.5,2.205726,-0.26075410289858747,-0.21257625773401662,-0.048177845157152704,RiskPage4,22
1718907592.75,2.195475,-0.27167988146196786,-0.21157240375537936,-0.060107477699304995,RiskPage4,22
1718907593.0,2.186505,-0.2812403373895384,-0.21136993236252177,-0.06987040501986508,RiskPage4,22
1718907593.25,2.174972,-0.2935325044143622,-0.21191669082639403,-0.0816158135809441,RiskPage4,22
1718907593.5,2.168565,-0.30036124924467905,-0.21315659817521793,-0.08720465106255866,RiskPage4,22
1718907593.75,2.164721,-0.3044582829777426,-0.21503118374324337,-0.08942709922771107,RiskPage4,22
1718907594.0,2.173691,-0.29489782705017253,-0.2174809735955956,-0.07741685344789463,RiskPage4,22
1718907594.25,2.183942,-0.28397204848679164,-0.22044669040578913,-0.06352535807441646,RiskPage4,22
1718907594.5,2.213415,-0.2525589696068272,-0.2238702445325452,-0.028688725067781362,RiskPage4,22
1718907594.75,2.23648,-0.22797570138281273,-0.22769550623980891,-0.0002801951365756228,RiskPage4,22
1718907595.0,2.24545,-0.21841524545524219,-0.23186886050265204,0.013453615053780316,RiskPage4,22
1718907595.25,2.255701,-0.20748946689186132,-0.23633955600556003,0.0288500891200277,PreMarketWait,23
1718907595.5,2.265952,-0.19656368832848092,-0.24105986828591458,0.0444961799637384,PreMarketWait,23
1718907595.75,2.26339,-0.19929433360010154,-0.24598510321718456,0.04669076962338116,PreMarketWait,23
1718907596.0,2.253138,-0.21022117798911505,-0.25107347107785855,0.04085229309505261,PreMarketWait,23
1718907596.25,2.244168,-0.21978163391668512,-0.256285863405667,0.03650422949531908,PreMarketWait,23
1718907596.5,2.231354,-0.23343912357731922,-0.26158556492223306,0.02814644135129534,PreMarketWait,23
1718907596.75,2.221103,-0.24436490214070009,-0.26693793135165583,0.022573029217396352,PreMarketWait,23
1718907597.0,2.212133,-0.25392535806827016,-0.27231006130884505,0.01838470324708754,PreMarketWait,23
1718907597.25,2.199319,-0.2675828477289043,-0.2776704869563864,0.01008763923407762,MarketGridChoice,23
1718907597.5,2.191631,-0.27577691519503145,-0.2829889041435979,0.007211988955252893,MarketGridChoice,23
1718907597.75,2.178817,-0.2894344048556655,-0.2882359585190731,-0.0011984463298095535,MarketGridChoice,23
1718907598.0,2.173691,-0.29489782705017253,-0.293383099864577,-0.0015147271787138775,MarketGridChoice,23
1718907598.25,2.168565,-0.30036124924467905,-0.29840251279558705,-0.0019587364421123563,MarketGridChoice,23
1718907598.5,2.164721,-0.3044582829777426,-0.3032671281220606,-0.0011911548486083327,MarketGridChoice,23
1718907598.75,2.162158,-0.3071899940749963,-0.30795071562545884,0.0007607215576236059,MarketGridChoice,23
1718907599.0,2.157033,-0.31265235044386974,-0.3124280558111494,-0.00022429462548038785,MarketGridChoice,23
1718907599.25,2.148063,-0.3222128063714403,-0.3166751853423656,-0.005537621021765317,MarketGridChoice,23
1718907599.5,2.141656,-0.3290415512017576,-0.3206697083461375,-0.008371842848251303,MarketGridChoice,23
1718907599.75,2.142937,-0.32767622856594725,-0.3243911635932854,-0.0032850649652437307,MarketGridChoice,23
1718907600.0,2.144218,-0.32631090593013695,-0.3278214356801351,0.0015105297574563407,MarketGridChoice,23
1718907600.25,2.140374,-0.33040793966320053,-0.3309451967567929,0.0005372571010829243,MarketGridChoice,23
1718907600.5,2.1455,-0.3249445174686935,-0.3337503640237333,0.008805846562557411,MarketGridChoice,23
1718907600.75,2.146781,-0.3235791948328837,-0.33622855712171046,0.012649362296368679,MarketGridChoice,23
1718907601.0,2.149344,-0.32084748373563,-0.33837553864834524,0.017528054920281342,MarketGridChoice,23
1718907601.25,2.144218,-0.32631090593013695,-0.34019162035147493,0.013880714428930435,MarketGridChoice,23
1718907601.5,2.1455,-0.3249445174686935,-0.3416820171103809,0.01673749964931064,MarketGridChoice,23
1718907601.75,2.142937,-0.32767622856594725,-0.3428571306928309,0.015180902134544653,MarketGridChoice,23
1718907602.0,2.12756,-0.34406542932383466,-0.34373274557223576,-0.0003326837438909786,MarketGridChoice,23
1718907602.25,2.116028,-0.35635653052302535,-0.3443301199305388,-0.012026410584720888,MarketGridChoice,23
1718907602.5,2.113465,-0.3590882416202786,-0.34467595648899074,-0.014412285123452124,MarketGridChoice,23
1718907602.75,2.105776,-0.36728337491203883,-0.3448022401131551,-0.022481134790964637,MarketGridChoice,23
1718907603.0,2.098088,-0.37547744237816594,-0.3447459322988358,-0.03073151007131389,MarketGridChoice,23
1718907603.25,2.095525,-0.37820915347541967,-0.34454851666501524,-0.03366063680227748,MarketGridChoice,23
1718907603.5,2.090399,-0.3836725756699262,-0.34425539438674857,-0.03941718127492715,MarketGridChoice,23
1718907603.75,2.083992,-0.3905013205002435,-0.34391513395216966,-0.046586186539688636,MarketGridChoice,23
1718907604.0,2.086555,-0.38776960940298977,-0.34357858551584025,-0.04419102387862063,MarketGridChoice,23
1718907604.25,2.094244,-0.3795744761112295,-0.3432978761803499,-0.036276599922201336,MarketGridChoice,23
1718907604.5,2.107058,-0.3659169864505959,-0.3431253084534888,-0.022791677988276953,MarketGridChoice,23
1718907604.75,2.12756,-0.34406542932383466,-0.34311218954570205,-0.0009532397691513587,MarketGridChoice,23
1718907605.0,2.141656,-0.3290415512017576,-0.3433076237241776,0.014266072531548216,MarketGridChoice,23
1718907605.25,2.15447,-0.3153840615411235,-0.34375730328195486,0.028373241750099053,MarketGridChoice,23
1718907605.5,2.166003,-0.30309189451629964,-0.34450233553856713,0.041410441031663615,MarketGridChoice,23
1718907605.75,2.164721,-0.3044582829777426,-0.345578143499351,0.04111986053111864,MarketGridChoice,23
1718907606.0,2.164721,-0.3044582829777426,-0.3470134763348986,0.042555193366762355,MarketGridChoice,23
1718907606.25,2.158314,-0.3112870278080599,-0.34882956280758964,0.037542535009210745,MarketGridChoice,23
1718907606.5,2.148063,-0.3222128063714403,-0.3510394363925302,0.02882663003082099,MarketGridChoice,23
1718907606.75,2.13653,-0.33450497339626406,-0.3536474554212887,0.019142482034778488,MarketGridChoice,23
1718907607.0,2.121153,-0.3508941741541515,-0.35664903546508053,0.005754861320676145,MarketGridChoice,23
1718907607.25,2.116028,-0.35635653052302535,-0.3600306047160628,0.003674074202746836,MarketGridChoice,23
1718907607.5,2.112183,-0.360454630081722,-0.36376978663243287,0.0033151565603506405,MarketGridChoice,23
1718907607.75,2.105776,-0.36728337491203883,-0.36783580783539804,0.0005524329328972215,MarketGridChoice,23
1718907608.0,2.103214,-0.3700140201836595,-0.37219012336209617,0.002176103187841502,MarketGridChoice,23
1718907608.25,2.100651,-0.3727457312809127,-0.3767872460003807,0.004041514728709799,MarketGridChoice,23
1718907608.5,2.095525,-0.37820915347541967,-0.3815757616233193,0.0033666081569511093,MarketGridChoice,23
1718907608.75,2.087837,-0.38640322094154683,-0.3864995082404692,9.628730775948849e-05,MarketGridChoice,23
1718907609.0,2.081429,-0.39323303159749673,-0.3914988929154505,-0.0017341386734428463,MarketGridChoice,23
1718907609.25,2.073741,-0.4014270990636239,-0.3965123177881878,-0.004914781267079317,MarketGridChoice,23
1718907609.5,2.068615,-0.40689052125813086,-0.4014776842065769,-0.005412837043449286,MarketGridChoice,23
1718907609.75,2.062208,-0.41371926608844767,-0.40633394243037874,-0.007385323650213958,MarketGridChoice,23
1718907610.0,2.051957,-0.42464504465182856,-0.4110226535201986,-0.013622391124013478,MarketGridChoice,23
1718907610.25,2.049394,-0.4273767557490818,-0.4154895298485081,-0.011887225893176066,MarketGridChoice,23
1718907610.5,2.046832,-0.43010740102070194,-0.41968592112985553,-0.010421479883639732,MarketGridChoice,23
1718907610.75,2.041706,-0.43557082321520896,-0.423570213905364,-0.012000609302793553,MarketGridChoice,23
1718907611.0,2.044269,-0.43283911211795567,-0.42710911395443424,-0.005729998156582317,MarketGridChoice,23
1718907611.25,2.046832,-0.43010740102070194,-0.4302787830511286,0.00017138203730236723,MarketGridChoice,23
1718907611.5,2.044269,-0.43283911211795567,-0.43306580373443543,0.00022669162334577886,MarketGridChoice,23
1718907611.75,2.044269,-0.43283911211795567,-0.435467948226207,0.002628836115165638,MarketGridChoice,23
1718907612.0,2.04555,-0.4314737894821454,-0.43749473023078583,0.0060209407556642905,MarketGridChoice,23
1718907612.25,2.049394,-0.4273767557490818,-0.43916772103477447,0.011790965292889082,MarketGridChoice,23
1718907612.5,2.046832,-0.43010740102070194,-0.4405206140718204,0.010413213058551113,MarketGridChoice,23
1718907612.75,2.049394,-0.4273767557490818,-0.4415990249318191,0.014222269190468923,MarketGridChoice,23
1718907613.0,2.048113,-0.42874207838489214,-0.4424600167098219,0.013717938333021411,MarketGridChoice,23
1718907613.25,2.041706,-0.43557082321520896,-0.4431713436668475,0.007600520460147701,MarketGridChoice,23
1718907613.5,2.034017,-0.44376595650696915,-0.4438104094960973,4.445299810641734e-05,MarketGridChoice,23
1718907613.75,2.026329,-0.4519600239730963,-0.4444629401532467,-0.007497083810358754,MarketGridChoice,23
1718907614.0,2.022485,-0.4560570577061599,-0.44522137532056427,-0.010835682375558663,MarketGridChoice,23
1718907614.25,2.014796,-0.4642521909979201,-0.44618298721750854,-0.01806920376980734,MarketGridChoice,23
1718907614.5,2.014796,-0.4642521909979201,-0.44744774069550275,-0.016804450291238286,MarketGridChoice,23
1718907614.75,2.004545,-0.475177969561301,-0.4491159143629456,-0.026062055186607775,MarketGridChoice,23
1718907615.0,1.998138,-0.4820067143916178,-0.4512855088263166,-0.030721205553005004,MarketGridChoice,23
1718907615.25,2.000701,-0.47927500329436457,-0.4540494749030753,-0.025225528378477847,MarketGridChoice,23
1718907615.5,1.993012,-0.48747013658612454,-0.45749280171645,-0.029977334856394262,MarketGridChoice,23
1718907615.75,1.989168,-0.4915671703191881,-0.4616895117362459,-0.029877658569252067,MarketGridChoice,23
1718907616.0,1.987887,-0.4929324929549984,-0.46669961686485434,-0.02623287607611494,MarketGridChoice,23
1718907616.25,1.985324,-0.4956642040522517,-0.47256609634043706,-0.023098107697527966,MarketGridChoice,23
1718907616.5,1.976354,-0.5052246599798222,-0.47931196328268194,-0.025912696682686812,MarketGridChoice,23
1718907616.75,1.967384,-0.5147851159073925,-0.4869374918794253,-0.0278476240134454,MarketGridChoice,23
1718907617.0,1.964821,-0.5175168270046461,-0.495417681247181,-0.022099145742978343,MarketGridChoice,23
1718907617.25,1.962259,-0.5202474722762664,-0.5047000346454062,-0.015547437616513398,MarketGridChoice,23
1718907617.5,1.958414,-0.5243455718349629,-0.5147027337416649,-0.00964283807919495,MarketGridChoice,23
1718907617.75,1.95457,-0.5284426055680267,-0.525313286780264,-0.003129318774003428,MarketGridChoice,23
1718907618.0,1.949445,-0.5339049619369003,-0.5363877265842947,0.0024827646607164383,MarketGridChoice,23
1718907618.25,1.949445,-0.5339049619369003,-0.5477504291344721,0.013845467210370914,MarketGridChoice,23
1718907618.5,1.946882,-0.5366366730341537,-0.5591946158768784,0.022557942854924237,MarketGridChoice,23
1718907618.75,1.949445,-0.5339049619369003,-0.5704835928303695,0.03657863090500261,MarketGridChoice,23
1718907619.0,1.9456,-0.538003061495597,-0.5813527669713894,0.043349705486603,MarketGridChoice,23
1718907619.25,1.941756,-0.5421000952286605,-0.5915124653203573,0.04941237010173929,MarketGridChoice,23
1718907619.5,1.950726,-0.5325396393010903,-0.6006515647733451,0.06811192548149643,MarketGridChoice,23
1718907619.75,1.95457,-0.5284426055680267,-0.6084419212388319,0.07999931567922647,MarketGridChoice,23
1718907620.0,1.96354,-0.5188821496404561,-0.6145435653681087,0.09566141573524849,MarketGridChoice,23
1718907620.25,1.967384,-0.5147851159073925,-0.6186106095211844,0.10382549362057172,MarketGridChoice,23
1718907620.5,1.96354,-0.5188821496404561,-0.6202977871024423,0.10141563746797355,MarketGridChoice,23
1718907620.75,1.955852,-0.5270762171065835,-0.6192675216580192,0.09219130455666784,MarketGridChoice,23
1718907621.0,1.955852,-0.5270762171065835,-0.6151973998870368,0.0881211827849811,MarketGridChoice,23
1718907621.25,1.958414,-0.5243455718349629,-0.6077879008097763,0.08344232897870062,MarketGridChoice,23
1718907621.5,1.95457,-0.5284426055680267,-0.5967702136390767,0.06832760807437166,MarketGridChoice,23
1718907621.75,1.950726,-0.5325396393010903,-0.5819139603064022,0.04937432100815327,MarketGridChoice,23
1718907622.0,1.9456,-0.538003061495597,-0.5630346259606221,0.02503156446747808,MarketGridChoice,23
1718907622.25,1.948163,-0.5352713503983435,-0.5400004928846142,0.004729142488430342,MarketGridChoice,23
1718907622.5,1.949445,-0.5339049619369003,-0.5127388708709,-0.021166091064039015,MarketGridChoice,23
1718907622.75,1.955852,-0.5270762171065835,-0.4812414207452997,-0.045834796359428664,MarketGridChoice,23
1718907623.0,1.967384,-0.5147851159073925,-0.445568377847674,-0.06921673805788311,MarketGridChoice,23
1718907623.25,1.971228,-0.5106880821743289,-0.4058514991009282,-0.10483658307150667,MarketGridChoice,23
1718907623.5,1.98148,-0.4997612377853155,-0.36229558084296054,-0.13746565694033383,MarketGridChoice,23
1718907623.75,1.98148,-0.4997612377853155,-0.3151784246554992,-0.1845828131276103,MarketGridChoice,23
1718907624.0,1.982761,-0.49839591514950515,-0.26484916455097046,-0.2335467505960973,MarketGridChoice,23
1718907624.25,2.028892,-0.4492283128758431,-0.21172491035812863,-0.23750340251501062,MarketGridChoice,23
1718907624.5,2.071178,-0.4041588101608771,-0.1562857079627833,-0.24787310219509992,MarketGridChoice,23
1718907624.75,2.149344,-0.32084748373563,-0.09906786586767728,-0.2217796178646561,MarketGridChoice,23
1718907625.0,2.253138,-0.21022117798911505,-0.04065574767027958,-0.16956543031523386,MarketGridChoice,23
1718907625.25,2.360776,-0.09549783850953607,0.018327820404479302,-0.11382565891011555,MarketGridChoice,23
1718907625.5,2.456882,0.006934399770851727,0.07723233089675578,-0.07029793112172135,MarketGridChoice,23
1718907625.75,2.624747,0.18584921964617035,0.13539132721427527,0.05045789243633739,MarketGridChoice,23
1718907626.0,2.681129,0.24594260048321284,0.19213481255171022,0.05380778793617398,MarketGridChoice,23
1718907626.25,2.69138,0.2568683790465937,0.24680203404900605,0.010066345002450724,MarketGridChoice,23
1718907626.5,2.687536,0.2527713453135301,0.29875432192963086,-0.04598297661108938,MarketGridChoice,23
1718907626.75,2.70932,0.27598929090173435,0.3473876542084117,-0.07139836330156586,MarketGridChoice,23
1718907627.0,2.804144,0.3770551407206792,0.3921446180837838,-0.015089477357944595,MarketGridChoice,23
1718907627.25,2.963038,0.5464084388427941,0.4325254493124492,0.11388298953549938,MarketGridChoice,23
1718907627.5,3.135555,0.7302814795626004,0.46809785072459864,0.2621836288430949,MarketGridChoice,23
1718907627.75,3.271384,0.8750515094607004,0.49850532066838865,0.3765461887972863,MarketGridChoice,23
1718907628.0,3.308545,0.9146586558067924,0.5234737615471486,0.3911848942644401,MarketGridChoice,23
1718907628.25,3.31367,0.9201210121756663,0.5428161872455503,0.3773048249346721,MarketGridChoice,23
1718907628.5,3.31367,0.9201210121756663,0.5564354048824091,0.3636856072975084,MarketGridChoice,23
1718907628.75,3.2496,0.8518335638724962,0.5643246088679972,0.28750895500837775,MarketGridChoice,23
1718907629.0,3.159901,0.7562300704224252,0.5665658908653548,0.18966417956050782,MarketGridChoice,23
1718907629.25,3.065077,0.6551642206034803,0.563326734750621,0.0918374858557863,MarketGridChoice,23
1718907629.5,2.968971,0.5527319823230921,0.55485462779437,-0.002122645468928014,MarketGridChoice,23
1718907629.75,2.890805,0.46942065589784493,0.5414699750842695,-0.07204931918471263,MarketGridChoice,23
1718907630.0,2.826735,0.4011332075946753,0.5235575512572649,-0.12242434366156907,MarketGridChoice,23
1718907630.25,2.779323,0.3506002826852029,0.5015567601975656,-0.15095647751207644,MarketGridChoice,23
1718907630.5,2.740881,0.3096278137033005,0.47595099855755074,-0.16632318485472883,MarketGridChoice,23
1718907630.75,2.713971,0.28094644592058937,0.4472564325898203,-0.16630998667049068,MarketGridChoice,23
1718907631.0,2.687062,0.25226614396351127,0.41601050028618186,-0.16374435632471204,MarketGridChoice,23
1718907631.25,2.656308,0.21948774244773653,0.3827604431229558,-0.16327270067802613,MarketGridChoice,23
1718907631.5,2.635805,0.19763511949534218,0.3480521550461787,-0.15041703555437602,MarketGridChoice,23
1718907631.75,2.616584,0.17714888500439124,0.31241961210854857,-0.13527072710838084,MarketGridChoice,23
1718907632.0,2.60377,0.16349139534375712,0.2763751158819374,-0.11288372054302453,MarketGridChoice,23
1718907632.25,2.589674,0.14846751722168008,0.2404005489090813,-0.09193303169278952,MarketGridChoice,23
1718907632.5,2.589674,0.14846751722168008,0.20493980247047328,-0.05647228525463718,MarketGridChoice,23
1718907632.75,2.556358,0.1129584704342847,0.17039249717546323,-0.057434026747380656,MarketGridChoice,23
1718907633.0,2.533293,0.08837520221027019,0.13710907654688456,-0.04873387434307028,MarketGridChoice,23
1718907633.25,2.479474,0.031013532470480946,0.10538731388896104,-0.07437378142508105,MarketGridChoice,23
1718907633.5,2.435906,-0.015422358705927914,0.07547023416075484,-0.09089259287331788,MarketGridChoice,23
1718907633.75,2.407715,-0.0454690491244494,0.04754541602486258,-0.09301446515587057,MarketGridChoice,23
1718907634.0,2.414596,-0.03813510294411372,0.021745605325094158,-0.05988070827558169,MarketGridChoice,23
1718907634.25,2.405626,-0.047695558871684265,-0.0018494594137162669,-0.04584609946405329,MarketGridChoice,23
1718907634.5,2.4005,-0.053158981066190776,-0.02321013561143657,-0.02994884546045351,MarketGridChoice,23
1718907634.75,2.426128,-0.025844001744923014,-0.04235302765357101,0.01650902590342429,MarketGridChoice,23
1718907635.0,2.49148,0.04380983501969051,-0.05933636541079671,0.10314620042581947,MarketGridChoice,23
1718907635.25,2.504294,0.05746732468032415,-0.07425478635221425,0.1317221110284964,MarketGridChoice,23
1718907635.5,2.514545,0.06839310324370501,-0.08723370214735972,0.15562680538770632,MarketGridChoice,23
1718907635.75,2.501731,0.0547356135830709,-0.09842342920503976,0.15315904278548056,MarketGridChoice,23
1718907636.0,2.460726,0.011031433503915769,-0.10799325522018009,0.11902468872222452,MarketGridChoice,23
1718907636.25,2.413314,-0.03950149140555666,-0.11612560120064676,0.07662410979399317,MarketGridChoice,23
1718907636.5,2.394093,-0.05998772589650807,-0.12301042164745365,0.06302269575062422,MarketGridChoice,23
1718907636.75,2.378716,-0.07637692665439544,-0.12883996575120718,0.052463039097253805,MarketGridChoice,23
1718907637.0,2.365902,-0.09003441631502909,-0.13380400082527452,0.043769584511426624,MarketGridChoice,23
1718907637.25,2.355651,-0.10096019487840995,-0.13808557676402589,0.03712538188750095,MarketGridChoice,23
1718907637.5,2.344118,-0.11325236190323375,-0.1418573879405159,0.028605026039825718,MarketGridChoice,23
1718907637.75,2.332586,-0.12554346310242445,-0.14527876730840691,0.019735304209130833,MarketGridChoice,23
1718907638.0,2.31849,-0.1405673412245015,-0.14849332707504753,0.007925985854238322,MarketGridChoice,23
1718907638.25,2.305676,-0.15422483088513564,-0.15162724159119853,-0.002597589289767298,MarketGridChoice,23
1718907638.5,2.299269,-0.16105357571545292,-0.1547881513976725,-0.006265424313203542,MarketGridChoice,23
1718907638.75,2.286455,-0.17471106537608658,-0.15806465293743685,-0.016646412433738437,MarketGridChoice,23
1718907639.0,2.278766,-0.1829061986678468,-0.16152632645560605,-0.021379872207068273,MarketGridChoice,23
1718907639.25,2.276204,-0.18563684393946744,-0.16522424515541445,-0.020412598778691615,MarketGridChoice,23
1718907639.5,2.268515,-0.19383197723122766,-0.16919190176096702,-0.024640075464780184,MarketGridChoice,23
1718907639.75,2.260827,-0.2020260446973548,-0.1734464841915189,-0.028579560500302317,MarketGridChoice,23
1718907640.0,2.253138,-0.21022117798911505,-0.17799042995319306,-0.032230748030396175,MarketGridChoice,23
1718907640.25,2.244168,-0.21978163391668512,-0.1828131889333661,-0.036968444977855494,MarketGridChoice,23
1718907640.5,2.23648,-0.22797570138281273,-0.18789312633625954,-0.04008257504119865,MarketGridChoice,23
1718907640.75,2.232636,-0.23207273511587628,-0.1931995012899137,-0.03887323382075471,MarketGridChoice,23
1718907641.0,2.233917,-0.230707412480066,-0.19869446191675202,-0.03201295055828099,MarketGridChoice,23
1718907641.25,2.224947,-0.24026786840763653,-0.2043350040923454,-0.03593286431045142,MarketGridChoice,23
1718907641.5,2.222384,-0.2429995795048898,-0.21007484839371537,-0.03292473110653647,MarketGridChoice,23
1718907641.75,2.21854,-0.24709661323795334,-0.21586619751981392,-0.03123041571370215,MarketGridChoice,23
1718907642.0,2.221103,-0.24436490214070009,-0.22166134441297772,-0.022703557723475883,MarketGridChoice,23
1718907642.25,2.246731,-0.21704992281943186,-0.2274141090913894,0.010364186276030918,ForecastPage,23
1718907642.5,2.258264,-0.20475775579460806,-0.23308108950709322,0.02832333371640959,ForecastPage,23
1718907642.75,2.256983,-0.20612307843041838,-0.23862271829501203,0.032499639868398315,ForecastPage,23
1718907643.0,2.246731,-0.21704992281943186,-0.24400412286725712,0.026954200051543125,ForecastPage,23
1718907643.25,2.233917,-0.230707412480066,-0.24919579083461577,0.01848837835821638,ForecastPage,23
1718907643.5,2.222384,-0.2429995795048898,-0.2541740462351691,0.011174466733931746,ForecastPage,23
1718907643.75,2.20957,-0.2566570691655239,-0.2589213446628057,0.0022642755009575355,ForecastPage,23
1718907644.0,2.204445,-0.2621194255343973,-0.26342639732035467,0.0013069717896934292,ForecastPage,23
1718907644.25,2.195475,-0.27167988146196786,-0.2676841354788304,-0.003995745979305278,ForecastPage,23
1718907644.5,2.198038,-0.2689481703647146,-0.27169552797191754,0.0027473576111647184,ForecastPage,23
1718907644.75,2.203163,-0.2634858139958407,-0.27546726530438553,0.011981451312667132,ForecastPage,23
1718907645.0,2.185224,-0.2826056600253487,-0.27901132476602514,-0.0035943352550120954,ForecastPage,23
1718907645.25,2.180098,-0.2880690822198552,-0.2823444316487339,-0.005724650566594644,ForecastPage,23
1718907645.5,2.174972,-0.2935325044143622,-0.2854874322821591,-0.008045072127437828,ForecastPage,23
1718907645.75,2.171128,-0.29762953814742577,-0.2884645951508867,-0.00916494299151471,ForecastPage,23
1718907646.0,2.17241,-0.2962631496859824,-0.29130285684547313,-0.00496029283520821,ForecastPage,23
1718907646.25,2.167284,-0.30172657188048935,-0.2940310300227986,-0.007695541852099145,ForecastPage,23
1718907646.5,2.171128,-0.29762953814742577,-0.29667899087395017,-0.0009505472675833907,ForecastPage,23
1718907646.75,2.167284,-0.30172657188048935,-0.29927686376563817,-0.0024497081086525905,ForecastPage,23
1718907647.0,2.17241,-0.2962631496859824,-0.30185422067244755,0.00559107099297175,ForecastPage,23
1718907647.25,2.167284,-0.30172657188048935,-0.304439312695481,0.002712740821803356,ForecastPage,23
1718907647.5,2.167284,-0.30172657188048935,-0.3070583503251862,0.005331778451805862,ForecastPage,23
1718907647.75,2.164721,-0.3044582829777426,-0.3097348481285635,0.0052765651582145,ForecastPage,23
1718907648.0,2.160877,-0.30855531671080616,-0.3124890482210921,0.003933731517946431,ForecastPage,23
1718907648.25,2.16344,-0.30582360561355293,-0.31533743523864133,0.009513829632993718,ForecastPage,23
1718907648.5,2.15447,-0.3153840615411235,-0.31829235358596897,0.0029082920529696207,ForecastPage,23
1718907648.75,2.158314,-0.3112870278080599,-0.32136173554720254,0.010074707747456422,ForecastPage,23
1718907649.0,2.153188,-0.3167504500025664,-0.3245489464474449,0.007798496453350843,ForecastPage,23
1718907649.25,2.146781,-0.3235791948328837,-0.3278527505061869,0.004273555681902342,ForecastPage,23
1718907649.5,2.141656,-0.3290415512017576,-0.331267398380397,0.002225847187333719,ForecastPage,23
1718907649.75,2.139093,-0.33177326229901083,-0.33478283471966663,0.0030095724294144587,ForecastPage,23
1718907650.0,2.132686,-0.33860200712932764,-0.33838502140968174,-0.00021698571085184846,ForecastPage,23
1718907650.25,2.12756,-0.34406542932383466,-0.3420563696200716,-0.002009059694958817,ForecastPage,23
1718907650.5,2.128842,-0.3426990408623912,-0.3457762713435354,0.0030772304899381077,ForecastPage,23
1718907650.75,2.124997,-0.3467971404210879,-0.3495217188463768,0.002724578434057911,ForecastPage,23
1718907651.0,2.123716,-0.3481624630568982,-0.3532679983651356,0.005105535316973192,ForecastPage,23
1718907651.25,2.119872,-0.35225949678996177,-0.35698944249128767,0.0047299457100268005,ForecastPage,23
1718907651.5,2.11859,-0.3536258852514047,-0.36066022399708775,0.007034338754354077,ForecastPage,23
1718907651.75,2.117309,-0.354991207887215,-0.36425517238849087,0.0092639645099282,ForecastPage,23
1718907652.0,2.110902,-0.3618199527175323,-0.3677505932545891,0.00593064054570663,ForecastPage,23
1718907652.25,2.103214,-0.3700140201836595,-0.3711250695577505,0.0011110493827593674,ForecastPage,23
1718907652.5,2.103214,-0.3700140201836595,-0.3743602234255161,0.004346203250568606,ForecastPage,23
1718907652.75,2.092962,-0.38094086457267295,-0.3774414168215252,-0.0034994477423640766,ForecastPage,23
1718907653.0,2.091681,-0.38230618720848325,-0.3803583697446103,-0.0019478174549875747,ForecastPage,23
1718907653.25,2.087837,-0.38640322094154683,-0.3831056753794652,-0.003297545553063383,ForecastPage,23
1718907653.5,2.087837,-0.38640322094154683,-0.38568319292972497,-0.0007200280026402606,ForecastPage,23
1718907653.75,2.083992,-0.3905013205002435,-0.38809630071772144,-0.002405019773148295,ForecastPage,23
1718907654.0,2.077585,-0.3973300653305603,-0.39035599453152225,-0.006974070789445654,ForecastPage,23
1718907654.25,2.068615,-0.40689052125813086,-0.3924788191249235,-0.014411702123373261,ForecastPage,23
1718907654.5,2.067334,-0.4082558438939412,-0.3944866242083442,-0.01376921967550223,ForecastPage,23
1718907654.75,2.060927,-0.415084588724258,-0.396406140177365,-0.01867844853652343,ForecastPage,23
1718907655.0,2.060927,-0.415084588724258,-0.39826837316274954,-0.016816215550855513,ForecastPage,23
1718907655.25,2.058364,-0.41781629982151125,-0.4001078236761968,-0.017708476134375824,ForecastPage,23
1718907655.5,2.060927,-0.415084588724258,-0.4019615380646559,-0.013123050648382324,ForecastPage,23
1718907655.75,2.057083,-0.41918162245732155,-0.4038680070421033,-0.015313615403729303,ForecastPage,23
1718907656.0,2.057083,-0.41918162245732155,-0.40586593059462933,-0.013315691850953685,ForecastPage,23
1718907656.25,2.057083,-0.41918162245732155,-0.4079928734006297,-0.01118874904473099,ForecastPage,23
1718907656.5,2.060927,-0.415084588724258,-0.4102838394240938,-0.004800749288015599,ForecastPage,23
1718907656.75,2.057083,-0.41918162245732155,-0.41276979838496347,-0.006411824060063709,ForecastPage,23
1718907657.0,2.053239,-0.4232786561903851,-0.415476200257527,-0.007802455920466671,ForecastPage,23
1718907657.25,2.05452,-0.42191333355457483,-0.4184215166825429,-0.0034918168595977975,ForecastPage,23
1718907657.5,2.050676,-0.4260103672876384,-0.4216158501063761,-0.004394517168843909,ForecastPage,23
1718907657.75,2.051957,-0.42464504465182856,-0.4250596525035884,0.0004146078641016921,ForecastPage,23
1718907658.0,2.039143,-0.4383025343124622,-0.42874259563438993,-0.009559938665869086,ForecastPage,23
1718907658.25,2.040424,-0.43693721167665234,-0.4326426338815115,-0.004294577783138357,ForecastPage,23
1718907658.5,2.04555,-0.4314737894821454,-0.4367252987570806,0.005251509286677128,ForecastPage,23
1718907658.75,2.039143,-0.4383025343124622,-0.4409432611295682,0.00264072682853036,ForecastPage,23
1718907659.0,2.04555,-0.4314737894821454,-0.44523619305822154,0.013762403587129955,ForecastPage,23
1718907659.25,2.053239,-0.4232786561903851,-0.44953095580954566,0.026252299629795445,ForecastPage,23
1718907659.5,2.049394,-0.4273767557490818,-0.4537421341586424,0.02636537841973441,ForecastPage,23
1718907659.75,2.055801,-0.4205480109187645,-0.4577729294743179,0.03722491856523091,ForecastPage,23
1718907660.0,2.055801,-0.4205480109187645,-0.4615164154279724,0.04096840451836152,ForecastPage,23
1718907660.25,2.057083,-0.41918162245732155,-0.4648571505907105,0.04567552814199932,ForecastPage,23
1718907660.5,2.053239,-0.4232786561903851,-0.46767313189466214,0.04439447571233296,ForecastPage,23
1718907660.75,2.050676,-0.4260103672876384,-0.4698380621998625,0.043827694919722604,ForecastPage,23
1718907661.0,2.042987,-0.4342055005793986,-0.47122389434881723,0.03701839377636496,ForecastPage,23
1718907661.25,2.040424,-0.43693721167665234,-0.4717036034710413,0.03476639180079639,ForecastPage,23
1718907661.5,2.035299,-0.44239956804552577,-0.4711541293083993,0.028754561268763572,ForecastPage,23
1718907661.75,2.02761,-0.450594701337286,-0.46945942136263313,0.018864720030749654,ForecastPage,23
1718907662.0,2.028892,-0.4492283128758431,-0.46651351209771863,0.017285199226828293,ForecastPage,23
1718907662.25,2.022485,-0.4560570577061599,-0.462223537609366,0.006166479907753755,ForecastPage,23
1718907662.5,2.025048,-0.4533253466089066,-0.45651262140689913,0.0031872748021852257,ForecastPage,23
1718907662.75,2.025048,-0.4533253466089066,-0.44932253549228185,-0.00400281111273325,ForecastPage,23
1718907663.0,2.025048,-0.4533253466089066,-0.44061605396388853,-0.012709292641371892,ForecastPage,23
1718907663.25,2.019922,-0.4587887688034131,-0.43037891805630485,-0.02840985074365101,ForecastPage,23
1718907663.5,2.017359,-0.46152047990066686,-0.4186213379287099,-0.04289914196863327,ForecastPage,23
1718907663.75,2.019922,-0.4587887688034131,-0.4053789656443386,-0.05340980315583112,ForecastPage,23
1718907664.0,2.019922,-0.4587887688034131,-0.390713285576374,-0.06807548322382573,ForecastPage,23
1718907664.25,2.02761,-0.450594701337286,-0.37471138277213917,-0.07588331856191757,ForecastPage,23
1718907664.5,2.042987,-0.4342055005793986,-0.35748506633958627,-0.07672043423652662,ForecastPage,23
1718907664.75,2.071178,-0.4041588101608771,-0.33916934330422555,-0.06498946685327532,ForecastPage,23
1718907665.0,2.090399,-0.3836725756699262,-0.31992025812799063,-0.06375231753844154,ForecastPage,23
1718907665.25,2.069897,-0.4055241327966875,-0.2999121336030223,-0.1056119991900336,ForecastPage,23
1718907665.5,2.078867,-0.3959636768691174,-0.2793342694947306,-0.11662940737060516,ForecastPage,23
1718907665.75,2.075022,-0.40006177642781354,-0.25838717543824585,-0.1416746009856299,ForecastPage,23
1718907666.0,2.086555,-0.38776960940298977,-0.2372784334783675,-0.15049117592052796,ForecastPage,23
1718907666.25,2.159595,-0.3099217051722496,-0.2162183024902208,-0.093703402677782,ForecastPage,23
1718907666.5,2.360776,-0.09549783850953607,-0.19541519060358628,0.09991735209844232,ForecastPage,23
1718907666.75,2.368465,-0.08730270521777583,-0.1750711316396144,0.08776842642636687,ForecastPage,23
1718907667.0,2.41844,-0.034038069211050154,-0.15537740641675793,0.12133933721036114,ForecastPage,23
1718907667.25,2.445349,-0.005357767253971603,-0.13651044877710883,0.13115268152790246,ForecastPage,23
1718907667.5,2.469696,0.020591889431485846,-0.11862816895879541,0.13922005839514293,ForecastPage,23
1718907667.75,2.486355,0.03834747865081663,-0.10186681367902897,0.1402142923347861,ForecastPage,23
1718907668.0,2.50045,0.05337029094726058,-0.08633846365745831,0.13970875460971882,ForecastPage,23
1718907668.25,2.50942,0.06293074687483113,-0.07212924627824803,0.1350599931581175,ForecastPage,23
1718907668.5,2.504294,0.05746732468032415,-0.059298314813091696,0.11676563949847032,ForecastPage,23
1718907668.75,2.496606,0.049273257214197015,-0.047877617342383307,0.0971508745616274,ForecastPage,23
1718907669.0,2.48251,0.03424937909211996,-0.03787244948149831,0.07212182857863321,ForecastPage,23
1718907669.25,2.48251,0.03424937909211996,-0.029262756484302405,0.06351213558137966,ForecastPage,23
1718907669.5,2.473541,0.024689988990182512,-0.022005123423590834,0.04669511241864725,ForecastPage,23
1718907669.75,2.459445,0.009666110868105454,-0.01603536798470324,0.025701478857573644,ForecastPage,23
1718907670.0,2.426128,-0.025844001744923014,-0.011271629848862322,-0.014572371891429507,ForecastPage,23
1718907670.25,2.410751,-0.04223320250281039,-0.007617834417288887,-0.03461536808104768,ForecastPage,23
1718907670.5,2.408189,-0.04496384777443054,-0.004967397295637815,-0.03999645047449825,ForecastPage,23
1718907670.75,2.395375,-0.05862133743506466,-0.003207029895199737,-0.05541430753576978,ForecastPage,23
1718907671.0,2.377435,-0.07774224929020528,-0.0022205058821429717,-0.07552174340418427,ForecastPage,23
1718907671.25,2.356932,-0.09959487224259964,-0.0018922529786202377,-0.09770261926033397,ForecastPage,23
1718907671.5,2.333867,-0.12417814046661414,-0.002110644557930333,-0.12206749590528414,ForecastPage,23
1718907671.75,2.321053,-0.13783563012724825,-0.002770880180226385,-0.13506474994387888,ForecastPage,23
1718907672.0,2.322334,-0.13647030749143796,-0.0037773631254574076,-0.13269294436310303,ForecastPage,23
1718907672.25,2.324897,-0.1337385963941847,-0.0050455053683897445,-0.1286930910231897,RoundResultsPage,23
1718907672.5,2.326179,-0.13237220793274126,-0.006502915408523112,-0.1258692925218899,RoundResultsPage,23
1718907672.75,2.332586,-0.12554346310242445,-0.008089950869583655,-0.1174535122307919,RoundResultsPage,23
1718907673.0,2.364621,-0.0913997389508394,-0.009759644673826385,-0.0816400942752432,RoundResultsPage,23
1718907673.25,2.4005,-0.053158981066190776,-0.011477039691059836,-0.04168194137363694,RoundResultsPage,23
1718907673.5,2.40947,-0.0435985251386207,-0.013217990896926648,-0.03038053424046966,RoundResultsPage,23
1718907673.75,2.446631,-0.003991378792528663,-0.014967515167422082,0.010976136375857183,RoundResultsPage,23
1718907674.0,2.49148,0.04380983501969051,-0.016717785954617297,0.060527620975022324,RoundResultsPage,23
1718907674.25,2.519671,0.073856525438212,-0.018465882513642225,0.09232240795233287,RoundResultsPage,23
1718907674.5,2.522234,0.07658823653546526,-0.020211410626009188,0.09679964716173216,RoundResultsPage,23
1718907674.75,2.510701,0.06429606951064144,-0.021954113724294143,0.08625018323498819,RoundResultsPage,23
1718907675.0,2.514545,0.06839310324370501,-0.023691590109439817,0.09208469335300859,RoundResultsPage,23
1718907675.25,2.519671,0.073856525438212,-0.0254172239930636,0.09927374943096666,RoundResultsPage,23
1718907675.5,2.499169,0.052004968311450746,-0.02711842604336292,0.07912339435434775,RoundResultsPage,23
1718907675.75,2.485073,0.03698109018937321,-0.028775263745637446,0.0657563539344026,RoundResultsPage,23
1718907676.0,2.481229,0.032884056456309645,-0.0303595440410647,0.0632436004966378,RoundResultsPage,23
1718907676.25,2.459445,0.009666110868105454,-0.03183439121599843,0.04150050208325144,RoundResultsPage,23
1718907676.5,2.451756,0.0014709775763452188,-0.03315434267958803,0.034625320254976735,RoundResultsPage,23
1718907676.75,2.455601,0.005569077135041887,-0.034265964823204334,0.03983504195719735,RoundResultsPage,23
1718907677.0,2.456882,0.006934399770851727,-0.03510897124339163,0.04204337101311407,RoundResultsPage,23
1718907677.25,2.453038,0.0028373660377881593,-0.035617806776368124,0.038455172812958974,RoundResultsPage,23
1718907677.5,2.435098,-0.016283545817352467,-0.035723643497986256,0.019440097679381395,RoundResultsPage,23
1718907677.75,2.424847,-0.027209324380732855,-0.03535671949171113,0.008147395109684387,RoundResultsPage,23
1718907678.0,2.426128,-0.025844001744923014,-0.03444893814581423,0.008604936399570138,RoundResultsPage,23
1718907678.25,2.415877,-0.036769780308303406,-0.032936635342721496,-0.0038331449669150672,RoundResultsPage,23
1718907678.5,2.419721,-0.03267274657523984,-0.030763414428582204,-0.0019093321479869592,RoundResultsPage,23
1718907678.75,2.42741,-0.024477613283479603,-0.02788294450709281,0.0034053312223043877,RoundResultsPage,23
1718907679.0,2.422284,-0.029941035477986582,-0.02426161651937833,-0.005679418959879293,RoundResultsPage,23
1718907679.25,2.405626,-0.047695558871684265,-0.019880953819108014,-0.027814605053792053,RoundResultsPage,23
1718907679.5,2.397937,-0.05589069216344403,-0.014739679552277745,-0.04115101261230969,RoundResultsPage,23
1718907679.75,2.395375,-0.05862133743506466,-0.008855352092072185,-0.04976598534404714,RoundResultsPage,23
1718907680.0,2.373591,-0.08183928302326933,-0.0022654920019024617,-0.07957379102231782,RoundResultsPage,23
1718907680.25,2.335148,-0.1228128178308043,0.004971860632339104,-0.12778467846397745,RoundResultsPage,23
1718907680.5,2.276204,-0.18563684393946744,0.012778201397994635,-0.198415045338168,RoundResultsPage,23
1718907680.75,2.269797,-0.19246558876978426,0.021055251428529573,-0.21352084019888243,RoundResultsPage,23
1718907681.0,2.31849,-0.1405673412245015,0.029686281488747506,-0.17025362271367256,RoundResultsPage,23
1718907681.25,2.4005,-0.053158981066190776,0.03853804622805031,-0.0916970272945128,RoundResultsPage,23
1718907681.5,2.469696,0.020591889431485846,0.047463281224400466,-0.026871391793028415,RoundResultsPage,23
1718907681.75,2.541455,0.0970744710264162,0.05630369380166652,0.040770777224799326,RoundResultsPage,23
1718907682.0,2.596556,0.15580252922764887,0.06489336013666935,0.09090916909119735,RoundResultsPage,23
1718907682.25,2.636279,0.19814032084536104,0.07306242713543366,0.12507789371031694,RoundResultsPage,23
1718907682.5,2.661907,0.22545530016662882,0.08064100877170022,0.1448142913954915,RoundResultsPage,23
1718907682.75,2.670877,0.23501575609419936,0.08746316333170102,0.14755259276323354,RoundResultsPage,23
1718907683.0,2.651656,0.21452952160324842,0.09337084006190553,0.12115868154224571,RoundResultsPage,23
1718907683.25,2.632435,0.19404328711229749,0.0982176903981378,0.0958255967152213,RiskPage1,23
1718907683.5,2.611933,0.17219172998553622,0.10187264928230921,0.07031908070443382,RiskPage1,23
1718907683.75,2.574772,0.1325845836394442,0.10422320490092345,0.02836137873985406,RiskPage1,23
1718907684.0,2.551706,0.10800024958979658,0.10517828934538637,0.0028219602458462167,RiskPage1,23
1718907684.25,2.532485,0.08751401509884564,0.10467073714661976,-0.017156722046264047,RiskPage1,23
1718907684.5,2.520952,0.07522184807402184,0.10265927252535212,-0.027437424449778813,RiskPage1,23
1718907684.75,2.519671,0.073856525438212,0.09912999892468909,-0.0252734734849204,RiskPage1,23
1718907685.0,2.503013,0.056102002044514314,0.09409737561132496,-0.037995373565287635,RiskPage1,23
1718907685.25,2.50942,0.06293074687483113,0.08760467573355075,-0.024673928857271064,RiskPage1,23
1718907685.5,2.501731,0.0547356135830709,0.07972392827058408,-0.024988314686180863,RiskPage1,23
1718907685.75,2.490199,0.042444512383880195,0.07055535297517845,-0.02811084059012399,RiskPage1,23
1718907686.0,2.485073,0.03698109018937321,0.06022630293770546,-0.023245212747356817,RiskPage1,23
1718907686.25,2.483792,0.035615767553563375,0.048889734045510815,-0.013273966491209599,RiskPage1,23
1718907686.5,2.479948,0.031518733820499335,0.03672222463558715,-0.005203490814623485,RiskPage1,23
1718907686.75,2.470978,0.021958277892929257,0.023921572285910322,-0.001963294392822619,RiskPage1,23
1718907687.0,2.462008,0.012397821965358708,0.010703998180035685,0.001693823785147451,RiskPage1,23
1718907687.25,2.458163,0.008299722406662042,-0.0026990070092194713,0.01099872941534872,RiskPage1,23
1718907687.5,2.451756,0.0014709775763452188,-0.016044158109118186,0.0175151356845556,RiskPage1,23
1718907687.75,2.455601,0.005569077135041887,-0.02908012981627022,0.034649206950017206,RiskPage1,23
1718907688.0,2.431254,-0.020380579550416035,-0.041551544828853926,0.021170965276749644,RiskPage1,23
1718907688.25,2.388968,-0.06545008226538147,-0.05320314580517129,-0.012246936462292059,RiskPage2,23
1718907688.5,2.38256,-0.07227989292133187,-0.06378409679821319,-0.00849579612558842,RiskPage2,23
1718907688.75,2.379998,-0.07501053819295203,-0.07305235545359452,-0.001958182742203062,RiskPage2,23
1718907689.0,2.390249,-0.06408475962957164,-0.0807790530965461,0.016694293463771423,RiskPage2,23
1718907689.25,2.4005,-0.053158981066190776,-0.08675281597969028,0.03359383490996358,RiskPage2,23
1718907689.5,2.426128,-0.025844001744923014,-0.09078395746768442,0.06493995571892298,RiskPage2,23
1718907689.75,2.428691,-0.023112290647669287,-0.0927084678284478,0.06959617717667341,RiskPage2,23
1718907690.0,2.395375,-0.05862133743506466,-0.09239172566344665,0.03377038822405064,RiskPage2,23
1718907690.25,2.401782,-0.051792592604747834,-0.0897318530312647,0.03793926042200334,RiskPage2,23
1718907690.5,2.390249,-0.06408475962957164,-0.0846626353199966,0.020577875685776056,RiskPage2,23
1718907690.75,2.399219,-0.05452430370200109,-0.07715592732278685,0.022631623616050037,RiskPage2,23
1718907691.0,2.405626,-0.047695558871684265,-0.06722346921150846,0.019527910335051083,RiskPage2,23
1718907691.25,2.401782,-0.051792592604747834,-0.05491804058953635,0.0031254479800272156,RiskPage2,23
1718907691.5,2.394093,-0.05998772589650807,-0.04033388786590503,-0.01965383803530469,RiskPage2,23
1718907691.75,2.392812,-0.06135304853231791,-0.023606370085324083,-0.037746678451590514,RiskPage2,23
1718907692.0,2.385123,-0.06954818182407815,-0.004910781253959859,-0.06463740057456827,RiskPage2,23
1718907692.25,2.388968,-0.06545008226538147,0.015539676788074748,-0.0809897590577223,RiskPage2,23
1718907692.5,2.346681,-0.1105206508059805,0.03749677781258636,-0.14801742862261721,RiskPage2,23
1718907692.75,2.371028,-0.08457099412052257,0.06068099587295808,-0.14525198999728964,RiskPage2,23
1718907693.0,2.385123,-0.06954818182407815,0.08478603166616265,-0.15433421349378945,RiskPage2,23
1718907693.25,2.378716,-0.07637692665439544,0.10948407477293157,-0.18586100143060347,RiskPage3,23
1718907693.5,2.372309,-0.08320567148471227,0.13443170871646773,-0.21763738020417964,RiskPage3,23
1718907693.75,2.397937,-0.05589069216344403,0.15927633870009505,-0.2151670308662637,RiskPage3,23
1718907694.0,2.458163,0.008299722406662042,0.1836629963148073,-0.1753632739106022,RiskPage3,23
1718907694.25,2.549144,0.10526960431817643,0.20724135298199106,-0.10197174866601512,RiskPage3,23
1718907694.5,2.722134,0.2896467805623685,0.22967275609749918,0.059974024462911696,RiskPage3,23
1718907694.75,2.86437,0.44124555529078574,0.2506370905076711,0.19060846478138502,RiskPage3,23
1718907695.0,2.966883,0.5505065384014908,0.26983926467083785,0.280667273729136,RiskPage3,23
1718907695.25,3.025353,0.6128253631601351,0.2870151268067379,0.32581023635207745,RiskPage3,23
1718907695.5,3.045856,0.6346779861125295,0.30193663195291937,0.3327413541584706,RiskPage3,23
1718907695.75,3.007414,0.5937055171306271,0.314416105652189,0.27928941147746045,RiskPage3,23
1718907696.0,2.956157,0.5390744926624584,0.32430948258314723,0.21476501007847484,RiskPage3,23
1718907696.25,2.90362,0.48307921138411214,0.3315184366779166,0.15156077470547652,RiskPage3,23
1718907696.5,2.852363,0.42844818691594305,0.33599136059386786,0.09245682632144658,RiskPage3,23
1718907696.75,2.802388,0.3751835509092174,0.33772319420084485,0.0374603567078049,RiskPage3,23
1718907697.0,2.765228,0.33557747038875846,0.33675414162557804,-0.0011766712373580124,RiskPage3,23
1718907697.25,2.725504,0.29323861294541315,0.33316735240130857,-0.03992873945643806,RiskPage3,23
1718907697.5,2.692187,0.25772850033238515,0.3270856729561957,-0.06935717262439173,RiskPage3,23
1718907697.75,2.671685,0.2358769432056239,0.3186675991064572,-0.08279065590148786,RiskPage3,23
1718907698.0,2.655026,0.21812135398629312,0.308102577936664,-0.08998122395113378,RiskPage3,23
1718907698.25,2.631961,0.19353808576227863,0.29560581839113004,-0.10206773262975632,RiskPage3,23
1718907698.5,2.62171,0.18261230719889823,0.28141277433668244,-0.09880046713886256,RiskPage3,23
1718907698.75,2.60377,0.16349139534375712,0.2657734623089282,-0.10228206696645079,RiskPage3,23
1718907699.0,2.584549,0.14300516085280618,0.24894676931910018,-0.10594160846779796,RiskPage3,23
1718907699.25,2.575579,0.13344470492523564,0.23119489478993904,-0.09775018986644815,RiskPage4,23
1718907699.5,2.57686,0.13481002756104596,0.21277805579043016,-0.07796802823137866,RiskPage4,23
1718907699.75,2.579423,0.13754173865829922,0.19394956717150538,-0.056407828515450925,RiskPage4,23
1718907700.0,2.575579,0.13344470492523564,0.17495138889621467,-0.04150668397346616,RiskPage4,23
1718907700.25,2.570453,0.12798128273072915,0.15601021270613114,-0.028028929978115374,RiskPage4,23
1718907700.5,2.569172,0.12661596009491882,0.1373341400915006,-0.010718179999497729,RiskPage4,23
1718907700.75,2.557639,0.11432379307009502,0.11910998403587551,-0.00478619096886819,RiskPage4,23
1718907701.0,2.553795,0.11022675933703145,0.1015012087410604,0.008725550592748356,RiskPage4,23
1718907701.25,2.543544,0.09930098077365059,0.08464650491091205,0.014654475859422287,RiskPage4,23
1718907701.5,2.53073,0.08564349111301695,0.06865898345099813,0.016984507658653822,RiskPage4,23
1718907701.75,2.515353,0.06925429035512957,0.053625957772077175,0.015628332579685628,RiskPage4,23
1718907702.0,2.505102,0.05832851179174871,0.03960927431258052,0.018719237475847403,RiskPage4,23
1718907702.25,2.489725,0.04193931103386134,0.026646142380498596,0.015293168650135289,RiskPage4,23
1718907702.5,2.479474,0.031013532470480946,0.014750407861655202,0.016263124605737367,RiskPage4,23
1718907702.75,2.469222,0.020086688081466984,0.003914210617565466,0.01617247746099526,RiskPage4,23
1718907703.0,2.458971,0.009160909518086593,-0.005890037646438308,0.015050947161840217,RiskPage4,23
1718907703.25,2.44872,-0.0017648690452942697,-0.014707419776831763,0.012942550729109506,RiskPage4,23
1718907703.5,2.442313,-0.008593613875611092,-0.02259808870495392,0.014004474827201824,RiskPage4,23
1718907703.75,2.433343,-0.01815406980318164,-0.029634715905125366,0.011480646100114678,RiskPage4,23
1718907704.0,2.425654,-0.026349203094941404,-0.03589987439784258,0.009550671301403496,RiskPage4,23
1718907704.25,2.417966,-0.03454327056106901,-0.041483414806070734,0.006940144243849339,PreMarketWait,24
1718907704.5,2.414122,-0.03864030429413258,-0.046479889044768685,0.00783958474983757,PreMarketWait,24
1718907704.75,2.407715,-0.0454690491244494,-0.05098607159770988,0.005517022472819287,PreMarketWait,24
1718907705.0,2.41844,-0.034038069211050154,-0.055098623116345675,0.02106055390521057,PreMarketWait,24
1718907705.25,2.415877,-0.036769780308303406,-0.05891193535521371,0.022142155047176308,PreMarketWait,24
1718907705.5,2.406907,-0.046330236235873956,-0.06251619032292761,0.01618595408766152,PreMarketWait,24
1718907705.75,2.401782,-0.051792592604747834,-0.06599566006923777,0.014203067465427068,PreMarketWait,24
1718907706.0,2.397937,-0.05589069216344403,-0.06942726685999948,0.01353657469780634,PreMarketWait,24
1718907706.25,2.39153,-0.06271943699376133,-0.07287941675172438,0.010159979759509816,PreMarketWait,24
1718907706.5,2.383842,-0.07091350445988846,-0.07641111291994199,0.005497608461876487,PreMarketWait,24
1718907706.75,2.374872,-0.080473960387459,-0.08007134867318794,-0.00040261171219265184,PreMarketWait,24
1718907707.0,2.371028,-0.08457099412052257,-0.08389877403336576,-0.0006722200848440904,PreMarketWait,24
1718907707.25,2.374872,-0.080473960387459,-0.08792162419585922,0.00744766381092626,PreMarketWait,24
1718907707.5,2.374872,-0.080473960387459,-0.09215789318334491,0.011683932798604958,PreMarketWait,24
1718907707.75,2.367183,-0.08866909367921924,-0.09661573163285331,0.007946637956526684,PreMarketWait,24
1718907708.0,2.358214,-0.0982284837811567,-0.10129404394636651,0.003065560168257618,PreMarketWait,24
1718907708.25,2.356932,-0.09959487224259964,-0.10618325703099706,0.0065883847915831975,PreMarketWait,24
1718907708.5,2.335148,-0.1228128178308043,-0.11126623060706636,-0.011546587220430053,PreMarketWait,24
1718907708.75,2.326179,-0.13237220793274126,-0.11651927763206321,-0.015852930297262525,PreMarketWait,24
1718907709.0,2.314646,-0.14466437495756507,-0.12191326283071001,-0.022751112123344845,PreMarketWait,24
1718907709.25,2.305676,-0.15422483088513564,-0.1274147476653876,-0.026810083216154308,PreMarketWait,24
1718907709.5,2.301832,-0.1583218646181992,-0.13298715131067335,-0.025334713303857993,PreMarketWait,24
1718907709.75,2.30055,-0.1596882530796426,-0.1385918992358246,-0.02109635384008328,PreMarketWait,24
1718907710.0,2.303113,-0.1569565419823889,-0.1441895337151387,-0.012767008263453165,PreMarketWait,24
1718907710.25,2.310802,-0.14876140869062912,-0.14974076379718765,0.0009793551104159484,MarketGridChoice,24
1718907710.5,2.304394,-0.15559121934657905,-0.1552074357666215,-0.00038378357603910396,MarketGridChoice,24
1718907710.75,2.30055,-0.1596882530796426,-0.1605534087306597,0.0008651556549993666,MarketGridChoice,24
1718907711.0,2.294143,-0.16651699790995944,-0.16574532349589857,-0.000771674410010123,MarketGridChoice,24
1718907711.25,2.290299,-0.170614031643023,-0.17075325626074328,0.00013922462184553543,MarketGridChoice,24
1718907711.5,2.287736,-0.17334574274027625,-0.17555125177623426,0.0022055090401646134,MarketGridChoice,24
1718907711.75,2.282611,-0.17880809910915013,-0.180117733500178,0.001309634395323319,MarketGridChoice,24
1718907712.0,2.281329,-0.18017448757059354,-0.18443579088098555,0.00426130331478407,MarketGridChoice,24
1718907712.25,2.274922,-0.18700323240091038,-0.18849334626059125,0.0014901138641773646,MarketGridChoice,24
1718907712.5,2.265952,-0.19656368832848092,-0.19228320598737786,-0.0042804823364947005,MarketGridChoice,24
1718907712.75,2.260827,-0.2020260446973548,-0.19580300219232133,-0.006223042500306197,MarketGridChoice,24
1718907713.0,2.265952,-0.19656368832848092,-0.19905503331922372,0.002491344995595602,MarketGridChoice,24
1718907713.25,2.256983,-0.20612307843041838,-0.20204601292343183,-0.004077065502002162,MarketGridChoice,24
1718907713.5,2.255701,-0.20748946689186132,-0.2047867374623936,-0.0027027294243461807,MarketGridChoice,24
1718907713.75,2.255701,-0.20748946689186132,-0.20729168478309568,-0.00019778210350194884,MarketGridChoice,24
1718907714.0,2.256983,-0.20612307843041838,-0.20957855574609016,0.0034554773210817707,MarketGridChoice,24
1718907714.25,2.255701,-0.20748946689186132,-0.21166777189310715,0.004178305006805471,MarketGridChoice,24
1718907714.5,2.25442,-0.2088547895276716,-0.21358194224862642,0.004727152726666677,MarketGridChoice,24
1718907714.75,2.256983,-0.20612307843041838,-0.2153453122366569,0.009222233812104033,MarketGridChoice,24
1718907715.0,2.258264,-0.20475775579460806,-0.21698320729675108,0.012225451508162498,MarketGridChoice,24
1718907715.25,2.248013,-0.21568353435798893,-0.2185214831191629,0.002837948767346554,MarketGridChoice,24
1718907715.5,2.24545,-0.21841524545524219,-0.2199859935270044,0.0015707480780858124,MarketGridChoice,24
1718907715.75,2.244168,-0.21978163391668512,-0.2214020859679037,0.001620452057690045,MarketGridChoice,24
1718907716.0,2.242887,-0.22114695655249542,-0.22279413340251134,0.001647176856631018,MarketGridChoice,24
1718907716.25,2.235198,-0.22934208984425566,-0.22418511015310835,-0.005156979684393926,MarketGridChoice,24
1718907716.5,2.232636,-0.23207273511587628,-0.22559621804983118,-0.006476517059160145,MarketGridChoice,24
1718907716.75,2.232636,-0.23207273511587628,-0.2270465680134641,-0.005026167095403811,MarketGridChoice,24
1718907717.0,2.232636,-0.23207273511587628,-0.22855292105246428,-0.003519814056289753,MarketGridChoice,24
1718907717.25,2.23648,-0.22797570138281273,-0.23012949151951761,0.0021537901439301777,MarketGridChoice,24
1718907717.5,2.23648,-0.22797570138281273,-0.23178781434446047,0.00381211296896435,MarketGridChoice,24
1718907717.75,2.237761,-0.2266103787470024,-0.233536676801548,0.006926298061941359,MarketGridChoice,24
1718907718.0,2.237761,-0.2266103787470024,-0.23538211414894378,0.008771735409403953,MarketGridChoice,24
1718907718.25,2.239043,-0.225243990285559,-0.2373274671822507,0.012083476904208586,MarketGridChoice,24
1718907718.5,2.233917,-0.230707412480066,-0.23937349838115096,0.008666085908643777,MarketGridChoice,24
1718907718.75,2.230073,-0.23480444621312954,-0.2415185619337723,0.00671411572823186,MarketGridChoice,24
1718907719.0,2.224947,-0.24026786840763653,-0.2437588215550646,0.0034909531550371487,MarketGridChoice,24
1718907719.25,2.221103,-0.24436490214070009,-0.24608850874706167,0.0017236066139820262,MarketGridChoice,24
1718907719.5,2.222384,-0.2429995795048898,-0.24850021305985265,0.0055006335625876635,MarketGridChoice,24
1718907719.75,2.210852,-0.2552906807040805,-0.25098519507608735,-0.0043054856203693665,MarketGridChoice,24
1718907720.0,2.205726,-0.26075410289858747,-0.2535337123187618,-0.00722039057220711,MarketGridChoice,24
1718907720.25,2.205726,-0.26075410289858747,-0.2561353481148939,-0.004618754776083182,MarketGridChoice,24
1718907720.5,2.199319,-0.2675828477289043,-0.25877933366159644,-0.008803514059707392,MarketGridChoice,24
1718907720.75,2.191631,-0.27577691519503145,-0.2614548541404181,-0.014322061047023847,MarketGridChoice,24
1718907721.0,2.189068,-0.2785086262922852,-0.26415133069138047,-0.014357295593326453,MarketGridChoice,24
1718907721.25,2.190349,-0.2771433036564748,-0.26685867134641206,-0.010284632302496023,MarketGridChoice,24
1718907721.5,2.190349,-0.2771433036564748,-0.2695674855667472,-0.0075758180821725845,MarketGridChoice,24
1718907721.75,2.190349,-0.2771433036564748,-0.2722692587440214,-0.00487404490491063,MarketGridChoice,24
1718907722.0,2.186505,-0.2812403373895384,-0.2749564848097901,-0.006283852572219027,MarketGridChoice,24
1718907722.25,2.189068,-0.2785086262922852,-0.27762275684983895,-0.0008858694349331096,MarketGridChoice,24
1718907722.5,2.185224,-0.2826056600253487,-0.2802628172445395,-0.0023428427733160496,MarketGridChoice,24
1718907722.75,2.186505,-0.2812403373895384,-0.2828725702783479,0.0016322328962780786,MarketGridChoice,24
1718907723.0,2.186505,-0.2812403373895384,-0.2854490613223363,0.004208723940236674,MarketGridChoice,24
1718907723.25,2.186505,-0.2812403373895384,-0.28799042755253285,0.0067500901703980536,MarketGridChoice,24
1718907723.5,2.183942,-0.28397204848679164,-0.2904958256999525,0.006523777220524297,MarketGridChoice,24
1718907723.75,2.185224,-0.2826056600253487,-0.2929653425299767,0.010359682511947264,MarketGridChoice,24
1718907724.0,2.183942,-0.28397204848679164,-0.29539989363355834,0.011427845154039516,MarketGridChoice,24
1718907724.25,2.176254,-0.2921661159529188,-0.297801115715242,0.005634999769548565,MarketGridChoice,24
1718907724.5,2.174972,-0.2935325044143622,-0.30017125693653457,0.006638752529350939,MarketGridChoice,24
1718907724.75,2.167284,-0.30172657188048935,-0.30251306908597014,0.0007864972126152801,MarketGridChoice,24
1718907725.0,2.164721,-0.3044582829777426,-0.3048297044756458,0.0003714215049990966,MarketGridChoice,24
1718907725.25,2.164721,-0.3044582829777426,-0.3071246195828936,0.002666336612216721,MarketGridChoice,24
1718907725.5,2.159595,-0.3099217051722496,-0.30940148662854977,-0.0005202185366532629,MarketGridChoice,24
1718907725.75,2.157033,-0.31265235044386974,-0.31166411355637663,-0.0009882368804521573,MarketGridChoice,24
1718907726.0,2.155751,-0.3140187389053131,-0.3139163722812947,-0.0001023666169672555,MarketGridChoice,24
1718907726.25,2.150625,-0.31948216109982014,-0.3161621346243396,-0.0033200264684012486,MarketGridChoice,24
1718907726.5,2.148063,-0.3222128063714403,-0.3184052150582648,-0.003807591306048572,MarketGridChoice,24
1718907726.75,2.142937,-0.32767622856594725,-0.3206493192509753,-0.007026909307776641,MarketGridChoice,24
1718907727.0,2.141656,-0.3290415512017576,-0.3228979974083547,-0.006143553786118217,MarketGridChoice,24
1718907727.25,2.137811,-0.33313965076045376,-0.325154601567934,-0.007985049185125482,MarketGridChoice,24
1718907727.5,2.137811,-0.33313965076045376,-0.32742224625310223,-0.0057174044998286565,MarketGridChoice,24
1718907727.75,2.140374,-0.33040793966320053,-0.32970377222454594,-0.0007041674309856485,MarketGridChoice,24
1718907728.0,2.141656,-0.3290415512017576,-0.33200171341125256,0.0029601622173254776,MarketGridChoice,24
1718907728.25,2.139093,-0.33177326229901083,-0.3343182674130593,0.0025450051220541805,MarketGridChoice,24
1718907728.5,2.140374,-0.33040793966320053,-0.33665527019051494,0.006247330535507186,MarketGridChoice,24
1718907728.75,2.137811,-0.33313965076045376,-0.33901417566088504,0.005874524908820904,MarketGridChoice,24
1718907729.0,2.137811,-0.33313965076045376,-0.341396040888612,0.00825639013675164,MarketGridChoice,24
1718907729.25,2.128842,-0.3426990408623912,-0.3438015174046149,0.0011024765510245244,MarketGridChoice,24
1718907729.5,2.126279,-0.34543075195964495,-0.3462308489409766,0.0008000969903397175,MarketGridChoice,24
1718907729.75,2.123716,-0.3481624630568982,-0.3486838755682046,0.0005214125205176092,MarketGridChoice,24
1718907730.0,2.117309,-0.354991207887215,-0.35116004391806843,-0.003831163959740186,MarketGridChoice,24
1718907730.25,2.114746,-0.35772291898446873,-0.35365842290717264,-0.004064496067706237,MarketGridChoice,24
1718907730.5,2.119872,-0.35225949678996177,-0.3561777241727112,0.003918227392507976,MarketGridChoice,24
1718907730.75,2.113465,-0.3590882416202786,-0.35871632630374084,-0.0003719153066278655,MarketGridChoice,24
1718907731.0,2.112183,-0.360454630081722,-0.3612723018965237,0.0008176718248438563,MarketGridChoice,24
1718907731.25,2.103214,-0.3700140201836595,-0.36384344647172473,-0.006170573701780797,ForecastPage,24
1718907731.5,2.104495,-0.3686486975478491,-0.3664273083557544,-0.002221389181850047,ForecastPage,24
1718907731.75,2.101932,-0.3713804086451024,-0.3690212187430787,-0.0023591898917089986,ForecastPage,24
1718907732.0,2.100651,-0.3727457312809127,-0.37162232131523343,-0.0011234099553139275,ForecastPage,24
1718907732.25,2.099369,-0.37411211974235614,-0.3742276009837074,0.00011548125175002725,ForecastPage,24
1718907732.5,2.099369,-0.37411211974235614,-0.3768339115287274,0.002721791796788694,ForecastPage,24
1718907732.75,2.092962,-0.38094086457267295,-0.37943800210296263,-0.001502862459286002,ForecastPage,24
1718907733.0,2.091681,-0.38230618720848325,-0.38203654274113813,-0.0002696444569226152,ForecastPage,24
1718907733.25,2.089118,-0.38503789830573654,-0.38462614915407,-0.00041174914125130074,ForecastPage,24
1718907733.5,2.087837,-0.38640322094154683,-0.3872034071861999,0.0008001862550589111,ForecastPage,24
1718907733.75,2.085274,-0.38913493203880006,-0.3897648973800747,0.0006299653516722059,ForecastPage,24
1718907734.0,2.087837,-0.38640322094154683,-0.3923072201200434,0.005903999188890275,ForecastPage,24
1718907734.25,2.078867,-0.3959636768691174,-0.3948270218210116,-0.0011366550377085649,ForecastPage,24
1718907734.5,2.073741,-0.4014270990636239,-0.397321022588911,-0.004106076464302408,ForecastPage,24
1718907734.75,2.077585,-0.3973300653305603,-0.3997860457148466,0.002455980394721874,ForecastPage,24
1718907735.0,2.073741,-0.4014270990636239,-0.40221904928559093,0.0007919502324408912,ForecastPage,24
1718907735.25,2.069897,-0.4055241327966875,-0.4046171601090361,-0.0009069726771253903,ForecastPage,24
1718907735.5,2.067334,-0.4082558438939412,-0.4069777100691257,-0.0012781338142237558,ForecastPage,24
1718907735.75,2.06349,-0.41235287762700473,-0.40929827494089555,-0.0030546026754392063,ForecastPage,24
1718907736.0,2.06349,-0.41235287762700473,-0.41157671561129044,-0.0007761620049561999,ForecastPage,24
1718907736.25,2.066053,-0.409621166529751,-0.413811221563085,0.004190055044186932,ForecastPage,24
1718907736.5,2.059646,-0.4164499113600683,-0.4160003563821737,-0.00044955496694385833,ForecastPage,24
1718907736.75,2.060927,-0.415084588724258,-0.4181431049345326,0.0030585162213213014,ForecastPage,24
1718907737.0,2.05452,-0.42191333355457483,-0.42023892172152494,-0.001674411821914492,ForecastPage,24
1718907737.25,2.053239,-0.4232786561903851,-0.42228777976024306,-0.0009908764189302825,ForecastPage,24
1718907737.5,2.051957,-0.42464504465182856,-0.42429021915515236,-0.00035482548540476545,ForecastPage,24
1718907737.75,2.050676,-0.4260103672876384,-0.4262473943367754,0.0002370270604476778,ForecastPage,24
1718907738.0,2.049394,-0.4273767557490818,-0.4281611187482655,0.000784363010510866,ForecastPage,24
1718907738.25,2.050676,-0.4260103672876384,-0.43003390556252413,0.004023538286204812,ForecastPage,24
1718907738.5,2.046832,-0.43010740102070194,-0.4318690028093531,0.001761601799936984,ForecastPage,24
1718907738.75,2.044269,-0.43283911211795567,-0.4336704210838448,0.0008313089771161701,ForecastPage,24
1718907739.0,2.046832,-0.43010740102070194,-0.43544295179891185,0.00533555078935319,ForecastPage,24
1718907739.25,2.042987,-0.4342055005793986,-0.4371921737483743,0.0029866731800115634,ForecastPage,24
1718907739.5,2.041706,-0.43557082321520896,-0.43892444557987725,0.003353622375575754,ForecastPage,24
1718907739.75,2.042987,-0.4342055005793986,-0.4406468816607879,0.006441381092151725,ForecastPage,24
1718907740.0,2.034017,-0.44376595650696915,-0.44236730878058167,-0.001398647715782052,ForecastPage,24
1718907740.25,2.028892,-0.4492283128758431,-0.44409420119941967,-0.005134111665981799,ForecastPage,24
1718907740.5,2.026329,-0.4519600239730963,-0.4458365917561073,-0.006123432206712775,ForecastPage,24
1718907740.75,2.025048,-0.4533253466089066,-0.44760395711728,-0.005721389481512245,ForecastPage,24
1718907741.0,2.023766,-0.45469173507034955,-0.44940607579888664,-0.005285659261501563,ForecastPage,24
1718907741.25,2.02761,-0.450594701337286,-0.4512528583159817,0.0006581569885188198,ForecastPage,24
1718907741.5,2.022485,-0.4560570577061599,-0.4531541496916541,-0.0029029080048002106,ForecastPage,24
1718907741.75,2.023766,-0.45469173507034955,-0.45511950554142716,0.000427770480691779,ForecastPage,24
1718907742.0,2.018641,-0.4601540914392234,-0.45715794400464793,-0.002996147425022257,ForecastPage,24
1718907742.25,2.010952,-0.46834922473098367,-0.4592776768851711,-0.009071547836286201,ForecastPage,24
1718907742.5,2.009671,-0.469714547366794,-0.461485824464962,-0.008228722892296819,ForecastPage,24
1718907742.75,2.012233,-0.4669839020951734,-0.46378811954497634,-0.0031957825406167574,ForecastPage,24
1718907743.0,2.008389,-0.47108093582823696,-0.466188607321865,-0.0048923284967118865,ForecastPage,24
1718907743.25,2.005826,-0.4738126469254907,-0.4686893486890047,-0.005123298226714211,ForecastPage,24
1718907743.5,2.007108,-0.47244625846404725,-0.47129013540706294,-0.001156123047071798,ForecastPage,24
1718907743.75,2.003264,-0.47654329219711083,-0.47398822626942216,-0.002555065917609315,ForecastPage,24
1718907744.0,2.003264,-0.47654329219711083,-0.47677811384140206,0.00023482165456036605,ForecastPage,24
1718907744.25,2.004545,-0.475177969561301,-0.479651331536922,0.004473361986099477,ForecastPage,24
1718907744.5,1.998138,-0.4820067143916178,-0.48259631067867376,0.0005895962977594403,ForecastPage,24
1718907744.75,2.001982,-0.4779096806585542,-0.4855982967453902,0.007688616097775956,ForecastPage,24
1718907745.0,1.999419,-0.4806413917558075,-0.48863933323269904,0.0079979414880759,ForecastPage,24
1718907745.25,1.991731,-0.48883545922193483,-0.4916983204472626,0.002862861236760655,ForecastPage,24
1718907745.5,1.986605,-0.4942988814164416,-0.49475115513745815,0.0004522737326979921,ForecastPage,24
1718907745.75,1.986605,-0.4942988814164416,-0.49777095517144543,0.0034720737669304584,ForecastPage,24
1718907746.0,1.989168,-0.4915671703191881,-0.5007283715476625,0.009161201240639304,ForecastPage,24
1718907746.25,1.982761,-0.49839591514950515,-0.5035919879074466,0.00519607277033444,ForecastPage,24
1718907746.5,1.982761,-0.49839591514950515,-0.5063288054545149,0.007932890317617852,ForecastPage,24
1718907746.75,1.978917,-0.5024929488825688,-0.5089048088095633,0.006411859939802138,ForecastPage,24
1718907747.0,1.977636,-0.503858271518379,-0.5112856058833415,0.007427334377951104,ForecastPage,24
1718907747.25,1.969947,-0.5120534048101393,-0.5134371323903473,0.0013837275933584938,ForecastPage,24
1718907747.5,1.976354,-0.5052246599798222,-0.515326409207028,0.010101749240498711,ForecastPage,24
1718907747.75,1.975073,-0.5065899826156323,-0.5169223384647256,0.010332355862509917,ForecastPage,24
1718907748.0,1.975073,-0.5065899826156323,-0.5181965221191999,0.011606539517090043,ForecastPage,24
1718907748.25,1.97251,-0.5093216937128858,-0.5191240848154808,0.009802391116205636,ForecastPage,24
1718907748.5,1.971228,-0.5106880821743289,-0.5196844812336614,0.008996399073014655,ForecastPage,24
1718907748.75,1.966103,-0.5161504385432029,-0.5198622668327892,0.003711828303324542,ForecastPage,24
1718907749.0,1.966103,-0.5161504385432029,-0.5196478100915275,0.0034973715621044545,ForecastPage,24
1718907749.25,1.958414,-0.5243455718349629,-0.5190379240649637,-0.005307647756190636,ForecastPage,24
1718907749.5,1.959696,-0.5229791833735197,-0.5180363954194056,-0.004942787940289611,ForecastPage,24
1718907749.75,1.957133,-0.5257108944707731,-0.516654390136747,-0.009056504320198708,ForecastPage,24
1718907750.0,1.955852,-0.5270762171065835,-0.514910716837217,-0.012165500255549468,ForecastPage,24
1718907750.25,1.952007,-0.5311743166652799,-0.5128319311636316,-0.018342385487855804,ForecastPage,24
1718907750.5,1.953289,-0.5298079282038367,-0.510452267878685,-0.01935566031139804,ForecastPage,24
1718907750.75,1.953289,-0.5298079282038367,-0.5078133911939736,-0.02199453699616237,ForecastPage,24
1718907751.0,1.946882,-0.5366366730341537,-0.504963958287495,-0.03167271473302446,ForecastPage,24
1718907751.25,1.941756,-0.5421000952286605,-0.5019589958542421,-0.040141099360863346,ForecastPage,24
1718907751.5,1.95457,-0.5284426055680267,-0.49885909471634515,-0.02958351083821749,ForecastPage,24
1718907751.75,1.957133,-0.5257108944707731,-0.4957294328016954,-0.029981461655715212,ForecastPage,24
1718907752.0,2.004545,-0.475177969561301,-0.4926386419503403,0.017460672402291447,ForecastPage,24
1718907752.25,2.005826,-0.4738126469254907,-0.4896575387616172,0.015844891849261418,ForecastPage,24
1718907752.5,2.014796,-0.4642521909979201,-0.4868577437847219,0.02260555279981401,ForecastPage,24
1718907752.75,2.009671,-0.469714547366794,-0.48431021656116674,0.014595669207258175,ForecastPage,24
1718907753.0,2.004545,-0.475177969561301,-0.48208373622619183,0.0069057666776462315,ForecastPage,24
1718907753.25,2.021203,-0.4574234461676033,-0.48024335856033407,0.022819912405353145,ForecastPage,24
1718907753.5,2.022485,-0.4560570577061599,-0.47884888063734865,0.02279182294367559,ForecastPage,24
1718907753.75,2.019922,-0.4587887688034131,-0.47795334367364234,0.019164574882579055,ForecastPage,24
1718907754.0,2.012233,-0.4669839020951734,-0.4776016034949964,0.010617701412035087,ForecastPage,24
1718907754.25,2.005826,-0.4738126469254907,-0.4778289963524864,0.004016349439070043,ForecastPage,24
1718907754.5,2.000701,-0.47927500329436457,-0.4786601258029571,-0.0006148774794694049,ForecastPage,24
1718907754.75,1.991731,-0.48883545922193483,-0.480107794181802,-0.008727665028328776,ForecastPage,24
1718907755.0,1.99045,-0.49020078185774496,-0.482172099977722,-0.008028681868350832,ForecastPage,24
1718907755.25,1.98148,-0.4997612377853155,-0.48483972026932426,-0.014921517504449783,ForecastPage,24
1718907755.5,1.985324,-0.4956642040522517,-0.4880833953484239,-0.0075808086924172,ForecastPage,24
1718907755.75,1.966103,-0.5161504385432029,-0.4918616307302446,-0.02428880780168021,ForecastPage,24
1718907756.0,1.978917,-0.5024929488825688,-0.49611862988878097,-0.00637431898264558,ForecastPage,24
1718907756.25,1.973791,-0.5079563710770755,-0.500784469175872,-0.007171901890202028,ForecastPage,24
1718907756.5,1.966103,-0.5161504385432029,-0.505775524381607,-0.01037491415074216,ForecastPage,24
1718907756.75,1.967384,-0.5147851159073925,-0.5109951561557734,-0.0037899597409216737,ForecastPage,24
1718907757.0,1.968666,-0.5134187274459494,-0.5163346589198052,0.0029159314843878945,ForecastPage,24
1718907757.25,1.967384,-0.5147851159073925,-0.5216744748534119,0.006889358956377609,ForecastPage,24
1718907757.5,1.957133,-0.5257108944707731,-0.5268856709578015,0.0011747764972066099,ForecastPage,24
1718907757.75,1.948163,-0.5352713503983435,-0.5318316730216522,-0.0034396773666955753,ForecastPage,24
1718907758.0,1.973791,-0.5079563710770755,-0.5363702455189755,0.028413874451714075,ForecastPage,24
1718907758.25,1.986605,-0.4942988814164416,-0.5403557010501598,0.046056819643354924,ForecastPage,24
1718907758.5,1.980198,-0.5011276262467587,-0.5436413169258334,0.04251369068854115,ForecastPage,24
1718907758.75,1.975073,-0.5065899826156323,-0.5460819299518578,0.03949194734553078,ForecastPage,24
1718907759.0,1.973791,-0.5079563710770755,-0.5475366735316068,0.03958030246368603,ForecastPage,24
1718907759.25,1.96354,-0.5188821496404561,-0.5478718140764852,0.028989664445045703,ForecastPage,24
1718907759.5,1.962259,-0.5202474722762664,-0.5469636367087157,0.026716164441342248,ForecastPage,24
1718907759.75,1.964821,-0.5175168270046461,-0.5447013237009408,0.027184496705079587,ForecastPage,24
1718907760.0,1.959696,-0.5229791833735197,-0.5409897633801134,0.01801058001528718,ForecastPage,24
1718907760.25,1.966103,-0.5161504385432029,-0.5357522226606956,0.019601784126112593,ForecastPage,24
1718907760.5,1.966103,-0.5161504385432029,-0.5289328132620109,0.012782374727373473,ForecastPage,24
1718907760.75,1.973791,-0.5079563710770755,-0.520498680268452,0.012542309199907568,ForecastPage,24
1718907761.0,1.975073,-0.5065899826156323,-0.5104418422370246,0.0038518596299091544,ForecastPage,24
1718907761.25,1.967384,-0.5147851159073925,-0.49878061473979063,-0.016004501159079844,MarketWaitPage,24
1718907761.5,1.966103,-0.5161504385432029,-0.4855605542104091,-0.030589884324247477,MarketWaitPage,24
1718907761.75,1.937912,-0.5461971289617241,-0.4708548663628019,-0.07534226259033383,MarketWaitPage,24
1718907762.0,1.952007,-0.5311743166652799,-0.4547642333205819,-0.07641008333605215,MarketWaitPage,24
1718907762.25,1.969947,-0.5120534048101393,-0.4374160258923914,-0.07463737890903233,MarketWaitPage,24
1718907762.5,1.991731,-0.48883545922193483,-0.418962881962454,-0.06987257725068716,MarketWaitPage,24
1718907762.75,2.025048,-0.4533253466089066,-0.3995806483819014,-0.053744698218129675,MarketWaitPage,24
1718907763.0,2.040424,-0.43693721167665234,-0.3794657015364437,-0.05747151013125246,MarketWaitPage,24
1718907763.25,2.083992,-0.3905013205002435,-0.35883168032343343,-0.031669640167780067,MarketWaitPage,24
1718907763.5,2.108339,-0.3645516638147856,-0.33790568396289306,-0.02664597984280063,MarketWaitPage,24
1718907763.75,2.082711,-0.39186664313605335,-0.31692400528989456,-0.0749426378370217,MarketWaitPage,24
1718907764.0,2.073741,-0.4014270990636239,-0.2961274873889974,-0.10529961166546543,MarketWaitPage,24
1718907764.25,2.094244,-0.3795744761112295,-0.2757566071545503,-0.10381786894751859,RoundResultsPage,24
1718907764.5,2.176254,-0.2921661159529188,-0.2560464031297895,-0.036119712813995786,RoundResultsPage,24
1718907764.75,2.182661,-0.285337371122602,-0.23722137627399603,-0.048115994839527554,RoundResultsPage,24
1718907765.0,2.212133,-0.25392535806827016,-0.21949050050885963,-0.03443485755041568,RoundResultsPage,24
1718907765.25,2.265952,-0.19656368832848092,-0.20304248430827046,0.0064787959886727035,RoundResultsPage,24
1718907765.5,2.337711,-0.12008110673355057,-0.18804142454886832,0.06796031782406242,RoundResultsPage,24
1718907765.75,2.405626,-0.047695558871684265,-0.17462298878163382,0.12692742991853082,RoundResultsPage,24
1718907766.0,2.456882,0.006934399770851727,-0.16289125165622287,0.16982565143546977,RoundResultsPage,24
1718907766.25,2.487636,0.03971280128662694,-0.15291629532206794,0.1926290966168836,RoundResultsPage,24
1718907766.5,2.499169,0.052004968311450746,-0.14473266247257158,0.19673763079198625,RoundResultsPage,24
1718907766.75,2.478666,0.030152345359056393,-0.13833872492518196,0.16849107029196086,RoundResultsPage,24
1718907767.0,2.455601,0.005569077135041887,-0.13369700128394663,0.13926607842645478,RoundResultsPage,24
1718907767.25,2.429973,-0.021745902186226348,-0.1307354256857307,0.10898952350670148,RoundResultsPage,24
1718907767.5,2.388968,-0.06545008226538147,-0.12934953745000496,0.06389945519154083,RoundResultsPage,24
1718907767.75,2.347962,-0.10915532817017018,-0.12940553022552564,0.020250202061984482,RoundResultsPage,24
1718907768.0,2.330023,-0.1282751741996777,-0.13074407042564548,0.0024688962323019537,RoundResultsPage,24
1718907768.25,2.330023,-0.1282751741996777,-0.13318476960799683,0.004909595414354243,RoundResultsPage,24
1718907768.5,2.310802,-0.14876140869062912,-0.1365311749308918,-0.012230233754002682,RoundResultsPage,24
1718907768.75,2.269797,-0.19246558876978426,-0.14057612654652815,-0.0518894622178204,RoundResultsPage,24
1718907769.0,2.214696,-0.2511936469710169,-0.145107321131744,-0.10608632583413152,RoundResultsPage,24
1718907769.25,2.231354,-0.23343912357731922,-0.14991291684822178,-0.08352620672424259,RoundResultsPage,24
1718907769.5,2.223666,-0.24163319104344635,-0.15478701680917048,-0.08684617422969639,RoundResultsPage,24
1718907769.75,2.21854,-0.24709661323795334,-0.15953487534936003,-0.08756173788427477,RoundResultsPage,24
1718907770.0,2.210852,-0.2552906807040805,-0.16397768357719772,-0.09131299712280777,RoundResultsPage,24
1718907770.25,2.204445,-0.2621194255343973,-0.1679568071772701,-0.0941626183532752,RoundResultsPage,24
1718907770.5,2.201882,-0.26485113663165105,-0.17133736946414774,-0.0935137671638506,RoundResultsPage,24
1718907770.75,2.207008,-0.25938771443714403,-0.17401109544993865,-0.08537661898372519,RoundResultsPage,24
1718907771.0,2.217259,-0.24846193587376367,-0.17589835734725462,-0.07256357852317195,RoundResultsPage,24
1718907771.25,2.230073,-0.23480444621312954,-0.17694938764432402,-0.05785505856558,RoundResultsPage,24
1718907771.5,2.239043,-0.225243990285559,-0.1771446518208704,-0.04809933846154192,RoundResultsPage,24
1718907771.75,2.244168,-0.21978163391668512,-0.17649439811109974,-0.04328723580248447,RoundResultsPage,24
1718907772.0,2.244168,-0.21978163391668512,-0.17503742571296635,-0.044744208200630936,RoundResultsPage,24
1718907772.25,2.239043,-0.225243990285559,-0.17283913482489,-0.052404855457562516,RoundResultsPage,24
1718907772.5,2.249294,-0.2143182117221786,-0.16998894128626477,-0.044329270432758444,RoundResultsPage,24
1718907772.75,2.272359,-0.1897349434981641,-0.1665971549037917,-0.023137788591139928,RoundResultsPage,24
1718907773.0,2.308239,-0.15149311978788238,-0.16279143330545603,0.011298313520909153,RoundResultsPage,24
1718907773.25,2.355651,-0.10096019487840995,-0.15871293195167538,0.05775273707672751,RoundResultsPage,24
1718907773.5,2.39153,-0.06271943699376133,-0.15451227537023093,0.09179283838007954,RoundResultsPage,24
1718907773.75,2.423566,-0.028574647016543168,-0.1503454744955016,0.1217708274827348,RoundResultsPage,24
1718907774.0,2.440224,-0.010820123622845484,-0.14636991009995887,0.1355497864810719,RoundResultsPage,24
1718907774.25,2.445349,-0.005357767253971603,-0.14274049288859825,0.13738272563878007,RoundResultsPage,24
1718907774.5,2.433817,-0.01764886845316278,-0.1396060973688118,0.12195722892000693,RoundResultsPage,24
1718907774.75,2.421003,-0.031306358113796895,-0.13710634987882653,0.10579999176959798,RoundResultsPage,24
1718907775.0,2.39153,-0.06271943699376133,-0.13536883214819798,0.07264939515921726,RoundResultsPage,24
1718907775.25,2.365902,-0.09003441631502909,-0.13450674159032427,0.04447232528028558,RoundResultsPage,24
1718907775.5,2.347962,-0.10915532817017018,-0.13461702932424546,0.02546170115926817,RoundResultsPage,24
1718907775.75,2.31849,-0.1405673412245015,-0.1357790177440294,-0.004788323475088729,RoundResultsPage,24
1718907776.0,2.30055,-0.1596882530796426,-0.13805348219078212,-0.021634770883302873,RoundResultsPage,24
1718907776.25,2.285173,-0.17607745383752998,-0.14148216661621607,-0.03459528721560201,RiskPage1,24
1718907776.5,2.273641,-0.18836855503672068,-0.1460876915096607,-0.042280863521216114,RiskPage1,24
1718907776.75,2.264671,-0.19792901096429125,-0.15187380402000047,-0.04605520693833853,RiskPage1,24
1718907777.0,2.253138,-0.21022117798911505,-0.15882591516595163,-0.05139526281712678,RiskPage1,24
1718907777.25,2.246731,-0.21704992281943186,-0.16691186715063414,-0.05013805566270027,RiskPage1,24
1718907777.5,2.235198,-0.22934208984425566,-0.17608287481110993,-0.05325921502701021,RiskPage1,24
1718907777.75,2.224947,-0.24026786840763653,-0.1862745887838407,-0.05399327961764365,RiskPage1,24
1718907778.0,2.217259,-0.24846193587376367,-0.19740823363870622,-0.05105370222890873,RiskPage1,24
1718907778.25,2.210852,-0.2552906807040805,-0.209391781577113,-0.045898899120840914,RiskPage1,24
1718907778.5,2.204445,-0.2621194255343973,-0.22212113083262075,-0.03999829469568947,RiskPage1,24
1718907778.75,2.194193,-0.27304626992341124,-0.23548126717573156,-0.03756500274164826,RiskPage1,24
1718907779.0,2.187786,-0.2798750147537281,-0.2493473964334238,-0.03052761831434371,RiskPage1,24
1718907779.25,2.178817,-0.2894344048556655,-0.26358604523399864,-0.025848359615790795,RiskPage1,24
1718907779.5,2.174972,-0.2935325044143622,-0.2780561358569964,-0.015476368551586947,RiskPage1,24
1718907779.75,2.171128,-0.29762953814742577,-0.29261004872586743,-0.005019489415888527,RiskPage1,24
1718907780.0,2.158314,-0.3112870278080599,-0.3070946923947334,-0.004192335407775867,RiskPage1,24
1718907780.25,2.166003,-0.30309189451629964,-0.3213526055714658,0.018260711060589824,RiskPage1,24
1718907780.5,2.150625,-0.31948216109982014,-0.33522311857241693,0.01574095747788941,RiskPage1,24
1718907780.75,2.140374,-0.33040793966320053,-0.34854360247644783,0.01813566281840848,RiskPage1,24
1718907781.0,2.137811,-0.33313965076045376,-0.3611508330719623,0.028011182316542208,RiskPage1,24
1718907781.25,2.131404,-0.3399683955907711,-0.37288249348306496,0.032914097897208075,RiskPage2,24
1718907781.5,2.130123,-0.34133371822658093,-0.3835788342040027,0.042245115982228215,RiskPage2,24
1718907781.75,2.132686,-0.33860200712932764,-0.3930845023107812,0.05448249518616771,RiskPage2,24
1718907782.0,2.12756,-0.34406542932383466,-0.40125054305718855,0.05718511373799487,RiskPage2,24
1718907782.25,2.121153,-0.3508941741541515,-0.4079365671600781,0.05704239301051697,RiskPage2,24
1718907782.5,2.117309,-0.354991207887215,-0.4130130661625096,0.05802185827985994,RiskPage2,24
1718907782.75,2.112183,-0.360454630081722,-0.4163638467290478,0.05590921665189432,RiskPage2,24
1718907783.0,2.105776,-0.36728337491203883,-0.41788854303177025,0.050605168124333695,RiskPage2,24
1718907783.25,2.100651,-0.3727457312809127,-0.4175051550271038,0.044759423750860096,RiskPage2,24
1718907783.5,2.098088,-0.37547744237816594,-0.4151525499206784,0.039675107547283345,RiskPage2,24
1718907783.75,2.096807,-0.3768427650139763,-0.41079285498621765,0.03395008997715106,RiskPage2,24
1718907784.0,2.095525,-0.37820915347541967,-0.4044136626412933,0.026204509170959876,RiskPage2,24
1718907784.25,2.090399,-0.3836725756699262,-0.39602996374897437,0.012357388084348657,RiskPage2,24
1718907784.5,2.091681,-0.38230618720848325,-0.38568572292541625,0.0033795357224838396,RiskPage2,24
1718907784.75,2.086555,-0.38776960940298977,-0.3734550105491244,-0.014314598848031067,RiskPage2,24
1718907785.0,2.081429,-0.39323303159749673,-0.35944261048077136,-0.03379042111057893,RiskPage2,24
1718907785.25,2.058364,-0.41781629982151125,-0.3437840304228586,-0.07403226939217097,RiskPage2,24
1718907785.5,2.067334,-0.4082558438939412,-0.32664485348217265,-0.08161099040493576,RiskPage2,24
1718907785.75,2.069897,-0.4055241327966875,-0.30821938481985944,-0.09730474796963622,RiskPage2,24
1718907786.0,2.057083,-0.41918162245732155,-0.2887285660961152,-0.13045305635365603,RiskPage2,24
1718907786.25,2.060927,-0.415084588724258,-0.2684171523612261,-0.1466674363551318,RiskPage3,24
1718907786.5,2.055801,-0.4205480109187645,-0.2475501705331293,-0.17299784037740207,RiskPage3,24
1718907786.75,2.057083,-0.41918162245732155,-0.2264087048554536,-0.19277291759332565,RiskPage3,24
1718907787.0,2.076304,-0.3986953879663706,-0.205285081772684,-0.19341030618486446,RiskPage3,24
1718907787.25,2.121153,-0.3508941741541515,-0.18447755331351115,-0.16641662083157197,RiskPage3,24
1718907787.5,2.215977,-0.2498283243352066,-0.16428460296847294,-0.08554372135745524,RiskPage3,24
1718907787.75,2.349244,-0.10778893970872677,-0.14499901965827128,0.03721007995899597,RiskPage3,24
1718907788.0,2.433817,-0.01764886845316278,-0.1269019021339141,0.10925303369033892,RiskPage3,24
1718907788.25,2.499169,0.052004968311450746,-0.11025676656797659,0.16226173488911447,RiskPage3,24
1718907788.5,2.554269,0.11073196068705031,-0.09530393307716951,0.2060358937739701,RiskPage3,24
1718907788.75,2.576053,0.1339499062752545,-0.08225536191521055,0.21620526820024202,RiskPage3,24
1718907789.0,2.576053,0.1339499062752545,-0.07129009722565492,0.20524000351067623,RiskPage3,24
1718907789.25,2.551706,0.10800024958979658,-0.06255045633287715,0.1705507059323928,RiskPage3,24
1718907789.5,2.522234,0.07658823653546526,-0.05613907687838449,0.13272731342348254,RiskPage3,24
1718907789.75,2.50045,0.05337029094726058,-0.05211690431006395,0.10548719526683151,RiskPage3,24
1718907790.0,2.478666,0.030152345359056393,-0.05050217006427251,0.08065451543266988,RiskPage3,24
1718907790.25,2.444068,-0.006723089889781916,-0.05127037795536777,0.04454728807472072,RiskPage3,24
1718907790.5,2.414596,-0.03813510294411372,-0.054355284332768095,0.01622018139754361,RiskPage3,24
1718907790.75,2.399219,-0.05452430370200109,-0.059650827756877196,0.0051265240634815815,RiskPage3,24
1718907791.0,2.374872,-0.080473960387459,-0.06701393728119111,-0.013460023097981739,RiskPage3,24
1718907791.25,2.3454,-0.11188597344179034,-0.07626812563532127,-0.035617847798534115,RiskPage3,24
1718907791.5,2.308239,-0.15149311978788238,-0.08720775515385996,-0.06428536462646584,RiskPage3,24
1718907791.75,2.289018,-0.17197935427883332,-0.09960285043065854,-0.072376503841018,RiskPage3,24
1718907792.0,2.276204,-0.18563684393946744,-0.11320432243430262,-0.07243252149842265,RiskPage3,24
1718907792.25,2.276204,-0.18563684393946744,-0.1277494640462313,-0.057887379886916196,RiskPage4,24
1718907792.5,2.301832,-0.1583218646181992,-0.14296757635013319,-0.015354288262168364,RiskPage4,24
1718907792.75,2.283892,-0.1774427764733403,-0.15858558804020806,-0.01885718842764958,RiskPage4,24
1718907793.0,2.280048,-0.18153981020640386,-0.17433353648329777,-0.007206273718023876,RiskPage4,24
1718907793.25,2.262108,-0.20066072206154448,-0.18994978773854596,-0.010710934318295812,RiskPage4,24
1718907793.5,2.265952,-0.19656368832848092,-0.20518588377367628,0.008622195449545456,RiskPage4,24
1718907793.75,2.204445,-0.2621194255343973,-0.21981091790997978,-0.042308507620388056,RiskPage4,24
1718907794.0,2.174972,-0.2935325044143622,-0.23361535397934202,-0.05991715043127523,RiskPage4,24
1718907794.25,2.142937,-0.32767622856594725,-0.24641422065101987,-0.08126200791142822,RiskPage4,24
1718907794.5,2.121153,-0.3508941741541515,-0.2580496297495084,-0.09284454440134825,RiskPage4,24
1718907794.75,2.103214,-0.3700140201836595,-0.2683925859301977,-0.10162143425032774,RiskPage4,24
1718907795.0,2.103214,-0.3700140201836595,-0.2773440744575629,-0.09266994572307795,RiskPage4,24
1718907795.25,2.116028,-0.35635653052302535,-0.284835433518973,-0.0715210970011023,RiskPage4,24
1718907795.5,2.128842,-0.3426990408623912,-0.29082803682670566,-0.05187100403275676,RiskPage4,24
1718907795.75,2.169847,-0.2989948607832361,-0.2953123304302711,-0.003682530350010607,RiskPage4,24
1718907796.0,2.210852,-0.2552906807040805,-0.2983062838753139,0.04301560317425864,RiskPage4,24
1718907796.25,2.222384,-0.2429995795048898,-0.2998533293652006,0.05685374986344917,RiskPage4,24
1718907796.5,2.235198,-0.22934208984425566,-0.30001987282810944,0.07067778298714329,RiskPage4,24
1718907796.75,2.21854,-0.24709661323795334,-0.2988924674278775,0.05179585419339787,RiskPage4,24
1718907797.0,2.223666,-0.24163319104344635,-0.29657474302567105,0.05494155198590976,RiskPage4,24
1718907797.25,2.226229,-0.23890147994619312,-0.29318418461094986,0.05428270466867388,PreMarketWait,25
1718907797.5,2.239043,-0.225243990285559,-0.2888488491745494,0.06360485889315379,PreMarketWait,25
1718907797.75,2.22751,-0.2375361573103828,-0.2837041043931565,0.04616794708719117,PreMarketWait,25
1718907798.0,2.235198,-0.22934208984425566,-0.2778894643616729,0.048547374522090805,PreMarketWait,25
1718907798.25,2.224947,-0.24026786840763653,-0.2715455879750316,0.03127771957232152,PreMarketWait,25
1718907798.5,2.219822,-0.24573022477650994,-0.2648114949403131,0.01908127016897461,PreMarketWait,25
1718907798.75,2.228791,-0.23617083467457248,-0.25782204328814184,0.021651208618973836,PreMarketWait,25
1718907799.0,2.230073,-0.23480444621312954,-0.25070570110157187,0.01590125489406396,PreMarketWait,25
1718907799.25,2.235198,-0.22934208984425566,-0.24358263437947317,0.01424054454103657,PreMarketWait,25
1718907799.5,2.230073,-0.23480444621312954,-0.23656312281471914,0.0017586766075825822,PreMarketWait,25
1718907799.75,2.223666,-0.24163319104344635,-0.22974630604205667,-0.011886884995249803,PreMarketWait,25
1718907800.0,2.226229,-0.23890147994619312,-0.22321925478713145,-0.015682225152805058,PreMarketWait,25
1718907800.25,2.232636,-0.23207273511587628,-0.21705635446602087,-0.015016380643514442,PreMarketWait,25
1718907800.5,2.226229,-0.23890147994619312,-0.2113189832240779,-0.027582496715723746,PreMarketWait,25
1718907800.75,2.221103,-0.24436490214070009,-0.20605546217457363,-0.03830943995971877,PreMarketWait,25
1718907801.0,2.233917,-0.230707412480066,-0.2013012526403309,-0.02940615983334465,PreMarketWait,25
1718907801.25,2.253138,-0.21022117798911505,-0.19707937338844686,-0.013141804594326657,PreMarketWait,25
1718907801.5,2.268515,-0.19383197723122766,-0.1934010099959606,-0.0004309672290036398,PreMarketWait,25
1718907801.75,2.278766,-0.1829061986678468,-0.1902662883681981,0.007360089706510524,PreMarketWait,25
1718907802.0,2.282611,-0.17880809910915013,-0.18766518481666283,0.00885708571354498,PreMarketWait,25
1718907802.25,2.285173,-0.17607745383752998,-0.18557854578924757,0.009501091957603444,MarketGridChoice,25
1718907802.5,2.286455,-0.17471106537608658,-0.18397919120279682,0.009268125832433485,MarketGridChoice,25
1718907802.75,2.273641,-0.18836855503672068,-0.18283307630843926,-0.005535478722733692,MarketGridChoice,25
1718907803.0,2.26339,-0.19929433360010154,-0.1821004881400207,-0.01719384545471836,MarketGridChoice,25
1718907803.25,2.271078,-0.19110026613397393,-0.18173725390535816,-0.009363012223445166,MarketGridChoice,25
1718907803.5,2.282611,-0.17880809910915013,-0.18169594022790178,0.0028878411237264964,MarketGridChoice,25
1718907803.75,2.289018,-0.17197935427883332,-0.18192702395187332,0.009947669677818068,MarketGridChoice,25
1718907804.0,2.267234,-0.19519729986703752,-0.18238001726558392,-0.012817282596870615,MarketGridChoice,25
1718907804.25,2.25442,-0.2088547895276716,-0.18300453212813944,-0.025850257395139815,MarketGridChoice,25
1718907804.5,2.251857,-0.21158650062492487,-0.18375127135692948,-0.0278352292637863,MarketGridChoice,25
1718907804.75,2.256983,-0.20612307843041838,-0.1845729362074074,-0.021550142218974888,MarketGridChoice,25
1718907805.0,2.267234,-0.19519729986703752,-0.18542504279707625,-0.00977225706608501,MarketGridChoice,25
1718907805.25,2.278766,-0.1829061986678468,-0.18626664218995378,0.0033604435258392136,MarketGridChoice,25
1718907805.5,2.30055,-0.1596882530796426,-0.18706094121290626,0.027372688136870063,MarketGridChoice,25
1718907805.75,2.310802,-0.14876140869062912,-0.18777582295019435,0.039014414263066094,MarketGridChoice,25
1718907806.0,2.286455,-0.17471106537608658,-0.1883842672218343,0.013673201849164856,MarketGridChoice,25
1718907806.25,2.276204,-0.18563684393946744,-0.1888646721427637,0.0032278282066524437,MarketGridChoice,25
1718907806.5,2.308239,-0.15149311978788238,-0.1892010781361876,0.03770795835162342,MarketGridChoice,25
1718907806.75,2.295425,-0.1651506094485165,-0.1893832956775211,0.024232686232307465,MarketGridChoice,25
1718907807.0,2.282611,-0.17880809910915013,-0.18940693776200995,0.010598838656169295,MarketGridChoice,25
1718907807.25,2.26339,-0.19929433360010154,-0.18927335781399432,-0.01002097578277042,MarketGridChoice,25
1718907807.5,2.256983,-0.20612307843041838,-0.18898949367858722,-0.017133584748447894,MarketGridChoice,25
1718907807.75,2.249294,-0.2143182117221786,-0.18856761863565366,-0.025750593083077897,MarketGridChoice,25
1718907808.0,2.240324,-0.22387866764974867,-0.1880250011918348,-0.03585366645438787,MarketGridChoice,25
1718907808.25,2.242887,-0.22114695655249542,-0.18738347680181686,-0.033763479747060635,MarketGridChoice,25
1718907808.5,2.255701,-0.20748946689186132,-0.18666893660581646,-0.0208205302823246,MarketGridChoice,25
1718907808.75,2.272359,-0.1897349434981641,-0.18591074060848659,-0.003824202885847082,MarketGridChoice,25
1718907809.0,2.268515,-0.19383197723122766,-0.185141065254567,-0.008690911972714724,MarketGridChoice,25
1718907809.25,2.285173,-0.17607745383752998,-0.18439419783556524,0.008316744002099736,MarketGridChoice,25
1718907809.5,2.283892,-0.1774427764733403,-0.18370579236053497,0.006263015891378885,MarketGridChoice,25
1718907809.75,2.276204,-0.18563684393946744,-0.18311210326583063,-0.0025247406693330874,MarketGridChoice,25
1718907810.0,2.277485,-0.18427152130365712,-0.18264921451554714,-0.001622306783688349,MarketGridChoice,25
1718907810.25,2.281329,-0.18017448757059354,-0.18235228221039013,0.0021777946443333135,MarketGridChoice,25
1718907810.5,2.283892,-0.1774427764733403,-0.1822548087731101,0.004812032304417705,MarketGridChoice,25
1718907810.75,2.281329,-0.18017448757059354,-0.18238796612514402,0.0022134785593049553,MarketGridChoice,25
1718907811.0,2.285173,-0.17607745383752998,-0.18277998402443937,0.006702530191765474,MarketGridChoice,25
1718907811.25,2.305676,-0.15422483088513564,-0.18345561791068377,0.029230787030500565,MarketGridChoice,25
1718907811.5,2.315927,-0.14329905232175524,-0.18443570822113517,0.04113665590442288,MarketGridChoice,25
1718907811.75,2.306957,-0.15285950824932532,-0.18573684023861842,0.03287733199441985,MarketGridChoice,25
1718907812.0,2.295425,-0.1651506094485165,-0.1873711101937515,0.02222050075043752,MarketGridChoice,25
1718907812.25,2.287736,-0.17334574274027625,-0.18934599970834026,0.0160002569733326,MarketGridChoice,25
1718907812.5,2.267234,-0.19519729986703752,-0.19166435694596765,-0.0035329429157467916,MarketGridChoice,25
1718907812.75,2.262108,-0.20066072206154448,-0.19432447928171365,-0.006336242774466568,MarketGridChoice,25
1718907813.0,2.264671,-0.19792901096429125,-0.19732028916295247,-0.0006087217959478454,MarketGridChoice,25
1718907813.25,2.259545,-0.20339243315879774,-0.20064159230299272,-0.002750840850402989,MarketGridChoice,25
1718907813.5,2.253138,-0.21022117798911505,-0.20427440554957757,-0.0059467724341408235,MarketGridChoice,25
1718907813.75,2.215977,-0.2498283243352066,-0.20820134075042704,-0.04162698357940537,MarketGridChoice,25
1718907814.0,2.212133,-0.25392535806827016,-0.21240203069596905,-0.04152332736696645,MarketGridChoice,25
1718907814.25,2.217259,-0.24846193587376367,-0.21685358371374053,-0.03160835215474421,MarketGridChoice,25
1718907814.5,2.22751,-0.2375361573103828,-0.22153105462844982,-0.01600510267672425,MarketGridChoice,25
1718907814.75,2.23648,-0.22797570138281273,-0.22640792142444366,-0.0015677799532424,MarketGridChoice,25
1718907815.0,2.240324,-0.22387866764974867,-0.23145655882170932,0.0075778911769964555,MarketGridChoice,25
1718907815.25,2.240324,-0.22387866764974867,-0.236648701841864,0.012770034197054886,MarketGridChoice,25
1718907815.5,2.23648,-0.22797570138281273,-0.24195589406853038,0.013980192690558974,MarketGridChoice,25
1718907815.75,2.233917,-0.230707412480066,-0.24734991654866506,0.016642504073343594,MarketGridChoice,25
1718907816.0,2.224947,-0.24026786840763653,-0.25280319408393515,0.012535325680951222,MarketGridChoice,25
1718907816.25,2.217259,-0.24846193587376367,-0.2582891760516934,0.009827240182498566,MarketGridChoice,25
1718907816.5,2.212133,-0.25392535806827016,-0.2637826889568912,0.009857330893117319,MarketGridChoice,25
1718907816.75,2.201882,-0.26485113663165105,-0.2692602577624062,0.004409121135192116,MarketGridChoice,25
1718907817.0,2.191631,-0.27577691519503145,-0.2747003927967209,-0.0010765223939180925,MarketGridChoice,25
1718907817.25,2.189068,-0.2785086262922852,-0.28008383880787396,0.0015752125199524122,MarketGridChoice,25
1718907817.5,2.181379,-0.2867037595840449,-0.28539378261624077,-0.001309976963453188,MarketGridChoice,25
1718907817.75,2.171128,-0.29762953814742577,-0.29061601588712277,-0.007013522255947939,MarketGridChoice,25
1718907818.0,2.16344,-0.30582360561355293,-0.2957390498422513,-0.010084555766924661,MarketGridChoice,25
1718907818.25,2.162158,-0.3071899940749963,-0.30075417927696113,-0.006435814793616879,MarketGridChoice,25
1718907818.5,2.158314,-0.3112870278080599,-0.3056554940434336,-0.005631533760145383,MarketGridChoice,25
1718907818.75,2.148063,-0.3222128063714403,-0.3104398371739548,-0.011772969192918491,MarketGridChoice,25
1718907819.0,2.1455,-0.3249445174686935,-0.31510671000491447,-0.009837807459100404,MarketGridChoice,25
1718907819.25,2.144218,-0.32631090593013695,-0.31965812596057047,-0.006652779964748757,MarketGridChoice,25
1718907819.5,2.141656,-0.3290415512017576,-0.3240984159949089,-0.004943135201863149,MarketGridChoice,25
1718907819.75,2.137811,-0.33313965076045376,-0.3284339899944371,-0.004705660760834217,MarketGridChoice,25
1718907820.0,2.139093,-0.33177326229901083,-0.33267305963623617,0.000899797342633177,MarketGridChoice,25
1718907820.25,2.159595,-0.3099217051722496,-0.33682532919939906,0.02690362403280979,MarketGridChoice,25
1718907820.5,2.13653,-0.33450497339626406,-0.34090166158237056,0.006396688192044127,MarketGridChoice,25
1718907820.75,2.124997,-0.3467971404210879,-0.34491372724700176,-0.0018834131678489834,MarketGridChoice,25
1718907821.0,2.121153,-0.3508941741541515,-0.34887364399321996,-0.0020205301543761763,MarketGridChoice,25
1718907821.25,2.117309,-0.354991207887215,-0.3527936154075283,-0.0021975924727983326,MarketGridChoice,25
1718907821.5,2.116028,-0.35635653052302535,-0.3566855755889203,0.0003290450731274156,MarketGridChoice,25
1718907821.75,2.116028,-0.35635653052302535,-0.3605608473953102,0.004204316879869026,MarketGridChoice,25
1718907822.0,2.112183,-0.360454630081722,-0.3644298210037726,0.0039751909299904475,MarketGridChoice,25
1718907822.25,2.108339,-0.3645516638147856,-0.3683016590468562,0.003749995240365964,MarketGridChoice,25
1718907822.5,2.100651,-0.3727457312809127,-0.37218403397629113,-0.0005616972959752954,MarketGridChoice,25
1718907822.75,2.094244,-0.3795744761112295,-0.3760829026227948,-0.0034915734794466564,MarketGridChoice,25
1718907823.0,2.094244,-0.3795744761112295,-0.3800023221845074,0.0004278460825937055,MarketGridChoice,25
1718907823.25,2.089118,-0.38503789830573654,-0.38394431110845495,-0.0010935871876570206,ForecastPage,25
1718907823.5,2.085274,-0.38913493203880006,-0.38790875754525916,-0.0012261744836313503,ForecastPage,25
1718907823.75,2.081429,-0.39323303159749673,-0.39189337726227186,-0.0013396543250588503,ForecastPage,25
1718907824.0,2.078867,-0.3959636768691174,-0.3958937220904226,-6.995476830494061e-05,ForecastPage,25
1718907824.25,2.077585,-0.3973300653305603,-0.3999032391469942,0.0025731738270114678,ForecastPage,25
1718907824.5,2.071178,-0.4041588101608771,-0.403913380211301,-0.00024542993884878314,ForecastPage,25
1718907824.75,2.07246,-0.4027924216994342,-0.407913759725389,0.005121338036793479,ForecastPage,25
1718907825.0,2.067334,-0.4082558438939412,-0.4118923589437132,0.0036365150606840146,ForecastPage,25
1718907825.25,2.064771,-0.41098755499119444,-0.4158357727669047,0.00484821778665901,ForecastPage,25
1718907825.5,2.066053,-0.409621166529751,-0.41972949477609045,0.01010832825729005,ForecastPage,25
1718907825.75,2.062208,-0.41371926608844767,-0.4235582349561666,0.009838968878639057,ForecastPage,25
1718907826.0,2.050676,-0.4260103672876384,-0.4273062635902306,0.00129589631345231,ForecastPage,25
1718907826.25,2.044269,-0.43283911211795567,-0.43095777386644396,-0.0018813382407375043,ForecastPage,25
1718907826.5,2.044269,-0.43283911211795567,-0.4344972549172656,0.001658142809976176,ForecastPage,25
1718907826.75,2.039143,-0.4383025343124622,-0.4379098663674728,-0.0003926679344494683,ForecastPage,25
1718907827.0,2.032736,-0.4451312791427795,-0.4411818050519255,-0.003949474080455021,ForecastPage,25
1718907827.25,2.028892,-0.4492283128758431,-0.4443006544095197,-0.004927658456076135,ForecastPage,25
1718907827.5,2.028892,-0.4492283128758431,-0.4472557071804114,-0.0019726056853422323,ForecastPage,25
1718907827.75,2.025048,-0.4533253466089066,-0.4500382524287031,-0.0032870941702717663,ForecastPage,25
1718907828.0,2.025048,-0.4533253466089066,-0.4526418185700387,-0.0006835280290871694,ForecastPage,25
1718907828.25,2.012233,-0.4669839020951734,-0.4550623649812558,-0.0119215371042749,ForecastPage,25
1718907828.5,2.021203,-0.4574234461676033,-0.4572984158798724,-0.00012503027820727486,ForecastPage,25
1718907828.75,2.017359,-0.46152047990066686,-0.4593511314544588,-0.0021693484367797033,ForecastPage,25
1718907829.0,2.019922,-0.4587887688034131,-0.461224312669921,0.0024355438758687465,ForecastPage,25
1718907829.25,2.012233,-0.4669839020951734,-0.46292433772833463,-0.004059564357514634,ForecastPage,25
1718907829.5,2.012233,-0.4669839020951734,-0.46446002980062134,-0.002523872285232578,ForecastPage,25
1718907829.75,2.013515,-0.46561751363373044,-0.46584245732823043,0.00022494370384756293,ForecastPage,25
1718907830.0,2.007108,-0.47244625846404725,-0.4670846699073872,-0.005361588547252166,ForecastPage,25
1718907830.25,2.005826,-0.4738126469254907,-0.4682013744967185,-0.005611272419273741,ForecastPage,25
1718907830.5,2.003264,-0.47654329219711083,-0.46920855841663534,-0.0073347337708607125,ForecastPage,25
1718907830.75,1.996857,-0.48337203702742787,-0.47012306731529,-0.013248969702386652,ForecastPage,25
1718907831.0,1.994294,-0.4861037481246814,-0.4709621479325243,-0.015141600182255476,ForecastPage,25
1718907831.25,1.993012,-0.48747013658612454,-0.47174296705813884,-0.01572716951792525,ForecastPage,25
1718907831.5,1.994294,-0.4861037481246814,-0.4724821194934497,-0.013621628621009263,ForecastPage,25
1718907831.75,2.001982,-0.4779096806585542,-0.47319513900214405,-0.004714541646027151,ForecastPage,25
1718907832.0,2.008389,-0.47108093582823696,-0.4738960270729068,0.002815091255208107,ForecastPage,25
1718907832.25,2.008389,-0.47108093582823696,-0.47459681469452925,0.0035158788769777687,ForecastPage,25
1718907832.5,2.026329,-0.4519600239730963,-0.4753071721515038,0.023347148189231053,ForecastPage,25
1718907832.75,2.028892,-0.4492283128758431,-0.47603408099819233,0.026805768133302023,ForecastPage,25
1718907833.0,2.022485,-0.4560570577061599,-0.4767815808223814,0.020724523127295013,ForecastPage,25
1718907833.25,2.025048,-0.4533253466089066,-0.4775506011843662,0.024225254586645394,ForecastPage,25
1718907833.5,2.019922,-0.4587887688034131,-0.4783388863017002,0.01955011750957726,ForecastPage,25
1718907833.75,2.010952,-0.46834922473098367,-0.47914101678835874,0.010791792068763118,ForecastPage,25
1718907834.0,2.012233,-0.4669839020951734,-0.4799485292363137,0.012964627152621422,ForecastPage,25
1718907834.25,2.007108,-0.47244625846404725,-0.48075013084699547,0.008303872394519329,ForecastPage,25
1718907834.5,2.008389,-0.47108093582823696,-0.4815320028698174,0.010451067053238975,ForecastPage,25
1718907834.75,2.004545,-0.475177969561301,-0.48227818345124673,0.007100213901687917,ForecastPage,25
1718907835.0,1.991731,-0.48883545922193483,-0.48297101777950285,-0.005864441430611716,ForecastPage,25
1718907835.25,1.987887,-0.4929324929549984,-0.4835916612403757,-0.00934083170273254,ForecastPage,25
1718907835.5,1.987887,-0.4929324929549984,-0.4841206197694452,-0.008811873173604481,ForecastPage,25
1718907835.75,1.987887,-0.4929324929549984,-0.48453831075813514,-0.008394182184870317,ForecastPage,25
1718907836.0,1.980198,-0.5011276262467587,-0.4848256277714711,-0.016301998463267377,ForecastPage,25
1718907836.25,1.977636,-0.503858271518379,-0.4849644929477319,-0.018893778558617555,ForecastPage,25
1718907836.5,1.975073,-0.5065899826156323,-0.4849383822199859,-0.02165160038362503,ForecastPage,25
1718907836.75,1.977636,-0.503858271518379,-0.4847328103423633,-0.01912546116401858,ForecastPage,25
1718907837.0,1.97251,-0.5093216937128858,-0.48433576500907516,-0.02498592869185181,ForecastPage,25
1718907837.25,1.976354,-0.5052246599798222,-0.4837380819839926,-0.02148657798392094,ForecastPage,25
1718907837.5,1.98148,-0.4997612377853155,-0.4829337559499953,-0.01682748182347074,ForecastPage,25
1718907837.75,1.991731,-0.48883545922193483,-0.48192018455783175,-0.006915274652318698,ForecastPage,25
1718907838.0,2.007108,-0.47244625846404725,-0.48069834571151343,0.008252087259182885,ForecastPage,25
1718907838.25,2.016078,-0.46288580253647715,-0.47927291028278723,0.016387107757960123,ForecastPage,25
1718907838.5,2.026329,-0.4519600239730963,-0.4776522940374516,0.025692270075942648,ForecastPage,25
1718907838.75,2.028892,-0.4492283128758431,-0.4758486534691683,0.026620340604856706,ForecastPage,25
1718907839.0,2.031455,-0.4464966017785898,-0.47387783043512455,0.027381228668018585,ForecastPage,25
1718907839.25,2.031455,-0.4464966017785898,-0.47175925002157815,0.02526264825443319,ForecastPage,25
1718907839.5,2.026329,-0.4519600239730963,-0.469515775064785,0.017555751103103246,ForecastPage,25
1718907839.75,2.021203,-0.4574234461676033,-0.467173519401886,0.009750073245675277,ForecastPage,25
1718907840.0,2.014796,-0.4642521909979201,-0.46476162044605934,0.000509429459516559,ForecastPage,25
1718907840.25,2.013515,-0.46561751363373044,-0.46231197029159576,-0.0033055433307671266,ForecastPage,25
1718907840.5,2.010952,-0.46834922473098367,-0.45985890345334374,-0.008490321266278064,ForecastPage,25
1718907840.75,2.009671,-0.469714547366794,-0.4574388386802314,-0.012275708675203542,ForecastPage,25
1718907841.0,2.008389,-0.47108093582823696,-0.45508987214447066,-0.01599106367240772,ForecastPage,25
1718907841.25,2.018641,-0.4601540914392234,-0.4528513197265474,-0.007302771701316934,ForecastPage,25
1718907841.5,2.004545,-0.475177969561301,-0.45076320706786843,-0.02441476248207314,ForecastPage,25
1718907841.75,2.017359,-0.46152047990066686,-0.4488657074821981,-0.012654772407109454,ForecastPage,25
1718907842.0,2.016078,-0.46288580253647715,-0.4471985296070366,-0.015687272918081023,ForecastPage,25
1718907842.25,2.023766,-0.45469173507034955,-0.4458002587187209,-0.008891476340267435,ForecastPage,25
1718907842.5,2.028892,-0.4492283128758431,-0.4447076577977965,-0.0045206550666806525,ForecastPage,25
1718907842.75,2.039143,-0.4383025343124622,-0.44395493657530527,0.005652402274218536,ForecastPage,25
1718907843.0,2.04555,-0.4314737894821454,-0.4435729987835127,0.012099209312758232,ForecastPage,25
1718907843.25,2.02761,-0.450594701337286,-0.4435886795660941,-0.007006021759779116,ForecastPage,25
1718907843.5,2.023766,-0.45469173507034955,-0.44402398639954715,-0.010667748659362436,ForecastPage,25
1718907843.75,2.039143,-0.4383025343124622,-0.4448953579078031,0.006592823606811398,ForecastPage,25
1718907844.0,2.037862,-0.4396678569482725,-0.44621295561426016,0.006545098677489924,ForecastPage,25
1718907844.25,2.035299,-0.44239956804552577,-0.44798000397649484,0.005580435942501624,ForecastPage,25
1718907844.5,2.035299,-0.44239956804552577,-0.45019219398922394,0.007792625955256959,ForecastPage,25
1718907844.75,2.034017,-0.44376595650696915,-0.45283716522070183,0.009071208725310819,ForecastPage,25
1718907845.0,2.042987,-0.4342055005793986,-0.4558940803819879,0.02168857981417726,ForecastPage,25
1718907845.25,2.019922,-0.4587887688034131,-0.45933330545659984,0.0005445366647722008,ForecastPage,25
1718907845.5,2.007108,-0.47244625846404725,-0.4631162071013359,-0.009330051351143074,ForecastPage,25
1718907845.75,2.007108,-0.47244625846404725,-0.46719507754534606,-0.005251180907166994,ForecastPage,25
1718907846.0,1.996857,-0.48337203702742787,-0.47151319564660826,-0.011858841369338048,ForecastPage,25
1718907846.25,1.994294,-0.4861037481246814,-0.4760050311790043,-0.010098716934267749,ForecastPage,25
1718907846.5,1.986605,-0.4942988814164416,-0.4805965978461306,-0.013702283558993392,ForecastPage,25
1718907846.75,1.984043,-0.497029526688062,-0.4852059589291136,-0.0118235677477415,ForecastPage,25
1718907847.0,1.998138,-0.4820067143916178,-0.48974388781510936,0.0077371734345696615,ForecastPage,25
1718907847.25,1.999419,-0.4806413917558075,-0.4941146838372909,0.013473292092415216,ForecastPage,25
1718907847.5,1.995575,-0.484738425488871,-0.4982171417960805,0.013478716317978213,ForecastPage,25
1718907847.75,1.986605,-0.4942988814164416,-0.5019456711510438,0.007646789745191612,ForecastPage,25
1718907848.0,1.985324,-0.4956642040522517,-0.5051915581392117,0.009527354097354727,ForecastPage,25
1718907848.25,1.980198,-0.5011276262467587,-0.5078443610081272,0.006716734771554395,ForecastPage,25
1718907848.5,1.989168,-0.4915671703191881,-0.5097934252156613,0.018226254906437075,ForecastPage,25
1718907848.75,1.982761,-0.49839591514950515,-0.510929501932232,0.012533586792457979,ForecastPage,25
1718907849.0,1.977636,-0.503858271518379,-0.5111464495788681,0.007288178069979633,ForecastPage,25
1718907849.25,1.994294,-0.4861037481246814,-0.5103429945427826,0.024239246427346095,ForecastPage,25
1718907849.5,1.995575,-0.484738425488871,-0.5084245237336742,0.023686098253800844,ForecastPage,25
1718907849.75,1.989168,-0.4915671703191881,-0.5053048783926943,0.013737708082258908,ForecastPage,25
1718907850.0,1.986605,-0.4942988814164416,-0.5009081156691576,0.006609234261229563,ForecastPage,25
1718907850.25,1.99045,-0.49020078185774496,-0.49517020208062684,0.004969420231165501,ForecastPage,25
1718907850.5,2.004545,-0.475177969561301,-0.4880406012251567,0.012862631671920498,ForecastPage,25
1718907850.75,2.016078,-0.46288580253647715,-0.479483717172778,0.01659791464415906,ForecastPage,25
1718907851.0,2.012233,-0.4669839020951734,-0.4694801549593916,0.0024962528718825523,ForecastPage,25
1718907851.25,2.013515,-0.46561751363373044,-0.45802776064878,-0.007589752977467456,ForecastPage,25
1718907851.5,2.018641,-0.4601540914392234,-0.44514240561151563,-0.015011685820393887,ForecastPage,25
1718907851.75,2.022485,-0.4560570577061599,-0.43085848307725355,-0.025198574621749646,ForecastPage,25
1718907852.0,2.031455,-0.4464966017785898,-0.41522908970934874,-0.03126751206223004,ForecastPage,25
1718907852.25,2.03658,-0.4410342454097159,-0.3983258709377624,-0.04270837446507661,ForecastPage,25
1718907852.5,2.048113,-0.42874207838489214,-0.38023851600562536,-0.04850356237251301,ForecastPage,25
1718907852.75,2.053239,-0.4232786561903851,-0.36107389699339953,-0.062204759190344364,ForecastPage,25
1718907853.0,2.06349,-0.41235287762700473,-0.34095485525722485,-0.07139802236324069,ForecastPage,25
1718907853.25,2.116028,-0.35635653052302535,-0.32001864844833816,-0.03633788206823976,ForecastPage,25
1718907853.5,2.123716,-0.3481624630568982,-0.29841508118204935,-0.0497473818684831,ForecastPage,25
1718907853.75,2.195475,-0.27167988146196786,-0.2763043520418729,0.0046244705861982,ForecastPage,25
1718907854.0,2.25442,-0.2088547895276716,-0.2538546584432607,0.04499986892181751,ForecastPage,25
1718907854.25,2.273641,-0.18836855503672068,-0.23123960846756975,0.04287105343701877,MarketWaitPage,25
1718907854.5,2.287736,-0.17334574274027625,-0.20863549473062462,0.035289751996462476,MarketWaitPage,25
1718907854.75,2.294143,-0.16651699790995944,-0.18621848945826897,0.019701491554367456,MarketWaitPage,25
1718907855.0,2.29158,-0.1692487090072127,-0.16416182219314843,-0.005086886808067327,MarketWaitPage,25
1718907855.25,2.299269,-0.16105357571545292,-0.14263300211659427,-0.018420573592931547,RoundResultsPage,25
1718907855.5,2.308239,-0.15149311978788238,-0.1217911460872925,-0.02970197369474501,RoundResultsPage,25
1718907855.75,2.328741,-0.12964156266112112,-0.10178447140548025,-0.027857091249893287,RoundResultsPage,25
1718907856.0,2.347962,-0.10915532817017018,-0.08274800914100819,-0.0264073190235285,RoundResultsPage,25
1718907856.25,2.395375,-0.05862133743506466,-0.06480158962057483,0.006180252191011938,RoundResultsPage,25
1718907856.5,2.459445,0.009666110868105454,-0.04804814624498485,0.05771425711844244,RoundResultsPage,25
1718907856.75,2.544018,0.09980618212366944,-0.032572377030808064,0.13237855915966246,RoundResultsPage,25
1718907857.0,2.540174,0.09570914839060587,-0.018439794994325145,0.1141489433899319,RoundResultsPage,25
1718907857.25,2.505576,0.058833713141767566,-0.005696188705077292,0.06452990185164542,RoundResultsPage,25
1718907857.5,2.464571,0.015129533062611963,0.005632496740935381,0.009497036326261268,RoundResultsPage,25
1718907857.75,2.473541,0.024689988990182512,0.015539859935360839,0.009150129059175782,RoundResultsPage,25
1718907858.0,2.450475,0.00010565494053490515,0.024038338101194694,-0.023932683156549603,RoundResultsPage,25
1718907858.25,2.467133,0.01786017833423259,0.031158121607936483,-0.013297943269849124,RoundResultsPage,25
1718907858.5,2.503013,0.056102002044514314,0.03694572301093352,0.019156279037171063,RoundResultsPage,25
1718907858.75,2.520952,0.07522184807402184,0.04146224417199497,0.03375960390534637,RoundResultsPage,25
1718907859.0,2.450475,0.00010565494053490515,0.044781391996808854,-0.04467573705322835,RoundResultsPage,25
1718907859.25,2.495324,0.04790686875275408,0.046987298660946954,0.0009195700945788671,RoundResultsPage,25
1718907859.5,2.495324,0.04790686875275408,0.04817220589047684,-0.00026533713522142177,RoundResultsPage,25
1718907859.75,2.494043,0.04654154611694376,0.048434074901746636,-0.001892528782565052,RoundResultsPage,25
1718907860.0,2.458163,0.008299722406662042,0.047874183982144956,-0.039574461573498365,RoundResultsPage,25
1718907860.25,2.474822,0.026055311625992825,0.04659477443727095,-0.020539462809533476,RoundResultsPage,25
1718907860.5,2.504294,0.05746732468032415,0.04469680280060525,0.012770521881239866,RoundResultsPage,25
1718907860.75,2.453038,0.0028373660377881593,0.042277852886241515,-0.0394404868471373,RoundResultsPage,25
1718907861.0,2.438942,-0.012186512084288899,0.039430255579510076,-0.051616767662666985,RoundResultsPage,25
1718907861.25,2.440224,-0.010820123622845484,0.03623945734928881,-0.047059580971163834,RoundResultsPage,25
1718907861.5,2.460726,0.011031433503915769,0.032782670499272075,-0.021751236994523554,RoundResultsPage,25
1718907861.75,2.459445,0.009666110868105454,0.029127829360973804,-0.019461718492148602,RoundResultsPage,25
1718907862.0,2.472259,0.023323600528739573,0.025332867234840083,-0.0020092667054687,RoundResultsPage,25
1718907862.25,2.456882,0.006934399770851727,0.021445319221908992,-0.01451091945048845,RoundResultsPage,25
1718907862.5,2.413314,-0.03950149140555666,0.01750224646966264,-0.057003737874689174,RoundResultsPage,25
1718907862.75,2.387686,-0.0668164707268249,0.013530468045150226,-0.08034693877146046,RoundResultsPage,25
1718907863.0,2.394093,-0.05998772589650807,0.00954707785968346,-0.06953480375567042,RoundResultsPage,25
1718907863.25,2.432535,-0.01901525691460572,0.005560216022131018,-0.02457547293618874,RoundResultsPage,25
1718907863.5,2.488917,0.04107812392243678,0.0015700569916703645,0.03950806693136026,RoundResultsPage,25
1718907863.75,2.546581,0.10253789322092317,-0.0024300286574471626,0.10496792187902731,RoundResultsPage,25
1718907864.0,2.535048,0.09024572619609937,-0.006452185711247959,0.0966979119080828,RoundResultsPage,25
1718907864.25,2.526078,0.08068527026852881,-0.010512707321332483,0.09119797759068815,RoundResultsPage,25
1718907864.5,2.431254,-0.020380579550416035,-0.014630636976848278,-0.005749942572639596,RoundResultsPage,25
1718907864.75,2.451756,0.0014709775763452188,-0.018826384009161996,0.020297361586543203,RoundResultsPage,25
1718907865.0,2.417158,-0.03540445767249309,-0.023120392844749052,-0.012284064826596885,RoundResultsPage,25
1718907865.25,2.412033,-0.040866814041366974,-0.027531901016106117,-0.013334913024002165,RoundResultsPage,25
1718907865.5,2.435098,-0.016283545817352467,-0.03207781540747592,0.015794269591491474,RoundResultsPage,25
1718907865.75,2.428691,-0.023112290647669287,-0.036771730686991515,0.013659440040795435,RoundResultsPage,25
1718907866.0,2.419721,-0.03267274657523984,-0.041623108514193784,0.008950361940526563,RoundResultsPage,25
1718907866.25,2.40947,-0.0435985251386207,-0.04663663096148263,0.003038105824526998,RoundResultsPage,25
1718907866.5,2.397937,-0.05589069216344403,-0.05181173667391226,-0.00407895548778189,RoundResultsPage,25
1718907866.75,2.39153,-0.06271943699376133,-0.057142343656551,-0.005577093335383502,RoundResultsPage,25
1718907867.0,2.38256,-0.07227989292133187,-0.06261675828437714,-0.009663134635058579,RoundResultsPage,25
1718907867.25,2.373591,-0.08183928302326933,-0.06821776623202228,-0.013621516789288527,RiskPage1,25
1718907867.5,2.374872,-0.080473960387459,-0.07392289754463682,-0.0065510628408072015,RiskPage1,25
1718907867.75,2.374872,-0.080473960387459,-0.07970485500245734,-0.0007691053829347767,RiskPage1,25
1718907868.0,2.371028,-0.08457099412052257,-0.08553209222191252,0.0009610981035058537,RiskPage1,25
1718907868.25,2.368465,-0.08730270521777583,-0.09136952551672492,0.004066820301113071,RiskPage1,25
1718907868.5,2.371028,-0.08457099412052257,-0.0971793613437344,0.01260836722542506,RiskPage1,25
1718907868.75,2.363339,-0.09276612741228281,-0.10292201912824166,0.01015589171822463,RiskPage1,25
1718907869.0,2.365902,-0.09003441631502909,-0.10855712738138314,0.018522711068677627,RiskPage1,25
1718907869.25,2.350525,-0.10642361707291646,-0.11404456930195461,0.007620952231426576,RiskPage1,25
1718907869.5,2.3454,-0.11188597344179034,-0.11934555254713555,0.007459579107806981,RiskPage1,25
1718907869.75,2.342837,-0.11461768453904407,-0.12442367664110023,0.009805992104600638,RiskPage1,25
1718907870.0,2.338993,-0.11871471827210764,-0.1292459706675709,0.010531252398099997,RiskPage1,25
1718907870.25,2.330023,-0.1282751741996777,-0.13378387356729826,0.00550869937035857,RiskPage1,25
1718907870.5,2.31849,-0.1405673412245015,-0.1380141296336873,-0.0025532115879669318,RiskPage1,25
1718907870.75,2.317209,-0.14193266386031184,-0.14191957275899078,-1.3091098358201589e-05,RiskPage1,25
1718907871.0,2.285173,-0.17607745383752998,-0.1454897747083152,-0.030587679126132125,RiskPage1,25
1718907871.25,2.299269,-0.16105357571545292,-0.1487215352500125,-0.012332040462235988,RiskPage1,25
1718907871.5,2.292862,-0.16788232054576974,-0.15161919537760749,-0.016263125164836304,RiskPage1,25
1718907871.75,2.269797,-0.19246558876978426,-0.15419475910083338,-0.03827082966550583,RiskPage1,25
1718907872.0,2.264671,-0.19792901096429125,-0.15646781428541606,-0.0414611966753156,RiskPage1,25
1718907872.25,2.274922,-0.18700323240091038,-0.1584652486520346,-0.028537983745207978,RiskPage2,25
1718907872.5,2.281329,-0.18017448757059354,-0.16022076312423883,-0.019953724442586588,RiskPage2,25
1718907872.75,2.277485,-0.18427152130365712,-0.16177419101603685,-0.022497330283760837,RiskPage2,25
1718907873.0,2.273641,-0.18836855503672068,-0.16317063780618443,-0.02519791722659533,RiskPage2,25
1718907873.25,2.278766,-0.1829061986678468,-0.16445946217558954,-0.018446736488245307,RiskPage2,25
1718907873.5,2.289018,-0.17197935427883332,-0.16569312431691052,-0.006286229957850676,RiskPage2,25
1718907873.75,2.295425,-0.1651506094485165,-0.16692593201947842,0.0017753225750830777,RiskPage2,25
1718907874.0,2.306957,-0.15285950824932532,-0.16821271847565697,0.015353210230490622,RiskPage2,25
1718907874.25,2.321053,-0.13783563012724825,-0.16960748796826303,0.03177185784520045,RiskPage2,25
1718907874.5,2.322334,-0.13647030749143796,-0.17116206645572443,0.03469175896848828,RiskPage2,25
1718907874.75,2.32746,-0.13100688529693144,-0.17292479352039072,0.041917908227667375,RiskPage2,25
1718907875.0,2.317209,-0.14193266386031184,-0.17493929022763613,0.033006626371529686,RiskPage2,25
1718907875.25,2.308239,-0.15149311978788238,-0.17724333430004904,0.02575021451636135,RiskPage2,25
1718907875.5,2.30055,-0.1596882530796426,-0.17986786987027803,0.020179616794812498,RiskPage2,25
1718907875.75,2.296706,-0.16378528681270618,-0.1828361742242544,0.019050887415701854,RiskPage2,25
1718907876.0,2.287736,-0.17334574274027625,-0.18616319868891398,0.012817455952762992,RiskPage2,25
1718907876.25,2.277485,-0.18427152130365712,-0.18985509544409573,0.005583574144531679,RiskPage2,25
1718907876.5,2.265952,-0.19656368832848092,-0.19390893679770116,-0.0026547515267214307,RiskPage2,25
1718907876.75,2.258264,-0.20475775579460806,-0.19831262856135845,-0.006445127229227191,RiskPage2,25
1718907877.0,2.25442,-0.2088547895276716,-0.20304501475792272,-0.00580977476576226,RiskPage2,25
1718907877.25,2.24545,-0.21841524545524219,-0.2080761670886291,-0.010339078362660709,RiskPage3,25
1718907877.5,2.239043,-0.225243990285559,-0.21336784944016474,-0.011876140841473556,RiskPage3,25
1718907877.75,2.22751,-0.2375361573103828,-0.21887414522465354,-0.018662012081836776,RiskPage3,25
1718907878.0,2.223666,-0.24163319104344635,-0.22454223348279004,-0.017090957556787963,RiskPage3,25
1718907878.25,2.217259,-0.24846193587376367,-0.23031329837498854,-0.018148637494926522,RiskPage3,25
1718907878.5,2.214696,-0.2511936469710169,-0.2361235558430836,-0.015070091124100089,RiskPage3,25
1718907878.75,2.214696,-0.2511936469710169,-0.24190538072622758,-0.0092882662409675,RiskPage3,25
1718907879.0,2.217259,-0.24846193587376367,-0.24758851731964862,-0.0008734185503014684,RiskPage3,25
1718907879.25,2.21854,-0.24709661323795334,-0.25310135612597173,0.006004742891826068,RiskPage3,25
1718907879.5,2.222384,-0.2429995795048898,-0.2583722592264847,0.015372679725398537,RiskPage3,25
1718907879.75,2.223666,-0.24163319104344635,-0.2633309161824704,0.021697725142825395,RiskPage3,25
1718907880.0,2.219822,-0.24573022477650994,-0.26790971159904886,0.022179486826340335,RiskPage3,25
1718907880.25,2.213415,-0.2525589696068272,-0.272045084439839,0.019486114836816473,RiskPage3,25
1718907880.5,2.208289,-0.25802239180133374,-0.2756788579283349,0.01765646613081372,RiskPage3,25
1718907880.75,2.204445,-0.2621194255343973,-0.27875951752726863,0.01664009199669778,RiskPage3,25
1718907881.0,2.2006,-0.266217525093094,-0.28124341320758295,0.015025888118337133,RiskPage3,25
1718907881.25,2.190349,-0.2771433036564748,-0.28309586118045166,0.005952557527855777,RiskPage3,25
1718907881.5,2.185224,-0.2826056600253487,-0.2842921196456076,0.0016864596241788054,RiskPage3,25
1718907881.75,2.181379,-0.2867037595840449,-0.2848182130704406,-0.0018855465096321248,RiskPage3,25
1718907882.0,2.182661,-0.285337371122602,-0.2846715801972675,-0.0006657909212975082,RiskPage3,25
1718907882.25,2.174972,-0.2935325044143622,-0.2838615224890845,-0.00967098192116251,RiskPage3,25
1718907882.5,2.177535,-0.29080079331710845,-0.2824094321367914,-0.008391361176109455,RiskPage3,25
1718907882.75,2.173691,-0.29489782705017253,-0.28034878209445385,-0.014549044951404175,RiskPage3,25
1718907883.0,2.174972,-0.2935325044143622,-0.27772486488011283,-0.015807639529813712,RiskPage3,25
1718907883.25,2.17241,-0.2962631496859824,-0.2745942720433461,-0.021668877638066457,RiskPage4,25
1718907883.5,2.169847,-0.2989948607832361,-0.2710241121923324,-0.027970748586188185,RiskPage4,25
1718907883.75,2.159595,-0.3099217051722496,-0.26709097219651506,-0.0428307329708643,RiskPage4,25
1718907884.0,2.158314,-0.3112870278080599,-0.2628796335058024,-0.04840739429722666,RiskPage4,25
1718907884.25,2.157033,-0.31265235044386974,-0.25848156328162825,-0.05417078715704711,RiskPage4,25
1718907884.5,2.155751,-0.3140187389053131,-0.25399320799306935,-0.060025530906885866,RiskPage4,25
1718907884.75,2.16344,-0.30582360561355293,-0.24951412499955278,-0.056309480608481434,RiskPage4,25
1718907885.0,2.174972,-0.2935325044143622,-0.24514499505479823,-0.04838750935388904,RiskPage4,25
1718907885.25,2.2006,-0.266217525093094,-0.24098556519312697,-0.02523195989414224,RiskPage4,25
1718907885.5,2.240324,-0.22387866764974867,-0.2371325766229913,0.013253908979209764,RiskPage4,25
1718907885.75,2.276204,-0.18563684393946744,-0.23367773556920213,0.04804089163583565,RiskPage4,25
1718907886.0,2.303113,-0.1569565419823889,-0.23070578603752592,0.07374924406136239,RiskPage4,25
1718907886.25,2.319772,-0.13920095276305858,-0.22829274190485915,0.08909178914814016,RiskPage4,25
1718907886.5,2.321053,-0.13783563012724825,-0.2265043314399702,0.08866870131916532,RiskPage4,25
1718907886.75,2.314646,-0.14466437495756507,-0.22539470045199125,0.08073032550096335,RiskPage4,25
1718907887.0,2.305676,-0.15422483088513564,-0.22500541111209998,0.07078058023358642,RiskPage4,25
1718907887.25,2.278766,-0.1829061986678468,-0.22536476266631914,0.0424585640051721,RiskPage4,25
1718907887.5,2.264671,-0.19792901096429125,-0.22648744844645854,0.02855843748893932,RiskPage4,25
1718907887.75,2.248013,-0.21568353435798893,-0.22837455151971148,0.01269101716856319,RiskPage4,25
1718907888.0,2.230073,-0.23480444621312954,-0.23101386967754942,-0.003790576528673019,RiskPage4,25
1718907888.25,2.219822,-0.24573022477650994,-0.23438054982651557,-0.011349674943021443,PreMarketWait,26
1718907888.5,2.21854,-0.24709661323795334,-0.23843800263973766,-0.008658610591176185,PreMarketWait,26
1718907888.75,2.201882,-0.26485113663165105,-0.24313906083931952,-0.021712075785223463,PreMarketWait,26
1718907889.0,2.195475,-0.27167988146196786,-0.24842733884830276,-0.02325254260648551,PreMarketWait,26
1718907889.25,2.191631,-0.27577691519503145,-0.25423874780562716,-0.021538167382149496,PreMarketWait,26
1718907889.5,2.178817,-0.2894344048556655,-0.2605031180231482,-0.028931286825183776,PreMarketWait,26
1718907889.75,2.173691,-0.29489782705017253,-0.2671458807639871,-0.02775194627877057,PreMarketWait,26
1718907890.0,2.169847,-0.2989948607832361,-0.2740897625745758,-0.024905098201162733,PreMarketWait,26
1718907890.25,2.164721,-0.3044582829777426,-0.2812564481126084,-0.023201834857553692,PreMarketWait,26
1718907890.5,2.159595,-0.3099217051722496,-0.28856817125907464,-0.021353533905513165,PreMarketWait,26
1718907890.75,2.155751,-0.3140187389053131,-0.2959491990496747,-0.01806953984789937,PreMarketWait,26
1718907891.0,2.149344,-0.32084748373563,-0.30332717837126194,-0.017520305356558463,PreMarketWait,26
1718907891.25,2.1455,-0.3249445174686935,-0.31063432121245027,-0.014310196248372653,PreMarketWait,26
1718907891.5,2.141656,-0.3290415512017576,-0.3178084103195222,-0.01123314087431523,PreMarketWait,26
1718907891.75,2.139093,-0.33177326229901083,-0.3247936131936146,-0.006979649097439689,PreMarketWait,26
1718907892.0,2.132686,-0.33860200712932764,-0.33154109829754336,-0.007060908823805596,PreMarketWait,26
1718907892.25,2.12756,-0.34406542932383466,-0.33800945296706264,-0.006055976348785665,PreMarketWait,26
1718907892.5,2.122435,-0.34952778569270854,-0.3441649077119022,-0.005362877972826656,PreMarketWait,26
1718907892.75,2.124997,-0.3467971404210879,-0.3499813762406154,0.0031842358274870187,PreMarketWait,26
1718907893.0,2.122435,-0.34952778569270854,-0.3554403245658759,0.005912538881094777,PreMarketWait,26
1718907893.25,2.121153,-0.3508941741541515,-0.360530485878345,0.009636311732079263,PreMarketWait,26
1718907893.5,2.113465,-0.3590882416202786,-0.36524744047303287,0.006159198860591113,PreMarketWait,26
1718907893.75,2.112183,-0.360454630081722,-0.36959308185369577,0.009138451779757289,PreMarketWait,26
1718907894.0,2.108339,-0.3645516638147856,-0.37357499124035126,0.009023327433293992,PreMarketWait,26
1718907894.25,2.107058,-0.3659169864505959,-0.37720574310291816,0.011288756659996148,MarketGridChoice,26
1718907894.5,2.105776,-0.36728337491203883,-0.3805021641010854,0.013218789196669242,MarketGridChoice,26
1718907894.75,2.095525,-0.37820915347541967,-0.3834845669998487,0.00527541353200588,MarketGridChoice,26
1718907895.0,2.096807,-0.3768427650139763,-0.3861759798333445,0.009333214826906227,MarketGridChoice,26
1718907895.25,2.090399,-0.3836725756699262,-0.388601388895279,0.00492881323286052,MarketGridChoice,26
1718907895.5,2.087837,-0.38640322094154683,-0.39078701213445477,0.00438379120039507,MarketGridChoice,26
1718907895.75,2.090399,-0.3836725756699262,-0.392759617317711,0.009087041655261526,MarketGridChoice,26
1718907896.0,2.085274,-0.38913493203880006,-0.394545896970317,0.005410964938993592,MarketGridChoice,26
1718907896.25,2.081429,-0.39323303159749673,-0.3961719096855207,0.002938878095510307,MarketGridChoice,26
1718907896.5,2.078867,-0.3959636768691174,-0.39766259497287887,0.0016989181112668835,MarketGridChoice,26
1718907896.75,2.076304,-0.3986953879663706,-0.3990413664470696,0.0003459784882324599,MarketGridChoice,26
1718907897.0,2.075022,-0.40006177642781354,-0.40032978589849466,0.00026800947825156816,MarketGridChoice,26
1718907897.25,2.073741,-0.4014270990636239,-0.40154731867932564,0.00012021962331846387,MarketGridChoice,26
1718907897.5,2.07246,-0.4027924216994342,-0.40271116891687014,-8.125277489114406e-05,MarketGridChoice,26
1718907897.75,2.073741,-0.4014270990636239,-0.4038361913508691,0.002409092294984534,MarketGridChoice,26
1718907898.0,2.071178,-0.4041588101608771,-0.4049348750937779,0.0007760649407170727,MarketGridChoice,26
1718907898.25,2.066053,-0.409621166529751,-0.40601739333931575,-0.003603773182531139,MarketGridChoice,26
1718907898.5,2.068615,-0.40689052125813086,-0.40709171199924415,0.00020119074911647758,MarketGridChoice,26
1718907898.75,2.066053,-0.409621166529751,-0.40816374943610423,-0.0014574170855328073,MarketGridChoice,26
1718907899.0,2.064771,-0.41098755499119444,-0.409237578883649,-0.0017499760993082685,MarketGridChoice,26
1718907899.25,2.057083,-0.41918162245732155,-0.4103156648058147,-0.008865957643133138,MarketGridChoice,26
1718907899.5,2.059646,-0.4164499113600683,-0.41139912433232956,-0.005050787019214516,MarketGridChoice,26
1718907899.75,2.058364,-0.41781629982151125,-0.412488005010994,-0.005328294801827801,MarketGridChoice,26
1718907900.0,2.06349,-0.41235287762700473,-0.413581570411329,0.0012286927931937693,MarketGridChoice,26
1718907900.25,2.060927,-0.415084588724258,-0.4146785855691132,-0.0004060031460806409,MarketGridChoice,26
1718907900.5,2.060927,-0.415084588724258,-0.41577759483574545,0.0006930061207604411,MarketGridChoice,26
1718907900.75,2.060927,-0.415084588724258,-0.41687718535032664,0.0017925966355637922,MarketGridChoice,26
1718907901.0,2.058364,-0.41781629982151125,-0.4179762300557477,0.00015993024396558295,MarketGridChoice,26
1718907901.25,2.057083,-0.41918162245732155,-0.4190741049169171,-0.00010751753043144237,MarketGridChoice,26
1718907901.5,2.051957,-0.42464504465182856,-0.42017087576555984,-0.004474168876044481,MarketGridChoice,26
1718907901.75,2.051957,-0.42464504465182856,-0.42126745099432406,-0.003377593647024629,MarketGridChoice,26
1718907902.0,2.055801,-0.4205480109187645,-0.4223656971562777,0.0018176862482493271,MarketGridChoice,26
1718907902.25,2.053239,-0.4232786561903851,-0.4234685153923997,0.00018985921300269828,MarketGridChoice,26
1718907902.5,2.051957,-0.42464504465182856,-0.42457987750014986,-6.516714044753249e-05,MarketGridChoice,26
1718907902.75,2.050676,-0.4260103672876384,-0.42570482135671517,-0.0003055459194623766,MarketGridChoice,26
1718907903.0,2.049394,-0.4273767557490818,-0.42684940630849877,-0.0005273494289094751,MarketGridChoice,26
1718907903.25,2.041706,-0.43557082321520896,-0.42802063002668683,-0.007550193176655725,MarketGridChoice,26
1718907903.5,2.044269,-0.43283911211795567,-0.42922630920428845,-0.0036128029016293047,MarketGridChoice,26
1718907903.75,2.044269,-0.43283911211795567,-0.43047492732868337,-0.002364184777084511,MarketGridChoice,26
1718907904.0,2.039143,-0.4383025343124622,-0.4317754535941883,-0.006527080705957417,MarketGridChoice,26
1718907904.25,2.035299,-0.44239956804552577,-0.4331371377997485,-0.009262430233352138,MarketGridChoice,26
1718907904.5,2.039143,-0.4383025343124622,-0.43456928677584067,-0.0037332475241065102,MarketGridChoice,26
1718907904.75,2.046832,-0.43010740102070194,-0.4360810284628145,0.005973627454700544,MarketGridChoice,26
1718907905.0,2.044269,-0.43283911211795567,-0.4376810701757844,0.004841958070475012,MarketGridChoice,26
1718907905.25,2.049394,-0.4273767557490818,-0.4393774577933664,0.012000702056976897,MarketGridChoice,26
1718907905.5,2.040424,-0.43693721167665234,-0.441177342563011,0.004240130899087589,MarketGridChoice,26
1718907905.75,2.040424,-0.43693721167665234,-0.44308676191169166,0.006149550247798544,MarketGridChoice,26
1718907906.0,2.040424,-0.43693721167665234,-0.4451104401055568,0.008173228441691112,MarketGridChoice,26
1718907906.25,2.031455,-0.4464966017785898,-0.44725161386079604,0.0007550120950207823,MarketGridChoice,26
1718907906.5,2.032736,-0.4451312791427795,-0.44951188712965146,0.004380607999718453,MarketGridChoice,26
1718907906.75,2.028892,-0.4492283128758431,-0.451891118331715,0.0026628054687575266,MarketGridChoice,26
1718907907.0,2.022485,-0.4560570577061599,-0.4543873423277618,-0.001669715365463933,MarketGridChoice,26
1718907907.25,2.018641,-0.4601540914392234,-0.4569967284891336,-0.0031573629370957195,MarketGridChoice,26
1718907907.5,2.019922,-0.4587887688034131,-0.4597135753374349,0.0009248065470882479,MarketGridChoice,26
1718907907.75,2.014796,-0.4642521909979201,-0.4625303414425411,-0.0017218495422280805,MarketGridChoice,26
1718907908.0,2.009671,-0.469714547366794,-0.4654377115844725,-0.0042768357690756344,MarketGridChoice,26
1718907908.25,2.003264,-0.47654329219711083,-0.4684246966075102,-0.008118595576251594,MarketGridChoice,26
1718907908.5,2.010952,-0.46834922473098367,-0.47147876491485075,0.0031295401973241007,MarketGridChoice,26
1718907908.75,2.005826,-0.4738126469254907,-0.47458600315384813,0.0007733562419234129,MarketGridChoice,26
1718907909.0,2.005826,-0.4738126469254907,-0.47773130330375974,0.0039186563919407025,MarketGridChoice,26
1718907909.25,1.998138,-0.4820067143916178,-0.48089857307490114,-0.0011081413029463718,MarketGridChoice,26
1718907909.5,1.995575,-0.484738425488871,-0.4840709662399206,-0.0006674592350915747,MarketGridChoice,26
1718907909.75,1.996857,-0.48337203702742787,-0.48723112923612627,0.0038590922226336716,MarketGridChoice,26
1718907910.0,1.99045,-0.49020078185774496,-0.4903614601057952,0.0001606782620481534,MarketGridChoice,26
1718907910.25,1.993012,-0.48747013658612454,-0.4934443755881282,0.005974239016049342,MarketGridChoice,26
1718907910.5,1.986605,-0.4942988814164416,-0.49646258195187964,0.0021637005495162296,MarketGridChoice,26
1718907910.75,1.978917,-0.5024929488825688,-0.4993993449730211,-0.0030936038954518462,MarketGridChoice,26
1718907911.0,1.975073,-0.5065899826156323,-0.5022387543325919,-0.0043512282689407,MarketGridChoice,26
1718907911.25,1.971228,-0.5106880821743289,-0.5049659776551676,-0.005722104505069735,MarketGridChoice,26
1718907911.5,1.977636,-0.503858271518379,-0.5075674994445426,0.003709227940237473,MarketGridChoice,26
1718907911.75,1.978917,-0.5024929488825688,-0.5100313403057456,0.0075383914372261504,MarketGridChoice,26
1718907912.0,1.969947,-0.5120534048101393,-0.5123472520629934,0.00029384726687451833,MarketGridChoice,26
1718907912.25,1.964821,-0.5175168270046461,-0.514506884676781,-0.003009942313875497,MarketGridChoice,26
1718907912.5,1.969947,-0.5120534048101393,-0.5165039212218143,0.004450516425633216,MarketGridChoice,26
1718907912.75,1.964821,-0.5175168270046461,-0.5183341776166319,0.0008173506259125088,MarketGridChoice,26
1718907913.0,1.962259,-0.5202474722762664,-0.5199956643108207,-0.0002518079515502799,MarketGridChoice,26
1718907913.25,1.958414,-0.5243455718349629,-0.5214886077524928,-0.0028569640686057682,MarketGridChoice,26
1718907913.5,1.952007,-0.5311743166652799,-0.522815430188979,-0.008358886462469165,MarketGridChoice,26
1718907913.75,1.95457,-0.5284426055680267,-0.5239806872049908,-0.004461918349239244,MarketGridChoice,26
1718907914.0,1.952007,-0.5311743166652799,-0.5249909633752639,-0.006183353276257919,MarketGridChoice,26
1718907914.25,1.9456,-0.538003061495597,-0.5258547274904959,-0.01214833399138545,MarketGridChoice,26
1718907914.5,1.948163,-0.5352713503983435,-0.5265821499770467,-0.008689200407628122,MarketGridChoice,26
1718907914.75,1.946882,-0.5366366730341537,-0.5271848863269584,-0.00945178669357868,MarketGridChoice,26
1718907915.0,1.946882,-0.5366366730341537,-0.5276758315263851,-0.008960841494209743,MarketGridChoice,26
1718907915.25,1.953289,-0.5298079282038367,-0.528068851546929,-0.001739076643412751,ForecastPage,26
1718907915.5,1.960977,-0.5216138607377095,-0.5283784988666033,0.006764638142318058,ForecastPage,26
1718907915.75,1.962259,-0.5202474722762664,-0.5286197196346448,0.008372247371724335,ForecastPage,26
1718907916.0,1.969947,-0.5120534048101393,-0.5288075604171663,0.016754155620286162,ForecastPage,26
1718907916.25,1.958414,-0.5243455718349629,-0.5289568824139605,0.004611310592161839,ForecastPage,26
1718907916.5,1.964821,-0.5175168270046461,-0.5290820906139373,0.011565263622352653,ForecastPage,26
1718907916.75,1.96354,-0.5188821496404561,-0.5291968845927111,0.010314734965208827,ForecastPage,26
1718907917.0,1.962259,-0.5202474722762664,-0.5293140366193335,0.009066564355912347,ForecastPage,26
1718907917.25,1.955852,-0.5270762171065835,-0.5294452015169192,0.002368984423074901,ForecastPage,26
1718907917.5,1.955852,-0.5270762171065835,-0.5296007614057202,0.002524544311776112,ForecastPage,26
1718907917.75,1.949445,-0.5339049619369003,-0.5297897071356471,-0.0041152547887042795,ForecastPage,26
1718907918.0,1.949445,-0.5339049619369003,-0.5300195569674695,-0.003885404956961099,ForecastPage,26
1718907918.25,1.952007,-0.5311743166652799,-0.5302963119499332,-0.0008780047029437288,ForecastPage,26
1718907918.5,1.952007,-0.5311743166652799,-0.5306244465018598,-0.0005498701510699323,ForecastPage,26
1718907918.75,1.950726,-0.5325396393010903,-0.5310069319569743,-0.0015327073318038504,ForecastPage,26
1718907919.0,1.9456,-0.538003061495597,-0.5314452902586454,-0.0065577712246625295,ForecastPage,26
1718907919.25,1.948163,-0.5352713503983435,-0.5319396745862381,-0.0033316757998245756,ForecastPage,26
1718907919.5,1.9456,-0.538003061495597,-0.5324889734359717,-0.005514088047339538,ForecastPage,26
1718907919.75,1.952007,-0.5311743166652799,-0.5330909345464423,0.0019166178934639302,ForecastPage,26
1718907920.0,1.955852,-0.5270762171065835,-0.5337423050266245,0.006666087932365627,ForecastPage,26
1718907920.25,1.9456,-0.538003061495597,-0.5344389840817815,-0.003564077401463964,ForecastPage,26
1718907920.5,1.946882,-0.5366366730341537,-0.5351761848120202,-0.0014604882097546124,ForecastPage,26
1718907920.75,1.9456,-0.538003061495597,-0.5359486016616468,-0.0020544598215460528,ForecastPage,26
1718907921.0,1.949445,-0.5339049619369003,-0.5367505802204942,0.0028456182960190117,ForecastPage,26
1718907921.25,1.946882,-0.5366366730341537,-0.5375762862229765,0.0009396132012632801,ForecastPage,26
1718907921.5,1.944319,-0.5393683841314073,-0.5384198707570185,-0.000948513361940256,ForecastPage,26
1718907921.75,1.941756,-0.5421000952286605,-0.5392756288800382,-0.00282446633617429,ForecastPage,26
1718907922.0,1.941756,-0.5421000952286605,-0.5401381490400808,-0.0019619461761421946,ForecastPage,26
1718907922.25,1.940475,-0.5434654178644709,-0.5410024509165801,-0.002462966935474828,ForecastPage,26
1718907922.5,1.943037,-0.5407347725928504,-0.5418641095256335,0.0011293369451659003,ForecastPage,26
1718907922.75,1.944319,-0.5393683841314073,-0.5427193636724109,0.0033509795533414382,ForecastPage,26
1718907923.0,1.9456,-0.538003061495597,-0.5435652070664329,0.0055621455831178146,ForecastPage,26
1718907923.25,1.944319,-0.5393683841314073,-0.5443994606320752,0.005031076512884555,ForecastPage,26
1718907923.5,1.940475,-0.5434654178644709,-0.5452208247425855,0.0017554068902597949,ForecastPage,26
1718907923.75,1.940475,-0.5434654178644709,-0.546028910290373,0.002563492437974025,ForecastPage,26
1718907924.0,1.939193,-0.544831806325914,-0.5468242477025868,0.0019924413886745047,ForecastPage,26
1718907924.25,1.934068,-0.5502941626947879,-0.5476082732509873,-0.0026858894318602007,ForecastPage,26
1718907924.5,1.928942,-0.5557575848892946,-0.548383292321632,-0.007374292555768248,ForecastPage,26
1718907924.75,1.928942,-0.5557575848892946,-0.5491524197293711,-0.006605165148053725,ForecastPage,26
1718907925.0,1.923816,-0.5612210070838014,-0.5499194976990956,-0.01130150937283354,ForecastPage,26
1718907925.25,1.926379,-0.558489295986548,-0.5506889927870837,-0.007800303187558736,ForecastPage,26
1718907925.5,1.919972,-0.565318040816865,-0.5514658737565048,-0.013852167048388105,ForecastPage,26
1718907925.75,1.935561,-0.5487028850247919,-0.5522554732030864,0.0035525881903680943,ForecastPage,26
1718907926.0,1.931717,-0.5527999187578557,-0.5530633364834271,0.00026341773778135093,ForecastPage,26
1718907926.25,1.935561,-0.5487028850247919,-0.5538950621533156,0.005192177140903069,ForecastPage,26
1718907926.5,1.934279,-0.550069273486235,-0.5547561386046531,0.004686865130995832,ForecastPage,26
1718907926.75,1.938124,-0.5459711739275386,-0.5556517818443736,0.00968060792963445,ForecastPage,26
1718907927.0,1.934279,-0.550069273486235,-0.5565867793639685,0.006517505890771689,ForecastPage,26
1718907927.25,1.931717,-0.5527999187578557,-0.5575653448114869,0.004765426066918952,ForecastPage,26
1718907927.5,1.930435,-0.5541663072192988,-0.5585909877317327,0.004424680525975259,ForecastPage,26
1718907927.75,1.926591,-0.5582633409523624,-0.5596664020339729,0.0014030610954036083,ForecastPage,26
1718907928.0,1.922747,-0.562360374685426,-0.5607933761366309,-0.001566998534757732,ForecastPage,26
1718907928.25,1.921465,-0.5637267631468692,-0.5619727269803576,-0.0017540361522423564,ForecastPage,26
1718907928.5,1.92531,-0.5596286635881725,-0.5632042593402098,0.0035755957665216196,ForecastPage,26
1718907928.75,1.921465,-0.5637267631468692,-0.5644867511358724,0.0007599880036823089,ForecastPage,26
1718907929.0,1.921465,-0.5637267631468692,-0.56581796475307,0.0020912016210515687,ForecastPage,26
1718907929.25,1.921465,-0.5637267631468692,-0.5671946837571922,0.003467920625321387,ForecastPage,26
1718907929.5,1.913777,-0.5719208306129963,-0.5686127738073314,-0.0033080567905433636,ForecastPage,26
1718907929.75,1.913777,-0.5719208306129963,-0.5700672660744082,-0.0018535645233685063,ForecastPage,26
1718907930.0,1.911214,-0.5746525417102498,-0.5715524610432927,-0.0031000806516644722,ForecastPage,26
1718907930.25,1.908651,-0.577384252807503,-0.5730620502470756,-0.004322202545087352,ForecastPage,26
1718907930.5,1.908651,-0.577384252807503,-0.5745892532459275,-0.002794999546213376,ForecastPage,26
1718907930.75,1.911214,-0.5746525417102498,-0.5761269670163326,0.0014744253214422735,ForecastPage,26
1718907931.0,1.906088,-0.5801159639047565,-0.5776679248413262,-0.0024480390480980264,ForecastPage,26
1718907931.25,1.908651,-0.577384252807503,-0.5792048617651208,0.0018206089728990344,ForecastPage,26
1718907931.5,1.90737,-0.5787495754433134,-0.5807306836726944,0.0019811082445892287,ForecastPage,26
1718907931.75,1.902244,-0.5842129976378201,-0.5822386370584709,-0.00197436056423405,ForecastPage,26
1718907932.0,1.906088,-0.5801159639047565,-0.5837224765479507,0.003606512658199697,ForecastPage,26
1718907932.25,1.8984,-0.5883100313708837,-0.5851766272292738,-0.0031334041267272604,ForecastPage,26
1718907932.5,1.900963,-0.5855783202736304,-0.5865963388405736,0.0010180185816926366,ForecastPage,26
1718907932.75,1.899681,-0.5869447087350737,-0.587977828848281,0.001033120127814961,ForecastPage,26
1718907933.0,1.899681,-0.5869447087350737,-0.5893184114456111,0.0023737027249966704,ForecastPage,26
1718907933.25,1.902244,-0.5842129976378201,-0.5906166095023482,0.006403611878834568,ForecastPage,26
1718907933.5,1.897119,-0.589675354006694,-0.5918722465098794,0.0021968925173374027,ForecastPage,26
1718907933.75,1.895837,-0.5910417424681371,-0.5930865155963272,0.0020447731421895364,ForecastPage,26
1718907934.0,1.894556,-0.5924070651039475,-0.5942620227504446,0.0018549576603500368,ForecastPage,26
1718907934.25,1.890712,-0.596504098837011,-0.5954028015129108,-0.0011012973103845503,ForecastPage,26
1718907934.5,1.888149,-0.5992358099342643,-0.5965142965974176,-0.002721513323256373,ForecastPage,26
1718907934.75,1.886867,-0.6006021983957075,-0.5976033142170875,-0.0029988841651414733,ForecastPage,26
1718907935.0,1.888149,-0.5992358099342643,-0.5986779373322416,-0.0005578725886414007,ForecastPage,26
1718907935.25,1.881742,-0.6060645547645813,-0.5997474046103578,-0.006317150140925388,ForecastPage,26
1718907935.5,1.884305,-0.6033328436673281,-0.600821952593657,-0.0025108910604432592,ForecastPage,26
1718907935.75,1.885586,-0.6019675210315178,-0.6019126213897465,-5.489962860304263e-05,ForecastPage,26
1718907936.0,1.883023,-0.6046992321287713,-0.6030310251147347,-0.0016682070009203934,ForecastPage,26
1718907936.25,1.881742,-0.6060645547645813,-0.6041890893009457,-0.0018754654505689446,ForecastPage,26
1718907936.5,1.877898,-0.6101615884976449,-0.6053987585069519,-0.004762829977679557,ForecastPage,26
1718907936.75,1.872772,-0.6156250106921517,-0.6066716784129472,-0.008953332266254107,ForecastPage,26
1718907937.0,1.874053,-0.6142596880563416,-0.6080188577290516,-0.006240830314418157,ForecastPage,26
1718907937.25,1.875335,-0.6128932995948985,-0.6094503162655412,-0.0034429833165836015,ForecastPage,26
1718907937.5,1.868928,-0.6197220444252155,-0.6109747264811907,-0.008747317931371798,ForecastPage,26
1718907937.75,1.872772,-0.6156250106921517,-0.6125990566960354,-0.0030259539836067872,ForecastPage,26
1718907938.0,1.875335,-0.6128932995948985,-0.6143282248758806,0.0014349252933256737,ForecastPage,26
1718907938.25,1.875335,-0.6128932995948985,-0.6161647724129485,0.0032714728302086073,ForecastPage,26
1718907938.5,1.876616,-0.6115279769590881,-0.6181085675892722,0.006580590642142748,ForecastPage,26
1718907938.75,1.87149,-0.6169913991535948,-0.6201565483769013,0.003165149235054958,ForecastPage,26
1718907939.0,1.868928,-0.6197220444252155,-0.622302513880157,0.0025804694664756265,ForecastPage,26
1718907939.25,1.868928,-0.6197220444252155,-0.6245369730609565,0.004814928647063087,ForecastPage,26
1718907939.5,1.863802,-0.6251854666197222,-0.6268470584291872,0.0016615918205841618,ForecastPage,26
1718907939.75,1.863802,-0.6251854666197222,-0.629216511158192,0.004031044549402082,ForecastPage,26
1718907940.0,1.862521,-0.6265507892555323,-0.6316257426355935,0.005074953390829719,ForecastPage,26
1718907940.25,1.862521,-0.6265507892555323,-0.6340519758158102,0.007501186570911968,ForecastPage,26
1718907940.5,1.858676,-0.630648888814229,-0.6364694679355711,0.005820579131876245,ForecastPage,26
1718907940.75,1.857395,-0.6320142114500393,-0.6388498142222576,0.006835602782691008,ForecastPage,26
1718907941.0,1.849707,-0.6402082789161664,-0.6411623302070436,0.0009540513013296288,ForecastPage,26
1718907941.25,1.853551,-0.6361112451831028,-0.6433745081976913,0.007263263025064083,ForecastPage,26
1718907941.5,1.849707,-0.6402082789161664,-0.6454525414217154,0.005244262516093508,ForecastPage,26
1718907941.75,1.844581,-0.6456717011106732,-0.6473619073721937,0.0016902062721814884,ForecastPage,26
1718907942.0,1.845862,-0.644306378474863,-0.6490680000254163,0.00476162156137894,ForecastPage,26
1718907942.25,1.848425,-0.6415746673776096,-0.6505367988979023,0.008962131531331193,ForecastPage,26
1718907942.5,1.839455,-0.6511351233051799,-0.6517355614138571,0.0006004381199756494,ForecastPage,26
1718907942.75,1.840737,-0.6497687348437368,-0.652633523805485,0.0028647889733531117,ForecastPage,26
1718907943.0,1.840737,-0.6497687348437368,-0.6532025948101174,0.003433859978337197,ForecastPage,26
1718907943.25,1.839455,-0.6511351233051799,-0.6534180258022285,0.0022829025094002475,ForecastPage,26
1718907943.5,1.83433,-0.6565974796740538,-0.6532590407453368,-0.0033384389159291043,ForecastPage,26
1718907943.75,1.833048,-0.657963868135497,-0.6527094095033451,-0.0052544586188901414,ForecastPage,26
1718907944.0,1.831767,-0.6593291907713072,-0.6517579486398927,-0.007571242117646955,ForecastPage,26
1718907944.25,1.829204,-0.6620609018685605,-0.650398934873711,-0.011661966980551572,ForecastPage,26
1718907944.5,1.822797,-0.6688896466988776,-0.6486324178473493,-0.02025722883668491,ForecastPage,26
1718907944.75,1.859958,-0.6292825003527858,-0.6464644207829259,0.017181920445533756,ForecastPage,26
1718907945.0,1.865083,-0.623820143983912,-0.6439070198936548,0.0200868759256817,ForecastPage,26
1718907945.25,1.835611,-0.6552321570382434,-0.6409782960282292,-0.014253860993545135,MarketWaitPage,26
1718907945.5,1.830485,-0.6606955792327505,-0.6377021548852895,-0.022993424330486033,MarketWaitPage,26
1718907945.75,1.830485,-0.6606955792327505,-0.6341080152142656,-0.026587564001037668,MarketWaitPage,26
1718907946.0,1.831767,-0.6593291907713072,-0.6302303677119102,-0.02909882304151996,MarketWaitPage,26
1718907946.25,1.833048,-0.657963868135497,-0.6261082108159035,-0.03185565730133548,MarketWaitPage,26
1718907946.5,1.844581,-0.6456717011106732,-0.6217843732149073,-0.02388732787718078,MarketWaitPage,26
1718907946.75,1.863802,-0.6251854666197222,-0.61730473648726,-0.007880730113606807,MarketWaitPage,26
1718907947.0,1.899681,-0.5869447087350737,-0.6127173746362381,0.025772665920230916,MarketWaitPage,26
1718907947.25,1.915058,-0.5705555079771862,-0.6080716301740136,0.037516122216044,RoundResultsPage,26
1718907947.5,1.893274,-0.5937734535653907,-0.603417148610316,0.009643695064230608,RoundResultsPage,26
1718907947.75,1.893274,-0.5937734535653907,-0.5988028945939411,0.0050294410478817775,RoundResultsPage,26
1718907948.0,1.911214,-0.5746525417102498,-0.5942761735173571,0.01962363182640194,RoundResultsPage,26
1718907948.25,1.911214,-0.5746525417102498,-0.5898816822151443,0.015229140524090391,RoundResultsPage,26
1718907948.5,1.8984,-0.5883100313708837,-0.5856606116131727,-0.002649419738673945,RoundResultsPage,26
1718907948.75,1.891993,-0.5951387762012007,-0.5816498229707469,-0.013488953211632345,RoundResultsPage,26
1718907949.0,1.902244,-0.5842129976378201,-0.5778811178349701,-0.006331879784296295,RoundResultsPage,26
1718907949.25,1.897119,-0.589675354006694,-0.5743806200982469,-0.015294733890208903,RoundResultsPage,26
1718907949.5,1.900963,-0.5855783202736304,-0.5711682866778673,-0.014410033577883414,RoundResultsPage,26
1718907949.75,1.900963,-0.5855783202736304,-0.5682575613283347,-0.017320758927812333,RoundResultsPage,26
1718907950.0,1.903526,-0.582846609176377,-0.5656551839051891,-0.01719142525413219,RoundResultsPage,26
1718907950.25,1.929154,-0.555531629855109,-0.5633611649347137,0.007829535096208613,RoundResultsPage,26
1718907950.5,1.958626,-0.5241196168007773,-0.5613689324930111,0.03724931570836915,RoundResultsPage,26
1718907950.75,1.963752,-0.5186561946062707,-0.5596656550405669,0.04100946044995389,RoundResultsPage,26
1718907951.0,1.959908,-0.5227532283393342,-0.5582327399016048,0.03547951157744915,RoundResultsPage,26
1718907951.25,1.950938,-0.5323136842669045,-0.5570465025019202,0.02473281824972182,RoundResultsPage,26
1718907951.5,1.944531,-0.5391424290972215,-0.5560789963763412,0.01693656729336832,RoundResultsPage,26
1718907951.75,1.941968,-0.5418741401944751,-0.5552989885298781,0.013424848349217812,RoundResultsPage,26
1718907952.0,1.943249,-0.5405088175586648,-0.5546730592535809,0.014164241708327729,RoundResultsPage,26
1718907952.25,1.954782,-0.5282166505338409,-0.5541668002323158,0.02595014971152066,RoundResultsPage,26
1718907952.5,1.948375,-0.535045395364158,-0.5537460799780216,0.018700684626586417,RoundResultsPage,26
1718907952.75,1.947094,-0.5364107179999681,-0.5533783414775613,0.016967623490040336,RoundResultsPage,26
1718907953.0,1.948375,-0.535045395364158,-0.5530338936329146,0.017988498280979193,RoundResultsPage,26
1718907953.25,1.941968,-0.5418741401944751,-0.5526871557625274,0.010813015580104605,RoundResultsPage,26
1718907953.5,1.934279,-0.550069273486235,-0.5523178132998388,0.002248539825542782,RoundResultsPage,26
1718907953.75,1.900963,-0.5855783202736304,-0.5519118430402731,-0.03366647722147326,RoundResultsPage,26
1718907954.0,1.895837,-0.5910417424681371,-0.5514623680054268,-0.039579374450823664,RoundResultsPage,26
1718907954.25,1.891993,-0.5951387762012007,-0.5509703053244821,-0.04416847086477501,RoundResultsPage,26
1718907954.5,1.881742,-0.6060645547645813,-0.5504447755127404,-0.05561977923979144,RoundResultsPage,26
1718907954.75,1.876616,-0.6115279769590881,-0.5499032480785392,-0.06162472886835142,RoundResultsPage,26
1718907955.0,1.885586,-0.6019675210315178,-0.5493714063075676,-0.052596114711570385,RoundResultsPage,26
1718907955.25,1.88943,-0.5978704872984543,-0.5488827230350937,-0.048987764250772434,RoundResultsPage,26
1718907955.5,1.902244,-0.5842129976378201,-0.5484777488095826,-0.03573524881542341,RoundResultsPage,26
1718907955.75,1.920184,-0.5650920857826794,-0.5482031236074367,-0.016888962162193835,RoundResultsPage,26
1718907956.0,1.935561,-0.5487028850247919,-0.5481103326919534,-0.0005925523195546012,RoundResultsPage,26
1718907956.25,1.949656,-0.5336800727283477,-0.5482542358586423,0.014574163143804952,RoundResultsPage,26
1718907956.5,1.956063,-0.5268513278980306,-0.5486914067802982,0.021840078895987748,RoundResultsPage,26
1718907956.75,1.965033,-0.5172908719704603,-0.5494783251697788,0.03218745321322505,RoundResultsPage,26
1718907957.0,1.965033,-0.5172908719704603,-0.5506694688547975,0.03337859689840149,RoundResultsPage,26
1718907957.25,1.953501,-0.5295819731696513,-0.5523153555771947,0.02273338242173268,RoundResultsPage,26
1718907957.5,1.947094,-0.5364107179999681,-0.554460585476344,0.018049867490654334,RoundResultsPage,26
1718907957.75,1.939405,-0.5446058512917283,-0.5571419349685891,0.012536083691190268,RoundResultsPage,26
1718907958.0,1.930435,-0.5541663072192988,-0.5603865513188759,0.006220244113918395,RoundResultsPage,26
1718907958.25,1.91634,-0.569189119515743,-0.564210294853955,-0.0049788246474746015,RiskPage1,26
1718907958.5,1.913777,-0.5719208306129963,-0.568616272700637,-0.0033045578981121745,RiskPage1,26
1718907958.75,1.904807,-0.5814812865405669,-0.5735936043128363,-0.007887682213584993,RiskPage1,26
1718907959.0,1.902244,-0.5842129976378201,-0.5791164549869128,-0.005096542636895143,RiskPage1,26
1718907959.25,1.897119,-0.589675354006694,-0.5851433691099336,-0.004531984882909581,RiskPage1,26
1718907959.5,1.897119,-0.589675354006694,-0.591616930046468,0.0019415760534397582,RiskPage1,26
1718907959.75,1.88943,-0.5978704872984543,-0.5984637683206963,0.0005932810357022945,RiskPage1,26
1718907960.0,1.888149,-0.5992358099342643,-0.6055949340521324,0.00635912413110508,RiskPage1,26
1718907960.25,1.88943,-0.5978704872984543,-0.6129066434177484,0.015036156132292335,RiskPage1,26
1718907960.5,1.883023,-0.6046992321287713,-0.620281402218681,0.015582170102656391,RiskPage1,26
1718907960.75,1.877898,-0.6101615884976449,-0.627589502428462,0.01742791394330196,RiskPage1,26
1718907961.0,1.875335,-0.6128932995948985,-0.6346908799259313,0.021797580343250265,RiskPage1,26
1718907961.25,1.875335,-0.6128932995948985,-0.6414373135403807,0.02854401395743101,RiskPage1,26
1718907961.5,1.868928,-0.6197220444252155,-0.6476749371674173,0.02795289275388535,RiskPage1,26
1718907961.75,1.870209,-0.6183567217894052,-0.6532470281952693,0.03489030641729123,RiskPage1,26
1718907962.0,1.863802,-0.6251854666197222,-0.6579970269896713,0.03281156038113463,RiskPage1,26
1718907962.25,1.862521,-0.6265507892555323,-0.6617717339311745,0.03522094468660707,RiskPage1,26
1718907962.5,1.850988,-0.6388429562803561,-0.6644246227245051,0.025581666454919244,RiskPage1,26
1718907962.75,1.850988,-0.6388429562803561,-0.6658192016766085,0.02697624540685936,RiskPage1,26
1718907963.0,1.848425,-0.6415746673776096,-0.6658323486583491,0.024257681291219326,RiskPage1,26
1718907963.25,1.844581,-0.6456717011106732,-0.6643575408199773,0.01868583971969831,RiskPage1,26
1718907963.5,1.8433,-0.6470370237464835,-0.6613078971088852,0.01427087337275626,RiskPage1,26
1718907963.75,1.840737,-0.6497687348437368,-0.6566189505062665,0.006850215672893746,RiskPage1,26
1718907964.0,1.838174,-0.6525004459409902,-0.6502510678968275,-0.0022493780337394446,RiskPage1,26
1718907964.25,1.836892,-0.6538668344024334,-0.6421914388196464,-0.01167539557225611,RiskPage2,26
1718907964.5,1.831767,-0.6593291907713072,-0.6324555601841364,-0.026873630576487065,RiskPage2,26
1718907964.75,1.830485,-0.6606955792327505,-0.6210881524847038,-0.03960742673717088,RiskPage2,26
1718907965.0,1.829204,-0.6620609018685605,-0.6081634541550377,-0.0538974477024228,RiskPage2,26
1718907965.25,1.826641,-0.664792612965814,-0.5937848544281578,-0.07100775852630818,RiskPage2,26
1718907965.5,1.812546,-0.6798154252622582,-0.578083841271213,-0.10173158397943434,RiskPage2,26
1718907965.75,1.811264,-0.6811818137237013,-0.5612182593880161,-0.11996355432380701,RiskPage2,26
1718907966.0,1.809983,-0.6825471363595117,-0.5433698935372067,-0.13917724281016502,RiskPage2,26
1718907966.25,1.809983,-0.6825471363595117,-0.5247414139551985,-0.15780572239192708,RiskPage2,26
1718907966.5,1.83433,-0.6565974796740538,-0.5055527427800299,-0.15104473688141515,RiskPage2,26
1718907966.75,1.906088,-0.5801159639047565,-0.4860369221361856,-0.09407904175576938,RiskPage2,26
1718907967.0,1.920184,-0.5650920857826794,-0.4664355848767929,-0.09865650089292718,RiskPage2,26
1718907967.25,2.022697,-0.4558311026719744,-0.44699414667818227,-0.008836955980713504,RiskPage2,26
1718907967.5,2.132898,-0.33837605209514215,-0.42795685200110567,0.08958079991912112,RiskPage2,26
1718907967.75,2.207219,-0.2591628252285917,-0.4095618152302635,0.15039899001486773,RiskPage2,26
1718907968.0,2.240536,-0.2236527126155632,-0.39203620118572624,0.16838348858335692,RiskPage2,26
1718907968.25,2.277697,-0.18404556626947163,-0.37559168567569134,0.19154611941937155,RiskPage2,26
1718907968.5,2.270008,-0.19224069956123188,-0.3604203268641874,0.16817962731602534,RiskPage2,26
1718907968.75,2.250787,-0.21272693405218282,-0.3466909625542589,0.13396402851502362,RiskPage2,26
1718907969.0,2.230285,-0.23457849117894405,-0.33454622810783313,0.09996773694167363,RiskPage2,26
1718907969.25,2.229003,-0.23594487964038702,-0.32410026601278485,0.08815538638497877,RiskPage3,26
1718907969.5,2.218752,-0.24687065820376786,-0.315437172545917,0.06856651435448652,RiskPage3,26
1718907969.75,2.19825,-0.26872221533052915,-0.30861020098339,0.03988798566491594,RiskPage3,26
1718907970.0,2.184154,-0.28374609345260615,-0.3036417156202615,0.01989562217939274,RiskPage3,26
1718907970.25,2.164933,-0.3042323279435571,-0.30052386750562027,-0.0037084604265477106,RiskPage3,26
1718907970.5,2.134179,-0.33701072945933186,-0.2992199420901658,-0.03779078735814953,RiskPage3,26
1718907970.75,2.120084,-0.3520335417557763,-0.29966631151940637,-0.052367230225742176,RiskPage3,26
1718907971.0,2.11624,-0.35613057548883986,-0.301774910475291,-0.05435566500331686,RiskPage3,26
1718907971.25,2.129054,-0.34247308582820574,-0.30543614444042305,-0.03703694137794257,RiskPage3,26
1718907971.5,2.120084,-0.3520335417557763,-0.3105221329866186,-0.04151140875969404,RiskPage3,26
1718907971.75,2.111114,-0.3615939976833464,-0.31689018794561796,-0.04470380972861415,RiskPage3,26
1718907972.0,2.104707,-0.36842274251366364,-0.3243864267538569,-0.0440363157510025,RiskPage3,26
1718907972.25,2.097018,-0.3766178758054239,-0.33284942447044735,-0.043768451326431465,RiskPage3,26
1718907972.5,2.090611,-0.3834466206357407,-0.3421138135349857,-0.04133280709240804,RiskPage3,26
1718907972.75,2.090611,-0.3834466206357407,-0.3520137478530274,-0.03143287277449486,RiskPage3,26
1718907973.0,2.082923,-0.39164068810186786,-0.3623861568696326,-0.029254531224069277,RiskPage3,26
1718907973.25,2.081641,-0.39300707656331124,-0.3730737255177501,-0.019933351037366973,RiskPage3,26
1718907973.5,2.075234,-0.3998358213936281,-0.38392754692620357,-0.01590827445911959,RiskPage3,26
1718907973.75,2.063702,-0.4121269225928188,-0.39480940619031146,-0.017317516394009927,RiskPage3,26
1718907974.0,2.057295,-0.4189556674231361,-0.4055936650389215,-0.013362002375447185,RiskPage3,26
1718907974.25,2.045762,-0.4312478344479599,-0.41616872861585413,-0.015079105822997662,RiskPage4,26
1718907974.5,2.040636,-0.4367112566424664,-0.42643808661753324,-0.010273170015423128,RiskPage4,26
1718907974.75,2.025259,-0.45310045740035376,-0.436320931513116,-0.016779525877276165,RiskPage4,26
1718907975.0,2.025259,-0.45310045740035376,-0.44575236636352117,-0.007348091026383565,RiskPage4,26
1718907975.25,2.018852,-0.4599292022306711,-0.45468322371131037,-0.005245978508402771,RiskPage4,26
1718907975.5,2.017571,-0.46129452486648137,-0.463079525005111,0.0017850001501026926,RiskPage4,26
1718907975.75,2.011164,-0.4681232696967982,-0.47092161693222356,0.00279834724740469,RiskPage4,26
1718907976.0,2.00732,-0.47222030342986177,-0.47820302676055765,0.005982723343159094,RiskPage4,26
1718907976.25,2.002194,-0.4776837256243687,-0.4849290832619395,0.00724535765048278,RiskPage4,26
1718907976.5,1.997069,-0.4831460819932424,-0.4911153529626098,0.00796927098268177,RiskPage4,26
1718907976.75,1.994506,-0.4858777930904959,-0.4967859433371497,0.01090815026031481,RiskPage4,26
1718907977.0,1.991943,-0.4886095041877491,-0.5019717251523697,0.013362220978565306,RiskPage4,26
1718907977.25,1.986817,-0.49407292638225586,-0.5067085255243414,0.012635599156246714,RiskPage4,26
1718907977.5,1.982973,-0.49816996011531944,-0.5110353414400505,0.01286538133903891,RiskPage4,26
1718907977.75,1.985536,-0.4954382490180662,-0.5149926205971072,0.01955437159342603,RiskPage4,26
1718907978.0,1.98041,-0.5009016712125729,-0.5186206525281917,0.017718981330014177,RiskPage4,26
1718907978.25,1.979129,-0.5022669938483832,-0.5219581082133374,0.01969111437929777,RiskPage4,26
1718907978.5,1.974003,-0.50773041604289,-0.525040760868563,0.01731034483990996,RiskPage4,26
1718907978.75,1.974003,-0.50773041604289,-0.5279004144740359,0.020169998445230666,RiskPage4,26
1718907979.0,1.967596,-0.5145591608732071,-0.5305640600233793,0.01600489916406882,RiskPage4,26
1718907979.25,1.965033,-0.5172908719704603,-0.5330532726031413,0.01576240064636229,RiskPage4,26
1718907979.5,1.961189,-0.5213879057035239,-0.5353838554182947,0.01399594972821694,RiskPage4,26
1718907979.75,1.957345,-0.5254849394365877,-0.537565729936052,0.012080790512661324,RiskPage4,26
1718907980.0,1.952219,-0.5309483616310944,-0.5396030645912759,0.008654702973121504,RiskPage4,26
1718907980.25,1.947094,-0.5364107179999681,-0.5414946281378088,0.005083910150520423,PreMarketWait,27
1718907980.5,1.949656,-0.5336800727283477,-0.5432343478832323,0.00955427516730544,PreMarketWait,27
1718907980.75,1.945812,-0.5377771064614113,-0.5448120478353918,0.007034941386146349,PreMarketWait,27
1718907981.0,1.932998,-0.5514345961220454,-0.546214337324481,-0.005220258785647729,PreMarketWait,27
1718907981.25,1.938124,-0.5459711739275386,-0.5474256170336299,0.0014544431177664907,PreMarketWait,27
1718907981.5,1.935561,-0.5487028850247919,-0.5484291666465305,-0.00027371836681895287,PreMarketWait,27
1718907981.75,1.929154,-0.555531629855109,-0.5492082765584764,-0.006323353285413117,PreMarketWait,27
1718907982.0,1.927872,-0.5568980183165522,-0.5497473853329223,-0.007150632972622202,PreMarketWait,27
1718907982.25,1.926591,-0.5582633409523624,-0.5500331848333626,-0.008230156108190757,PreMarketWait,27
1718907982.5,1.92531,-0.5596286635881725,-0.5500556562142777,-0.009573007363268157,PreMarketWait,27
1718907982.75,1.924028,-0.5609950520496156,-0.5498090021910714,-0.01118604984808021,PreMarketWait,27
1718907983.0,1.926591,-0.5582633409523624,-0.5492924441847228,-0.008970896757314994,PreMarketWait,27
1718907983.25,1.921465,-0.5637267631468692,-0.5485108569918821,-0.01521590614477444,PreMarketWait,27
1718907983.5,1.913777,-0.5719208306129963,-0.5474752184899537,-0.024445612112910083,PreMarketWait,27
1718907983.75,1.915058,-0.5705555079771862,-0.5462028574612164,-0.024352650505881535,PreMarketWait,27
1718907984.0,1.911214,-0.5746525417102498,-0.5447174888073616,-0.02993505289280475,PreMarketWait,27
1718907984.25,1.913777,-0.5719208306129963,-0.5430490321005289,-0.028871798502347088,MarketGridChoice,27
1718907984.5,1.90737,-0.5787495754433134,-0.5412332164211787,-0.03751635901193521,MarketGridChoice,27
1718907984.75,1.90737,-0.5787495754433134,-0.5393109815713177,-0.039438593861675864,MarketGridChoice,27
1718907985.0,1.91634,-0.569189119515743,-0.5373276927913305,-0.03186142671393291,MarketGridChoice,27
1718907985.25,1.931717,-0.5527999187578557,-0.5353321927851011,-0.017467725962078573,MarketGridChoice,27
1718907985.5,1.941968,-0.5418741401944751,-0.5333757208797311,-0.008498419303838153,MarketGridChoice,27
1718907985.75,1.953501,-0.5295819731696513,-0.5315107342081256,0.0019287610496395557,MarketGridChoice,27
1718907986.0,1.968878,-0.5131927724117639,-0.529789669613002,0.016596897212687173,MarketGridChoice,27
1718907986.25,1.982973,-0.49816996011531944,-0.5282636872847766,0.0300937271812073,MarketGridChoice,27
1718907986.5,1.997069,-0.4831460819932424,-0.5269814377965257,0.04383535581534339,MarketGridChoice,27
1718907986.75,1.99835,-0.4817807593574321,-0.5259878931177021,0.044207133772639136,MarketGridChoice,27
1718907987.0,1.995787,-0.4845124704546856,-0.5253232794136385,0.04081080897162054,MarketGridChoice,27
1718907987.25,1.999631,-0.480415436721622,-0.5250221451200283,0.04460670841135313,MarketGridChoice,27
1718907987.5,1.988099,-0.4927065379208127,-0.5251125921715752,0.032406054263962196,MarketGridChoice,27
1718907987.75,1.981692,-0.49953528275112974,-0.5256156916889663,0.026080408951257184,MarketGridChoice,27
1718907988.0,1.972722,-0.5090957386787001,-0.5265450982563253,0.0174493595912317,MarketGridChoice,27
1718907988.25,1.967596,-0.5145591608732071,-0.5279068695258493,0.013347708666398332,MarketGridChoice,27
1718907988.5,1.963752,-0.5186561946062707,-0.5296994906163137,0.011043296023914042,MarketGridChoice,27
1718907988.75,1.952219,-0.5309483616310944,-0.5319140959299804,0.0009657343128400483,MarketGridChoice,27
1718907989.0,1.945812,-0.5377771064614113,-0.5345348748426818,-0.003242231604720463,MarketGridChoice,27
1718907989.25,1.936842,-0.5473375623889818,-0.5375396424100363,-0.009797919964904584,MarketGridChoice,27
1718907989.5,1.935561,-0.5487028850247919,-0.5409005519091086,-0.007802333101628514,MarketGridChoice,27
1718907989.75,1.929154,-0.555531629855109,-0.5445849227769202,-0.010946707064132722,MarketGridChoice,27
1718907990.0,1.924028,-0.5609950520496156,-0.5485561553415861,-0.012438896693979413,MarketGridChoice,27
1718907990.25,1.918903,-0.5664574084184896,-0.5527747026492599,-0.013682705755187378,MarketGridChoice,27
1718907990.5,1.912495,-0.5732872190744395,-0.5571990696153315,-0.016088149445070678,MarketGridChoice,27
1718907990.75,1.908651,-0.577384252807503,-0.5617868105909557,-0.015597442202509137,MarketGridChoice,27
1718907991.0,1.904807,-0.5814812865405669,-0.5664954981370998,-0.014985788389419469,MarketGridChoice,27
1718907991.25,1.899681,-0.5869447087350737,-0.571283638223808,-0.015661070497198823,MarketGridChoice,27
1718907991.5,1.895837,-0.5910417424681371,-0.5761115100953581,-0.01493023235868272,MarketGridChoice,27
1718907991.75,1.893274,-0.5937734535653907,-0.5809419125262151,-0.012831541025040388,MarketGridChoice,27
1718907992.0,1.893274,-0.5937734535653907,-0.5857408019972042,-0.008032651554004275,MarketGridChoice,27
1718907992.25,1.88943,-0.5978704872984543,-0.5904778123050076,-0.007392674979210798,MarketGridChoice,27
1718907992.5,1.885586,-0.6019675210315178,-0.5951266491445848,-0.006840871872638212,MarketGridChoice,27
1718907992.75,1.884305,-0.6033328436673281,-0.599665357147715,-0.003667486505255668,MarketGridChoice,27
1718907993.0,1.881742,-0.6060645547645813,-0.60407646061202,-0.0019880941381394696,MarketGridChoice,27
1718907993.25,1.874053,-0.6142596880563416,-0.6083469826228848,-0.0059127054189714945,MarketGridChoice,27
1718907993.5,1.874053,-0.6142596880563416,-0.6124683503830751,-0.0017913376587213017,MarketGridChoice,27
1718907993.75,1.870209,-0.6183567217894052,-0.6164361972643366,-0.0019205245104703741,MarketGridChoice,27
1718907994.0,1.868928,-0.6197220444252155,-0.6202500743364432,0.000528029925868782,MarketGridChoice,27
1718907994.25,1.868928,-0.6197220444252155,-0.6239130858751198,0.004191041464576837,MarketGridChoice,27
1718907994.5,1.867646,-0.6210884328866586,-0.6274314645711636,0.006343031699196864,MarketGridChoice,27
1718907994.75,1.863802,-0.6251854666197222,-0.6308141028383587,0.005628636233335652,MarketGridChoice,27
1718907995.0,1.863802,-0.6251854666197222,-0.634072056740715,0.008886590135688589,MarketGridChoice,27
1718907995.25,1.865083,-0.623820143983912,-0.6372180386412805,0.013397894672053056,MarketGridChoice,27
1718907995.5,1.861239,-0.6279171777169755,-0.6402659137458232,0.012348736043516653,MarketGridChoice,27
1718907995.75,1.858676,-0.630648888814229,-0.6432302143244423,0.012581325524867295,MarketGridChoice,27
1718907996.0,1.861239,-0.6279171777169755,-0.646125683610401,0.01820850590807105,MarketGridChoice,27
1718907996.25,1.865083,-0.623820143983912,-0.648966859284254,0.02514671531499169,MarketGridChoice,27
1718907996.5,1.838174,-0.6525004459409902,-0.6517677041567843,-0.0007327417695341849,MarketGridChoice,27
1718907996.75,1.829204,-0.6620609018685605,-0.6545412892872172,-0.0075196125666273025,MarketGridChoice,27
1718907997.0,1.833048,-0.657963868135497,-0.6572995324464506,-0.0006643356742619417,MarketGridChoice,27
1718907997.25,1.82536,-0.6661579356016241,-0.6600529926885499,-0.006104942898197406,MarketGridChoice,27
1718907997.5,1.824078,-0.6675243240630673,-0.6628107199297807,-0.004713604118295055,MarketGridChoice,27
1718907997.75,1.824078,-0.6675243240630673,-0.6655801569076973,-0.0019441671402440936,MarketGridChoice,27
1718907998.0,1.822797,-0.6688896466988776,-0.6683670897107667,-0.000522556972835311,MarketGridChoice,27
1718907998.25,1.81639,-0.6757183915291947,-0.6711756422093264,-0.004542749304432082,MarketGridChoice,27
1718907998.5,1.809983,-0.6825471363595117,-0.6740083091481243,-0.008538827195784481,MarketGridChoice,27
1718907998.75,1.812546,-0.6798154252622582,-0.676866022346134,-0.0029494029003531447,MarketGridChoice,27
1718907999.0,1.811264,-0.6811818137237013,-0.6797482443599038,-0.0014335693478617784,MarketGridChoice,27
1718907999.25,1.80742,-0.6852788474567649,-0.682653084070251,-0.0026257633704208846,MarketGridChoice,27
1718907999.5,1.806139,-0.6866441700925753,-0.6855774289121923,-0.001066741164144366,MarketGridChoice,27
1718907999.75,1.802294,-0.6907422696512717,-0.6885170888460174,-0.002225180788884281,MarketGridChoice,27
1718908000.0,1.794606,-0.6989363371173991,-0.6914669476285317,-0.0074693894723821515,MarketGridChoice,27
1718908000.25,1.795887,-0.6975710144815888,-0.6944211174596573,-0.003149897005348186,MarketGridChoice,27
1718908000.5,1.799732,-0.6934729149228921,-0.6973730936271034,0.003900178720873871,MarketGridChoice,27
1718908000.75,1.794606,-0.6989363371173991,-0.7003159063262393,0.0013795692255618363,MarketGridChoice,27
1718908001.0,1.78948,-0.7043997593119058,-0.70324226736665,-0.001157491928495537,MarketGridChoice,27
1718908001.25,1.792043,-0.7016680482146523,-0.7061447099660356,0.0044766617681617216,MarketGridChoice,27
1718908001.5,1.785636,-0.7084967930449694,-0.7090157202603753,0.0005189272321823577,MarketGridChoice,27
1718908001.75,1.781792,-0.712593826778033,-0.7118478595236059,-0.0007459672376708651,MarketGridChoice,27
1718908002.0,1.776666,-0.7180572489725398,-0.714633876397165,-0.003423372558653561,MarketGridChoice,27
1718908002.25,1.779229,-0.7153255378752864,-0.7173668086904103,0.002041270831799553,MarketGridChoice,27
1718908002.5,1.774103,-0.7207889600697932,-0.7200400745369261,-0.0007488855162419559,MarketGridChoice,27
1718908002.75,1.774103,-0.7207889600697932,-0.7226475528840819,0.0018585928308641779,MarketGridChoice,27
1718908003.0,1.768978,-0.726251316438667,-0.725183653453283,-0.0010676629688523764,MarketGridChoice,27
1718908003.25,1.768978,-0.726251316438667,-0.7276433764329621,0.0013920600107925974,MarketGridChoice,27
1718908003.5,1.766415,-0.7289830275359204,-0.7300223622537154,0.0010393347342713512,MarketGridChoice,27
1718908003.75,1.762571,-0.733080061268984,-0.7323169318463684,-0.0007631294061463622,MarketGridChoice,27
1718908004.0,1.763852,-0.7317147386331738,-0.7345241178026167,0.0028093791859187226,MarketGridChoice,27
1718908004.25,1.761289,-0.734446449730427,-0.7366416868488174,0.002195237134885175,MarketGridChoice,27
1718908004.5,1.754882,-0.7412751945607441,-0.7386681540119991,-0.00260704053221868,MarketGridChoice,27
1718908004.75,1.756164,-0.739908806099301,-0.7406027888101189,0.0006939827273884553,MarketGridChoice,27
1718908005.0,1.754882,-0.7412751945607441,-0.7424456137442634,0.001170419200148174,MarketGridChoice,27
1718908005.25,1.753601,-0.7426405171965544,-0.7441973953172782,0.001556878137425634,ForecastPage,27
1718908005.5,1.753601,-0.7426405171965544,-0.7458596277577298,0.0032191105779651808,ForecastPage,27
1718908005.75,1.747194,-0.7494692620268715,-0.7474345095947993,-0.0020347524151793075,ForecastPage,27
1718908006.0,1.744631,-0.7522009731241248,-0.7489249132137882,-0.0032760598933250875,ForecastPage,27
1718908006.25,1.745912,-0.7508356504883147,-0.7503343475310903,-0.0005013029400789572,ForecastPage,27
1718908006.5,1.747194,-0.7494692620268715,-0.7516669139700286,0.00219765196045179,ForecastPage,27
1718908006.75,1.74335,-0.7535662957599351,-0.7529272559991265,-0.0006390397433495526,ForecastPage,27
1718908007.0,1.739505,-0.7576643953186315,-0.7541205026098633,-0.0035438926911299656,ForecastPage,27
1718908007.25,1.738224,-0.7590297179544419,-0.7552522062554391,-0.003777511681171211,ForecastPage,27
1718908007.5,1.742068,-0.7549326842213783,-0.7563282759390908,0.001395591735749198,ForecastPage,27
1718908007.75,1.740787,-0.7562980068571883,-0.7573549063235152,0.0010568994845770877,ForecastPage,27
1718908008.0,1.735661,-0.7617614290516953,-0.7583385039223933,-0.0034229251108333593,ForecastPage,27
1718908008.25,1.735661,-0.7617614290516953,-0.7592856116177663,-0.002475817415241222,ForecastPage,27
1718908008.5,1.739505,-0.7576643953186315,-0.7602028329099784,0.0025384376102493447,ForecastPage,27
1718908008.75,1.733098,-0.7644931401489485,-0.761096757439573,-0.003396382690268664,ForecastPage,27
1718908009.0,1.733098,-0.7644931401489485,-0.761973889413826,-0.0025192507158268997,ForecastPage,27
1718908009.25,1.731817,-0.7658584627847589,-0.7628405806147144,-0.0030178821505819505,ForecastPage,27
1718908009.5,1.73438,-0.7631267516875054,-0.763702969649005,0.0005762179811014956,ForecastPage,27
1718908009.75,1.729254,-0.7685901738820121,-0.7645669290122012,-0.004023244850102386,ForecastPage,27
1718908010.0,1.748475,-0.7481039393910612,-0.7654380213612536,0.017334081989971134,ForecastPage,27
1718908010.25,1.735661,-0.7617614290516953,-0.7663214661102286,0.004560037078343368,ForecastPage,27
1718908010.5,1.735661,-0.7617614290516953,-0.767222117068113,0.005460688036219505,ForecastPage,27
1718908010.75,1.731817,-0.7658584627847589,-0.768144451333882,0.0022859885688783924,ForecastPage,27
1718908011.0,1.72541,-0.7726872076150757,-0.769092569078694,-0.003594638516707476,ForecastPage,27
1718908011.25,1.730536,-0.7672237854205689,-0.7700702032251976,0.002846417824191622,ForecastPage,27
1718908011.5,1.730536,-0.7672237854205689,-0.7710807374304033,0.0038569520292609126,ForecastPage,27
1718908011.75,1.729254,-0.7685901738820121,-0.7721272302320282,0.003537056369286598,ForecastPage,27
1718908012.0,1.731817,-0.7658584627847589,-0.7732124427542757,0.007353979988617027,ForecastPage,27
1718908012.25,1.721566,-0.7767842413481395,-0.7743388670049641,-0.0024453743242532763,ForecastPage,27
1718908012.5,1.720284,-0.7781506298095827,-0.7755087515507616,-0.0026418782400788013,ForecastPage,27
1718908012.75,1.717721,-0.780882340906836,-0.7767241212563963,-0.004158219631873358,ForecastPage,27
1718908013.0,1.71644,-0.7822476635426463,-0.7779867878444172,-0.004260875679829993,ForecastPage,27
1718908013.25,1.715159,-0.7836129861784563,-0.7792983482934162,-0.004314637866795029,ForecastPage,27
1718908013.5,1.715159,-0.7836129861784563,-0.7806601685469506,-0.0029528176133973415,ForecastPage,27
1718908013.75,1.713877,-0.7849793746398995,-0.7820733506371639,-0.0029060239847443193,ForecastPage,27
1718908014.0,1.710033,-0.7890764083729633,-0.783538682107968,-0.005537726247099164,ForecastPage,27
1718908014.25,1.70747,-0.7918081194702166,-0.785056567518452,-0.006751551933941116,ForecastPage,27
1718908014.5,1.703626,-0.7959051532032801,-0.7866269427822224,-0.009278210403285908,ForecastPage,27
1718908014.75,1.703626,-0.7959051532032801,-0.7882491741157113,-0.007655979069830102,ForecastPage,27
1718908015.0,1.706189,-0.7931734421060269,-0.7899219443863692,-0.0032514977019362633,ForecastPage,27
1718908015.25,1.70747,-0.7918081194702166,-0.7916431306198616,-0.00016498883263712377,ForecastPage,27
1718908015.5,1.70747,-0.7918081194702166,-0.7934096772855049,0.0016015578330142903,ForecastPage,27
1718908015.75,1.708752,-0.7904417310087734,-0.7952174706713169,0.004775739680287175,ForecastPage,27
1718908016.0,1.712596,-0.7863446972757098,-0.7970612201336945,0.010716522875754178,ForecastPage,27
1718908016.25,1.706189,-0.7931734421060269,-0.7989343522307263,0.005760910142502013,ForecastPage,27
1718908016.5,1.706189,-0.7931734421060269,-0.8008289237163095,0.007655481628125494,ForecastPage,27
1718908016.75,1.694656,-0.8054656091308506,-0.8027355591042518,-0.0027300500087085785,ForecastPage,27
1718908017.0,1.690812,-0.8095626428639142,-0.8046434180487921,-0.004919224797176639,ForecastPage,27
1718908017.25,1.690812,-0.8095626428639142,-0.8065401971833706,-0.0030224456625333285,ForecastPage,27
1718908017.5,1.692093,-0.808197320228104,-0.8084121703619733,0.0002148501519574587,ForecastPage,27
1718908017.75,1.68953,-0.8109290313253574,-0.8102442704876013,-0.0006847608195732727,ForecastPage,27
1718908018.0,1.688249,-0.8122943539611676,-0.8120202152971695,-0.0002741386457012502,ForecastPage,27
1718908018.25,1.686968,-0.8136596765969778,-0.8137226785908307,6.300201228320407e-05,ForecastPage,27
1718908018.5,1.685686,-0.815026065058421,-0.8153335074303013,0.0003074423904622808,ForecastPage,27
1718908018.75,1.686968,-0.8136596765969778,-0.8168339847726729,0.003174308194444421,ForecastPage,27
1718908019.0,1.680561,-0.8204884214272948,-0.8182051358466919,-0.0022832855616738024,ForecastPage,27
1718908019.25,1.680561,-0.8204884214272948,-0.8194280753157134,-0.0010603460924635628,ForecastPage,27
1718908019.5,1.674154,-0.827317166257612,-0.8204843909070749,-0.006832775331225572,ForecastPage,27
1718908019.75,1.681842,-0.8191230987914846,-0.8213565577242842,0.002233458952304491,ForecastPage,27
1718908020.0,1.699782,-0.800002186936344,-0.8220283758960077,0.02202618897935841,ForecastPage,27
1718908020.25,1.70747,-0.7918081194702166,-0.8224854225492594,0.030677303098920066,ForecastPage,27
1718908020.5,1.70747,-0.7918081194702166,-0.8227155073216721,0.03090738787150601,ForecastPage,27
1718908020.75,1.708752,-0.7904417310087734,-0.8227091187744882,0.032267387785926804,ForecastPage,27
1718908021.0,1.710033,-0.7890764083729633,-0.8224598472158098,0.033383438863205585,ForecastPage,27
1718908021.25,1.711314,-0.787711085737153,-0.8219647677486507,0.03425368203198628,ForecastPage,27
1718908021.5,1.680561,-0.8204884214272948,-0.8212247660438883,0.0007363446371899847,ForecastPage,27
1718908021.75,1.636993,-0.8669243126037037,-0.8202447886704475,-0.04667952391257649,ForecastPage,27
1718908022.0,1.635711,-0.8682907010651469,-0.8190340000669868,-0.04925670097742432,ForecastPage,27
1718908022.25,1.648525,-0.8546332114045128,-0.8176058296402979,-0.03702738174345207,ForecastPage,27
1718908022.5,1.66134,-0.8409746559182458,-0.8159778951457002,-0.0249967607517862,ForecastPage,27
1718908022.75,1.666465,-0.8355122995493719,-0.8141717924031183,-0.021340507125528225,ForecastPage,27
1718908023.0,1.667747,-0.8341459110879288,-0.8122127463306191,-0.021933164736649833,ForecastPage,27
1718908023.25,1.658777,-0.8437063670154993,-0.8101291239413158,-0.03357724305362124,ForecastPage,27
1718908023.5,1.672872,-0.8286835547190551,-0.8079518160395702,-0.020731738659052295,ForecastPage,27
1718908023.75,1.666465,-0.8355122995493719,-0.8057135005865677,-0.029798798942532928,ForecastPage,27
1718908024.0,1.66134,-0.8409746559182458,-0.803447806831456,-0.03752684906670999,ForecastPage,27
1718908024.25,1.674154,-0.827317166257612,-0.8011884050807982,-0.026128761156954602,ForecastPage,27
1718908024.5,1.610083,-0.8956056803864149,-0.7989680521585528,-0.096637628208251,ForecastPage,27
1718908024.75,1.656214,-0.8464380781127525,-0.7968176269258256,-0.04962045116758795,ForecastPage,27
1718908025.0,1.748475,-0.7481039393910612,-0.7947651933839786,0.04666125401196651,ForecastPage,27
1718908025.25,1.793325,-0.7003016597532091,-0.7928351305234178,0.0925334707889586,ForecastPage,27
1718908025.5,1.790762,-0.7030333708504627,-0.7910473678163557,0.08801399698434331,ForecastPage,27
1718908025.75,1.776666,-0.7180572489725398,-0.7894167627602197,0.07135951380583966,ForecastPage,27
1718908026.0,1.774103,-0.7207889600697932,-0.7879526520470516,0.06716369199514396,ForecastPage,27
1718908026.25,1.763852,-0.7317147386331738,-0.7866586009646134,0.05494386234907306,ForecastPage,27
1718908026.5,1.756164,-0.739908806099301,-0.7855323670118216,0.04562356092992835,ForecastPage,27
1718908026.75,1.745912,-0.7508356504883147,-0.7845660840726731,0.033730433601570464,ForecastPage,27
1718908027.0,1.735661,-0.7617614290516953,-0.783746663497113,0.021985234462466093,ForecastPage,27
1718908027.25,1.72541,-0.7726872076150757,-0.7830563986843385,0.010369191086180396,ForecastPage,27
1718908027.5,1.721566,-0.7767842413481395,-0.7824737507659704,0.005689509434649097,ForecastPage,27
1718908027.75,1.713877,-0.7849793746398995,-0.7819742851583339,-0.0030050894648171837,ForecastPage,27
1718908028.0,1.70747,-0.7918081194702166,-0.7815317224100208,-0.010276397043490176,ForecastPage,27
1718908028.25,1.702345,-0.7972704758390905,-0.7811190621309895,-0.016151413691413784,ForecastPage,27
1718908028.5,1.703626,-0.7959051532032801,-0.7807097359816674,-0.015195417204921957,ForecastPage,27
1718908028.75,1.690812,-0.8095626428639142,-0.7802787447750275,-0.029283898072172354,ForecastPage,27
1718908029.0,1.688249,-0.8122943539611676,-0.7798037356827286,-0.032490618261681786,ForecastPage,27
1718908029.25,1.681842,-0.8191230987914846,-0.7792659782586706,-0.03985712051599531,ForecastPage,27
1718908029.5,1.681842,-0.8191230987914846,-0.7786512023646784,-0.040471896409907074,ForecastPage,27
1718908029.75,1.683123,-0.8177577761556745,-0.7779502669137813,-0.03980750922489462,ForecastPage,27
1718908030.0,1.677998,-0.8232201325245482,-0.7771596353917564,-0.04606049711567489,ForecastPage,27
1718908030.25,1.683123,-0.8177577761556745,-0.7762816420808415,-0.0414761340575795,ForecastPage,27
1718908030.5,1.674154,-0.827317166257612,-0.7753245414529955,-0.05199262478720877,ForecastPage,27
1718908030.75,1.680561,-0.8204884214272948,-0.7743023419566363,-0.04618607945307947,ForecastPage,27
1718908031.0,1.711314,-0.787711085737153,-0.7732344340025014,-0.014476651716884316,ForecastPage,27
1718908031.25,1.753601,-0.7426405171965544,-0.7721450299589729,0.02950451278039038,ForecastPage,27
1718908031.5,1.735661,-0.7617614290516953,-0.7710624409941091,0.009301011960606773,ForecastPage,27
1718908031.75,1.720284,-0.7781506298095827,-0.7700182212897008,-0.00813240850145061,ForecastPage,27
1718908032.0,1.719003,-0.7795159524453927,-0.7690462142355513,-0.010469738191155344,ForecastPage,27
1718908032.25,1.780511,-0.7139591494138433,-0.7681815375525822,0.05422238815769363,ForecastPage,27
1718908032.5,1.79845,-0.6948393033843353,-0.7674595448655268,0.07262024150042408,ForecastPage,27
1718908032.75,1.797169,-0.6962046260201455,-0.7669148000903281,0.07071017408969532,ForecastPage,27
1718908033.0,1.785636,-0.7084967930449694,-0.7665800982147255,0.05808330518954435,ForecastPage,27
1718908033.25,1.749757,-0.746737550929618,-0.7664855618315591,0.01974801092199252,ForecastPage,27
1718908033.5,1.740787,-0.7562980068571883,-0.7666578374771504,0.01035983064025784,ForecastPage,27
1718908033.75,1.739505,-0.7576643953186315,-0.7671194098967798,0.009455014598662825,ForecastPage,27
1718908034.0,1.731817,-0.7658584627847589,-0.7678880462995417,0.0020295835354836173,ForecastPage,27
1718908034.25,1.726691,-0.7713218849792656,-0.7689763768984057,-0.002345508060010909,ForecastPage,27
1718908034.5,1.71644,-0.7822476635426463,-0.7703916128574011,-0.011856050664292435,ForecastPage,27
1718908034.75,1.724128,-0.7740535960765189,-0.7721353983659923,-0.0019181976895195196,ForecastPage,27
1718908035.0,1.701063,-0.7986368643005336,-0.7742037900211124,-0.024433074258413665,ForecastPage,27
1718908035.25,1.695938,-0.8040992206694075,-0.7765873540473566,-0.02751186660109936,ForecastPage,27
1718908035.5,1.702345,-0.7972704758390905,-0.779271370103449,-0.017999105714801268,ForecastPage,27
1718908035.75,1.70747,-0.7918081194702166,-0.7822361294403656,-0.009571990009172821,ForecastPage,27
1718908036.0,1.710033,-0.7890764083729633,-0.7854573148803551,-0.0036190934721338705,ForecastPage,27
1718908036.25,1.701063,-0.7986368643005336,-0.7889064503263993,-0.009730413953893395,MarketWaitPage,27
1718908036.5,1.693375,-0.8068309317666608,-0.7925514081237938,-0.014279523622875052,MarketWaitPage,27
1718908036.75,1.688249,-0.8122943539611676,-0.7963569634291575,-0.01593739051226834,MarketWaitPage,27
1718908037.0,1.699782,-0.800002186936344,-0.8002853856755537,0.0002831987587145167,MarketWaitPage,27
1718908037.25,1.701063,-0.7986368643005336,-0.8042970581549446,0.005660193873705588,RoundResultsPage,27
1718908037.5,1.695938,-0.8040992206694075,-0.808351117576939,0.004251896926655202,RoundResultsPage,27
1718908037.75,1.695938,-0.8040992206694075,-0.8124061061170939,0.008306885466688278,RoundResultsPage,27
1718908038.0,1.695938,-0.8040992206694075,-0.8164206288711214,0.012321408220651,RoundResultsPage,27
1718908038.25,1.688249,-0.8122943539611676,-0.8203540097534455,0.008059655811212041,RoundResultsPage,27
1718908038.5,1.685686,-0.815026065058421,-0.824166938732058,0.00914087369263218,RoundResultsPage,27
1718908038.75,1.681842,-0.8191230987914846,-0.827822102923158,0.008699004150793572,RoundResultsPage,27
1718908039.0,1.684405,-0.8163913876942314,-0.8312847935476294,0.014893405872704636,RoundResultsPage,27
1718908039.25,1.680561,-0.8204884214272948,-0.8345234801585987,0.014035058750853785,RoundResultsPage,27
1718908039.5,1.672872,-0.8286835547190551,-0.837510342973034,0.008826788273823813,RoundResultsPage,27
1718908039.75,1.662621,-0.8396093332824357,-0.8402217536738963,0.0006124204116463427,RoundResultsPage,27
1718908040.0,1.651088,-0.8519015003072595,-0.8426386947923343,-0.009262805494358808,RoundResultsPage,27
1718908040.25,1.6434,-0.8600955677733867,-0.844747107832998,-0.015348459919409635,RoundResultsPage,27
1718908040.5,1.648525,-0.8546332114045128,-0.846538160756908,-0.008095050626190696,RoundResultsPage,27
1718908040.75,1.645963,-0.8573638566761332,-0.848008426337289,-0.009355430316984385,RoundResultsPage,27
1718908041.0,1.648525,-0.8546332114045128,-0.8491599642562586,-0.005473247125949549,RoundResultsPage,27
1718908041.25,1.647244,-0.8559985340403231,-0.8500003015683673,-0.00599823244922013,RoundResultsPage,27
1718908041.5,1.647244,-0.8559985340403231,-0.850542308244837,-0.005456225772344056,RoundResultsPage,27
1718908041.75,1.648525,-0.8546332114045128,-0.8508039668461393,-0.003829244534859789,RoundResultsPage,27
1718908042.0,1.65237,-0.8505351118458163,-0.8508080378731964,0.00027292605122257495,RoundResultsPage,27
1718908042.25,1.640837,-0.8628272788706399,-0.8505816249534098,-0.012245653893107146,RoundResultsPage,27
1718908042.5,1.648525,-0.8546332114045128,-0.850155646671929,-0.0044775647082332505,RoundResultsPage,27
1718908042.75,1.636993,-0.8669243126037037,-0.8495642245137202,-0.0173600880654613,RoundResultsPage,27
1718908043.0,1.629304,-0.8751194458954638,-0.8488439989925894,-0.026275446878237872,RoundResultsPage,27
1718908043.25,1.626742,-0.8778500911670843,-0.8480333885554785,-0.029816702586913782,RoundResultsPage,27
1718908043.5,1.633149,-0.8710213463367673,-0.8471718081881899,-0.02384953812388684,RoundResultsPage,27
1718908043.75,1.648525,-0.8546332114045128,-0.8462988667001841,-0.008334344679695077,RoundResultsPage,27
1718908044.0,1.654932,-0.8478044665741957,-0.8454535632755847,-0.0023509032740868033,RoundResultsPage,27
1718908044.25,1.688249,-0.8122943539611676,-0.844673504855002,0.03237915091820002,RoundResultsPage,27
1718908044.5,1.68953,-0.8109290313253574,-0.8439941660649728,0.03306513476377714,RoundResultsPage,27
1718908044.75,1.695938,-0.8040992206694075,-0.8434482125886053,0.039348991943114524,RoundResultsPage,27
1718908045.0,1.693375,-0.8068309317666608,-0.8430649070109627,0.03623397526793814,RoundResultsPage,27
1718908045.25,1.683123,-0.8177577761556745,-0.8428696133314465,0.025111837199098277,RoundResultsPage,27
1718908045.5,1.675435,-0.8259518436218016,-0.8428834126846151,0.016931569085807674,RoundResultsPage,27
1718908045.75,1.671591,-0.8300488773548652,-0.8431228386069729,0.013073961274755162,RoundResultsPage,27
1718908046.0,1.665184,-0.8368776221851822,-0.8435997357225076,0.006722113559619405,RoundResultsPage,27
1718908046.25,1.660058,-0.842341044379689,-0.844321241274489,0.00198019691674111,RoundResultsPage,27
1718908046.5,1.658777,-0.8437063670154993,-0.845289884741542,0.0015835177476380587,RoundResultsPage,27
1718908046.75,1.65237,-0.8505351118458163,-0.8465037970216497,-0.004031314802903776,RoundResultsPage,27
1718908047.0,1.651088,-0.8519015003072595,-0.847957017472494,-0.003944482813816982,RoundResultsPage,27
1718908047.25,1.648525,-0.8546332114045128,-0.8496398845368123,-0.004993326847043778,RoundResultsPage,27
1718908047.5,1.647244,-0.8559985340403231,-0.8515394937950584,-0.00445904022487407,RoundResultsPage,27
1718908047.75,1.642118,-0.8614619562348299,-0.853640206081938,-0.007821750132739997,RoundResultsPage,27
1718908048.0,1.636993,-0.8669243126037037,-0.8559241877627438,-0.011000124821019447,RoundResultsPage,27
1718908048.25,1.633149,-0.8710213463367673,-0.8583719653575734,-0.012649380959440057,RoundResultsPage,27
1718908048.5,1.635711,-0.8682907010651469,-0.8609629773810921,-0.0073277236644662645,RoundResultsPage,27
1718908048.75,1.629304,-0.8751194458954638,-0.863676107473943,-0.01144333840207984,RoundResultsPage,27
1718908049.0,1.628023,-0.876484768531274,-0.8664901845662035,-0.009994583945764326,RoundResultsPage,27
1718908049.25,1.622897,-0.8819481907257808,-0.8693844378479277,-0.01256375285867367,RiskPage1,27
1718908049.5,1.622897,-0.8819481907257808,-0.8723388966339264,-0.009609294072799273,RiskPage1,27
1718908049.75,1.624179,-0.8805818022643376,-0.8753347277038309,-0.005247074541578632,RiskPage1,27
1718908050.0,1.624179,-0.8805818022643376,-0.8783545052774421,-0.0022272969681011254,RiskPage1,27
1718908050.25,1.619053,-0.8860452244588444,-0.8813824113532448,-0.004662813086947151,RiskPage1,27
1718908050.5,1.619053,-0.8860452244588444,-0.8844043666045199,-0.0016408578358225326,RiskPage1,27
1718908050.75,1.611365,-0.8942392919249718,-0.8874080943155432,-0.0068311975910845,RiskPage1,27
1718908051.0,1.615209,-0.8901422581919082,-0.8903831218898726,0.0002408637161451688,RiskPage1,27
1718908051.25,1.611365,-0.8942392919249718,-0.8933207262283245,-0.0009185656786323569,RiskPage1,27
1718908051.5,1.608802,-0.896971003022225,-0.8962138307194341,-0.0007571722849393793,RiskPage1,27
1718908051.75,1.606239,-0.8997027141194784,-0.8990568626784261,-0.0006458514233551758,RiskPage1,27
1718908052.0,1.608802,-0.896971003022225,-0.9018455807857255,0.004874577781058853,RiskPage1,27
1718908052.25,1.611365,-0.8942392919249718,-0.9045768823939876,0.010337590486457687,RiskPage1,27
1718908052.5,1.613927,-0.8915086466533514,-0.9072486004842429,0.015739953848245357,RiskPage1,27
1718908052.75,1.611365,-0.8942392919249718,-0.9098592995606964,0.015620007653023725,RiskPage1,27
1718908053.0,1.603676,-0.9024344252167318,-0.9124080789041425,0.00997365370469243,RiskPage1,27
1718908053.25,1.597269,-0.9092631700470488,-0.9148943904089477,0.005631220379203269,RiskPage1,27
1718908053.5,1.594706,-0.9119948811443023,-0.9173178767919726,0.005322995665039453,RiskPage1,27
1718908053.75,1.589581,-0.9174572375131762,-0.9196782343882369,0.0022209968925364434,RiskPage1,27
1718908054.0,1.587018,-0.9201889486104294,-0.9219751031444853,0.001786154551678746,RiskPage1,27
1718908054.25,1.581892,-0.9256523708049361,-0.9242079848804814,-0.001444385906646764,RiskPage2,27
1718908054.5,1.579329,-0.9283840819021897,-0.9263761894786073,-0.0020078924055551553,RiskPage2,27
1718908054.75,1.578048,-0.9297494045379999,-0.9284788074324496,-0.00127059708727404,RiskPage2,27
1718908055.0,1.576767,-0.93111472717381,-0.9305147061625276,-0.0006000209927306253,RiskPage2,27
1718908055.25,1.575485,-0.9324811156352533,-0.932482546704165,1.4310877623601847e-06,RiskPage2,27
1718908055.5,1.572922,-0.9352128267325067,-0.9343808167885411,-0.0008320099247963394,RiskPage2,27
1718908055.75,1.571641,-0.9365781493683167,-0.9362078759660667,-0.0003702733827471178,RiskPage2,27
1718908056.0,1.569078,-0.9393098604655703,-0.937962008252481,-0.0013478521932441339,RiskPage2,27
1718908056.25,1.566515,-0.9420415715628235,-0.9396414778048778,-0.002400093737758981,RiskPage2,27
1718908056.5,1.562671,-0.9461386052958873,-0.9412445833509163,-0.004894021924454364,RiskPage2,27
1718908056.75,1.562671,-0.9461386052958873,-0.942769707492855,-0.0033688977822081646,RiskPage2,27
1718908057.0,1.560108,-0.9488703163931406,-0.9442153575783641,-0.004654958793677682,RiskPage2,27
1718908057.25,1.554983,-0.9543326727620145,-0.9455801955557058,-0.008752477184976142,RiskPage2,27
1718908057.5,1.556264,-0.9529673501262041,-0.9468630550871727,-0.006104295017510266,RiskPage2,27
1718908057.75,1.554983,-0.9543326727620145,-0.9480629451483334,-0.006269727592018318,RiskPage2,27
1718908058.0,1.556264,-0.9529673501262041,-0.9491790403497394,-0.003788309754708328,RiskPage2,27
1718908058.25,1.554983,-0.9543326727620145,-0.9502106592322895,-0.004122013507922622,RiskPage2,27
1718908058.5,1.563952,-0.944773282660077,-0.9511572327520825,0.006383950113807097,RiskPage2,27
1718908058.75,1.553701,-0.9556990612234576,-0.9520182660302715,-0.0036807951714320653,RiskPage2,27
1718908059.0,1.549857,-0.9597960949565212,-0.9527932971507185,-0.00700279778414287,RiskPage2,27
1718908059.25,1.551138,-0.9584307723207112,-0.953481857308595,-0.004948914990594168,RiskPage3,27
1718908059.5,1.553701,-0.9556990612234576,-0.9540834369244199,-0.0016156242776937772,RiskPage3,27
1718908059.75,1.553701,-0.9556990612234576,-0.9545974624228684,-0.001101598779458274,RiskPage3,27
1718908060.0,1.565234,-0.9434068941986339,-0.9550232882116696,0.011616394033924811,RiskPage3,27
1718908060.25,1.565234,-0.9434068941986339,-0.9553602079542174,0.011953313776210273,RiskPage3,27
1718908060.5,1.567797,-0.9406751831013803,-0.9556074884852814,0.01493230540425446,RiskPage3,27
1718908060.75,1.566515,-0.9420415715628235,-0.9557644286675745,0.013722857124830456,RiskPage3,27
1718908061.0,1.565234,-0.9434068941986339,-0.9558304441565457,0.012423549977727114,RiskPage3,27
1718908061.25,1.56139,-0.9475039279316975,-0.9558051774977869,0.00830124958565958,RiskPage3,27
1718908061.5,1.56139,-0.9475039279316975,-0.9556886313227079,0.008184703410362884,RiskPage3,27
1718908061.75,1.557545,-0.9516020274903941,-0.9554813207469709,0.0038792932757473423,RiskPage3,27
1718908062.0,1.553701,-0.9556990612234576,-0.9551844395269788,-0.0005146216774479795,RiskPage3,27
1718908062.25,1.55242,-0.957064383859268,-0.9548000331959652,-0.0022643506443651698,RiskPage3,27
1718908062.5,1.549857,-0.9597960949565212,-0.9543311713675922,-0.0054649235700336305,RiskPage3,27
1718908062.75,1.556264,-0.9529673501262041,-0.9537821107222283,0.0008147606149322539,RiskPage3,27
1718908063.0,1.554983,-0.9543326727620145,-0.9531584399137784,-0.0011742328292577275,RiskPage3,27
1718908063.25,1.551138,-0.9584307723207112,-0.9524671977627875,-0.005963574538815969,RiskPage3,27
1718908063.5,1.547294,-0.9625278060537747,-0.9517169566261352,-0.010810849408344356,RiskPage3,27
1718908063.75,1.55242,-0.957064383859268,-0.9509178637367088,-0.0061465201030213,RiskPage3,27
1718908064.0,1.554983,-0.9543326727620145,-0.9500816345633523,-0.004251038178831646,RiskPage3,27
1718908064.25,1.551138,-0.9584307723207112,-0.9492214938178278,-0.009209278482715856,RiskPage3,27
1718908064.5,1.544731,-0.965259517151028,-0.9483520615838336,-0.016907455546652995,RiskPage3,27
1718908064.75,1.544731,-0.965259517151028,-0.9474891841036578,-0.017770333026424955,RiskPage3,27
1718908065.0,1.548576,-0.9611614175923315,-0.9466497109621387,-0.014511706608821083,RiskPage3,27
1718908065.25,1.546013,-0.9638931286895848,-0.945851222674398,-0.018041905993372805,RiskPage4,27
1718908065.5,1.553701,-0.9556990612234576,-0.9451117149128316,-0.010587346288362312,RiskPage4,27
1718908065.75,1.563952,-0.944773282660077,-0.9444492476770994,-0.0003240349602642665,RiskPage4,27
1718908066.0,1.567797,-0.9406751831013803,-0.9438815694808417,0.003206386402614548,RiskPage4,27
1718908066.25,1.576767,-0.93111472717381,-0.9434257279645987,0.012311000814362212,RiskPage4,27
1718908066.5,1.583174,-0.924285982343493,-0.9430976791314513,0.01881169681192371,RiskPage4,27
1718908066.75,1.585736,-0.9215553370718725,-0.942911907566403,0.021356570518849503,RiskPage4,27
1718908067.0,1.584455,-0.9229206597076829,-0.9428810695234652,0.019960409840407714,RiskPage4,27
1718908067.25,1.580611,-0.9270176934407465,-0.9430156696869517,0.015997976271082272,RiskPage4,27
1718908067.5,1.576767,-0.93111472717381,-0.9433237808327076,0.012209053683965063,RiskPage4,27
1718908067.75,1.571641,-0.9365781493683167,-0.9438108136703997,0.007232664327274704,RiskPage4,27
1718908068.0,1.566515,-0.9420415715628235,-0.9444793420007267,0.002437770463149455,RiskPage4,27
1718908068.25,1.560108,-0.9488703163931406,-0.9453289861312697,-0.003541330236641502,RiskPage4,27
1718908068.5,1.565234,-0.9434068941986339,-0.9463563554008975,0.0029494612274057856,RiskPage4,27
1718908068.75,1.56139,-0.9475039279316975,-0.9475550487715996,5.112086489013432e-05,RiskPage4,27
1718908069.0,1.551138,-0.9584307723207112,-0.9489157108280594,-0.009515061467880587,RiskPage4,27
1718908069.25,1.556264,-0.9529673501262041,-0.9504261392161623,-0.002541210885544151,RiskPage4,27
1718908069.5,1.556264,-0.9529673501262041,-0.9520714385646177,-0.0008959115374116257,RiskPage4,27
1718908069.75,1.55242,-0.957064383859268,-0.953834215264377,-0.0032301685710809814,RiskPage4,27
1718908070.0,1.548576,-0.9611614175923315,-0.9556948071104967,-0.005466610458422653,RiskPage4,27
1718908070.25,1.546013,-0.9638931286895848,-0.9576315417131233,-0.006261586953470546,PreMarketWait,28
1718908070.5,1.542169,-0.9679901624226486,-0.9596210177271074,-0.008369144672983074,PreMarketWait,28
1718908070.75,1.542169,-0.9679901624226486,-0.9616384033007859,-0.00635175909973648,PreMarketWait,28
1718908071.0,1.540887,-0.9693565508840918,-0.9636577466665048,-0.005698804195879212,PreMarketWait,28
1718908071.25,1.537043,-0.9734535846171554,-0.9656522944425501,-0.0078012901532903,PreMarketWait,28
1718908071.5,1.54345,-0.9666248397868383,-0.967594813933197,0.0009699741673174396,PreMarketWait,28
1718908071.75,1.538324,-0.972088261981345,-0.9694579164404427,-0.002630345520253442,PreMarketWait,28
1718908072.0,1.53448,-0.9761852957144086,-0.9712143792782977,-0.004970916415718595,PreMarketWait,28
1718908072.25,1.531917,-0.978917006811662,-0.9728374647553163,-0.0060795420361527625,PreMarketWait,28
1718908072.5,1.535761,-0.9748199730785985,-0.9743012348198841,-0.0005187382386617782,PreMarketWait,28
1718908072.75,1.542169,-0.9679901624226486,-0.9755808603103485,0.007590697907669584,PreMarketWait,28
1718908073.0,1.540887,-0.9693565508840918,-0.9766529237870217,0.007296372922870981,PreMarketWait,28
1718908073.25,1.549857,-0.9597960949565212,-0.9774957147179844,0.01769961978142498,PreMarketWait,28
1718908073.5,1.549857,-0.9597960949565212,-0.9780895153308159,0.018293420394321146,PreMarketWait,28
1718908073.75,1.542169,-0.9679901624226486,-0.9784168747400929,0.010426712337573404,PreMarketWait,28
1718908074.0,1.538324,-0.972088261981345,-0.9784628680650904,0.006374606104008399,PreMarketWait,28
1718908074.25,1.54345,-0.9666248397868383,-0.9782153362502215,0.011590496483803824,MarketGridChoice,28
1718908074.5,1.540887,-0.9693565508840918,-0.9776651013046543,0.00830855044115786,MarketGridChoice,28
1718908074.75,1.540887,-0.9693565508840918,-0.9768061508066899,0.007449599943379121,MarketGridChoice,28
1718908075.0,1.540887,-0.9693565508840918,-0.9756357848838976,0.006279234020777956,MarketGridChoice,28
1718908075.25,1.529354,-0.9816487179089153,-0.9741547185791655,-0.007493999308584744,MarketGridChoice,28
1718908075.5,1.522947,-0.9884774627392324,-0.9723671326309506,-0.016110330086923433,MarketGridChoice,28
1718908075.75,1.519103,-0.992574496472296,-0.9702806663038532,-0.022293830146891538,MarketGridChoice,28
1718908076.0,1.522947,-0.9884774627392324,-0.9679063470476098,-0.020571115669880242,MarketGridChoice,28
1718908076.25,1.522947,-0.9884774627392324,-0.9652584534387302,-0.02321900927857242,MarketGridChoice,28
1718908076.5,1.529354,-0.9816487179089153,-0.9623543100107781,-0.019294407876026706,MarketGridChoice,28
1718908076.75,1.529354,-0.9816487179089153,-0.9592140150894848,-0.022434702797150662,MarketGridChoice,28
1718908077.0,1.547294,-0.9625278060537747,-0.9558601054557433,-0.006667700575598349,MarketGridChoice,28
1718908077.25,1.565234,-0.9434068941986339,-0.9523171643777726,0.008910270201703964,MarketGridChoice,28
1718908077.5,1.565234,-0.9434068941986339,-0.9486113820956432,0.00520448791968027,MarketGridChoice,28
1718908077.75,1.569078,-0.9393098604655703,-0.9447700800388946,0.005460219596070579,MarketGridChoice,28
1718908078.0,1.569078,-0.9393098604655703,-0.9408212117862621,0.0015113513434802286,MarketGridChoice,28
1718908078.25,1.57036,-0.9379434720041271,-0.9367928549697216,-0.0011506170116094925,MarketGridChoice,28
1718908078.5,1.563952,-0.944773282660077,-0.9327127089724251,-0.012060573664884328,MarketGridChoice,28
1718908078.75,1.567797,-0.9406751831013803,-0.9286076133926114,-0.012067569686068204,MarketGridChoice,28
1718908079.0,1.602395,-0.903799747852542,-0.9245031018663188,0.02070335403636938,MarketGridChoice,28
1718908079.25,1.612646,-0.8928739692891614,-0.9204230049649487,0.02754903569822969,MarketGridChoice,28
1718908079.5,1.608802,-0.896971003022225,-0.916389114493431,0.019418111493457773,MarketGridChoice,28
1718908079.75,1.606239,-0.8997027141194784,-0.9124209195981892,0.012718205500734941,MarketGridChoice,28
1718908080.0,1.612646,-0.8928739692891614,-0.9085354226794471,0.015661453412048557,MarketGridChoice,28
1718908080.25,1.613927,-0.8915086466533514,-0.9047470402813788,0.01323839364949895,MarketGridChoice,28
1718908080.5,1.61649,-0.8887769355560978,-0.9010675910497183,0.012290655514773643,MarketGridChoice,28
1718908080.75,1.615209,-0.8901422581919082,-0.8975063696617436,0.007364111490646082,MarketGridChoice,28
1718908081.0,1.613927,-0.8915086466533514,-0.8940703025020668,0.002561655869162108,MarketGridChoice,28
1718908081.25,1.610083,-0.8956056803864149,-0.8907641779160512,-0.004841502450299023,MarketGridChoice,28
1718908081.5,1.612646,-0.8928739692891614,-0.8875909412380555,-0.005283028031436913,MarketGridChoice,28
1718908081.75,1.628023,-0.876484768531274,-0.884552042556554,0.00806727404454376,MarketGridChoice,28
1718908082.0,1.633149,-0.8710213463367673,-0.8816478234034449,0.010626477085530045,MarketGridChoice,28
1718908082.25,1.61649,-0.8887769355560978,-0.8788779272701038,-0.009899008267554282,MarketGridChoice,28
1718908082.5,1.626742,-0.8778500911670843,-0.8762417180683314,-0.0016083730807199288,MarketGridChoice,28
1718908082.75,1.629304,-0.8751194458954638,-0.8737386903788062,-0.001380755499017854,MarketGridChoice,28
1718908083.0,1.630586,-0.8737530574340205,-0.8713688555766289,-0.0023842018401258585,MarketGridChoice,28
1718908083.25,1.633149,-0.8710213463367673,-0.8691330887039393,-0.0018882576159101917,MarketGridChoice,28
1718908083.5,1.62546,-0.8792164796285276,-0.8670334222713865,-0.012183057340539363,MarketGridChoice,28
1718908083.75,1.624179,-0.8805818022643376,-0.8650732749978964,-0.015508527250118575,MarketGridChoice,28
1718908084.0,1.621616,-0.8833135133615911,-0.8632576058164857,-0.020055907529019354,MarketGridChoice,28
1718908084.25,1.615209,-0.8901422581919082,-0.8615929862444976,-0.028549271931512406,MarketGridChoice,28
1718908084.5,1.613927,-0.8915086466533514,-0.8600875873763072,-0.03142105926128051,MarketGridChoice,28
1718908084.75,1.617772,-0.8874105470946547,-0.8587510812037634,-0.028659465875202437,MarketGridChoice,28
1718908085.0,1.629304,-0.8751194458954638,-0.8575944595569894,-0.01752498632279397,MarketGridChoice,28
1718908085.25,1.640837,-0.8628272788706399,-0.8566297774930779,-0.006197501361817372,MarketGridChoice,28
1718908085.5,1.658777,-0.8437063670154993,-0.8558698312174158,0.012163464217804558,MarketGridChoice,28
1718908085.75,1.665184,-0.8368776221851822,-0.855327783370261,0.01845016120119328,MarketGridChoice,28
1718908086.0,1.671591,-0.8300488773548652,-0.8550167505493476,0.024967873210907522,MarketGridChoice,28
1718908086.25,1.671591,-0.8300488773548652,-0.8549493691360502,0.0249004917980039,MarketGridChoice,28
1718908086.5,1.666465,-0.8355122995493719,-0.8551373558093375,0.019625056277257386,MarketGridChoice,28
1718908086.75,1.658777,-0.8437063670154993,-0.8555910786251518,0.011884711627491,MarketGridChoice,28
1718908087.0,1.654932,-0.8478044665741957,-0.8563191533420468,0.008514686786302489,MarketGridChoice,28
1718908087.25,1.651088,-0.8519015003072595,-0.8573280779633107,0.0054265776751727356,MarketGridChoice,28
1718908087.5,1.6434,-0.8600955677733867,-0.8586219164254321,-0.0014736513281173175,MarketGridChoice,28
1718908087.75,1.647244,-0.8559985340403231,-0.8602020401554993,0.00420350613576052,MarketGridChoice,28
1718908088.0,1.647244,-0.8559985340403231,-0.862066933972211,0.0060683999532346895,MarketGridChoice,28
1718908088.25,1.640837,-0.8628272788706399,-0.8642120706041144,0.0013847917555831271,MarketGridChoice,28
1718908088.5,1.639556,-0.8641926015064503,-0.8666298560012178,0.002437254517622757,MarketGridChoice,28
1718908088.75,1.626742,-0.8778500911670843,-0.8693096456608586,-0.008540445482653232,MarketGridChoice,28
1718908089.0,1.62546,-0.8792164796285276,-0.8722378304064566,-0.006978649197822954,MarketGridChoice,28
1718908089.25,1.62546,-0.8792164796285276,-0.8753979884731895,-0.0038184911304694905,MarketGridChoice,28
1718908089.5,1.626742,-0.8778500911670843,-0.8787710993791658,0.000921008237503758,MarketGridChoice,28
1718908089.75,1.626742,-0.8778500911670843,-0.882335813885456,0.0044857227442694925,MarketGridChoice,28
1718908090.0,1.622897,-0.8819481907257808,-0.8860687733460664,0.004120582646569717,MarketGridChoice,28
1718908090.25,1.619053,-0.8860452244588444,-0.8899449708869996,0.003899746454726554,MarketGridChoice,28
1718908090.5,1.612646,-0.8928739692891614,-0.8939381461103786,0.001064176847969149,MarketGridChoice,28
1718908090.75,1.608802,-0.896971003022225,-0.898021204393908,0.001050201398504239,MarketGridChoice,28
1718908091.0,1.603676,-0.9024344252167318,-0.9021666513646743,-0.0002677738252823648,MarketGridChoice,28
1718908091.25,1.602395,-0.903799747852542,-0.9063470327952821,0.002547284969351476,MarketGridChoice,28
1718908091.5,1.597269,-0.9092631700470488,-0.9105353700246344,0.0012722000039169356,MarketGridChoice,28
1718908091.75,1.589581,-0.9174572375131762,-0.9147055810644541,-0.002751656422783455,MarketGridChoice,28
1718908092.0,1.584455,-0.9229206597076829,-0.9188328778292256,-0.00408778185301799,MarketGridChoice,28
1718908092.25,1.579329,-0.9283840819021897,-0.9228941304309284,-0.005489951446419549,MarketGridChoice,28
1718908092.5,1.575485,-0.9324811156352533,-0.9268681902152395,-0.0056129253958577905,MarketGridChoice,28
1718908092.75,1.571641,-0.9365781493683167,-0.9307361641783117,-0.005841985166611713,MarketGridChoice,28
1718908093.0,1.57036,-0.9379434720041271,-0.9344816345749917,-0.0034618374065685607,MarketGridChoice,28
1718908093.25,1.566515,-0.9420415715628235,-0.9380908188787809,-0.003950752662351533,MarketGridChoice,28
1718908093.5,1.565234,-0.9434068941986339,-0.9415526667393448,-0.0018542274385071854,MarketGridChoice,28
1718908093.75,1.56139,-0.9475039279316975,-0.9448588921592684,-0.0026450357525714435,MarketGridChoice,28
1718908094.0,1.556264,-0.9529673501262041,-0.9480039407339751,-0.004963409373291215,MarketGridChoice,28
1718908094.25,1.556264,-0.9529673501262041,-0.9509848934281718,-0.0019824566799893518,MarketGridChoice,28
1718908094.5,1.553701,-0.9556990612234576,-0.9538013099652595,-0.0018977512410061374,MarketGridChoice,28
1718908094.75,1.548576,-0.9611614175923315,-0.9564550164527488,-0.0047064011231797865,MarketGridChoice,28
1718908095.0,1.547294,-0.9625278060537747,-0.9589498433279958,-0.0035779627100871935,MarketGridChoice,28
1718908095.25,1.546013,-0.9638931286895848,-0.9612913210558712,-0.002601807618640978,ForecastPage,28
1718908095.5,1.54345,-0.9666248397868383,-0.9634863422146824,-0.0031384975575973963,ForecastPage,28
1718908095.75,1.538324,-0.972088261981345,-0.9655427996395772,-0.006545462327606231,ForecastPage,28
1718908096.0,1.542169,-0.9679901624226486,-0.9674692111232596,-0.0005209512854987414,ForecastPage,28
1718908096.25,1.538324,-0.972088261981345,-0.9692743417703804,-0.002813920197213212,ForecastPage,28
1718908096.5,1.535761,-0.9748199730785985,-0.9709668354317879,-0.003853137633061327,ForecastPage,28
1718908096.75,1.531917,-0.978917006811662,-0.9725548666750068,-0.0063621401227719615,ForecastPage,28
1718908097.0,1.535761,-0.9748199730785985,-0.974045824445842,-0.0007741486186072428,ForecastPage,28
1718908097.25,1.553701,-0.9556990612234576,-0.9754460379121588,0.019746976703242772,ForecastPage,28
1718908097.5,1.55242,-0.957064383859268,-0.9767605539258226,0.01969617008160651,ForecastPage,28
1718908097.75,1.547294,-0.9625278060537747,-0.9779929740716836,0.015465168033578098,ForecastPage,28
1718908098.0,1.549857,-0.9597960949565212,-0.9791453573972595,0.01934926245711976,ForecastPage,28
1718908098.25,1.54345,-0.9666248397868383,-0.9802181926815476,0.013593352911883494,ForecastPage,28
1718908098.5,1.540887,-0.9693565508840918,-0.9812104416051692,0.01185389073911052,ForecastPage,28
1718908098.75,1.533199,-0.977550618350219,-0.9821196515635322,0.004569033232256979,ForecastPage,28
1718908099.0,1.528073,-0.9830140405447256,-0.9829421342709858,-7.190625384818558e-05,ForecastPage,28
1718908099.25,1.520385,-0.9912081080108528,-0.9836732038814053,-0.007534904108585457,ForecastPage,28
1718908099.5,1.517822,-0.9939398191081062,-0.9843074662212559,-0.009632352865011245,ForecastPage,28
1718908099.75,1.521666,-0.9898427853750427,-0.9848391489823269,-0.005003636369906015,ForecastPage,28
1718908100.0,1.524229,-0.9871110742777892,-0.9852624613978064,-0.0018486128562216087,ForecastPage,28
1718908100.25,1.522947,-0.9884774627392324,-0.9855719710289642,-0.0029054916855850736,ForecastPage,28
1718908100.5,1.52551,-0.9857457516419791,-0.985762984789376,1.7233172962842144e-05,ForecastPage,28
1718908100.75,1.535761,-0.9748199730785985,-0.9858319211830477,0.011011948130848416,ForecastPage,28
1718908101.0,1.535761,-0.9748199730785985,-0.9857766608887351,0.01095668783730779,ForecastPage,28
1718908101.25,1.502445,-1.0103290198659935,-0.9855968632575075,-0.024732156580617348,ForecastPage,28
1718908101.5,1.51654,-0.9953062075695495,-0.9852942369980867,-0.010011970542984767,ForecastPage,28
1718908101.75,1.542169,-0.9679901624226486,-0.9848727543163097,0.01688259192264716,ForecastPage,28
1718908102.0,1.533199,-0.977550618350219,-0.9843387990634991,0.006788180742663519,ForecastPage,28
1718908102.25,1.524229,-0.9871110742777892,-0.983701241027634,-0.0034098332204913883,ForecastPage,28
1718908102.5,1.520385,-0.9912081080108528,-0.9829714303486465,-0.008236677632381926,ForecastPage,28
1718908102.75,1.51654,-0.9953062075695495,-0.9821631081385135,-0.013143099401169405,ForecastPage,28
1718908103.0,1.515259,-0.9966715302053598,-0.9812922317407003,-0.01537929843486319,ForecastPage,28
1718908103.25,1.512696,-0.999403241302613,-0.9803767156773285,-0.019026525595661797,ForecastPage,28
1718908103.5,1.512696,-0.999403241302613,-0.9794360921851929,-0.019967149088061645,ForecastPage,28
1718908103.75,1.510133,-1.0021349523998666,-0.9784910982693787,-0.0236438541014705,ForecastPage,28
1718908104.0,1.506289,-1.00623198613293,-0.9775631992993881,-0.02866878680492785,ForecastPage,28
1718908104.25,1.517822,-0.9939398191081062,-0.9766740621965101,-0.017265756883431176,ForecastPage,28
1718908104.5,1.524229,-0.9871110742777892,-0.975844994043964,-0.011266080206139164,ForecastPage,28
1718908104.75,1.521666,-0.9898427853750427,-0.9750963643029257,-0.014746421044924195,ForecastPage,28
1718908105.0,1.57036,-0.9379434720041271,-0.9744470305375773,0.03650355856014845,ForecastPage,28
1718908105.25,1.57036,-0.9379434720041271,-0.9739137884506959,0.035970316472781344,ForecastPage,28
1718908105.5,1.562671,-0.9461386052958873,-0.9735108669583609,0.027372261688216246,ForecastPage,28
1718908105.75,1.55242,-0.957064383859268,-0.9732494879151985,0.016185104081223912,ForecastPage,28
1718908106.0,1.548576,-0.9611614175923315,-0.9731375079738193,0.01197609040635535,ForecastPage,28
1718908106.25,1.547294,-0.9625278060537747,-0.9731791570637807,0.01065135103447323,ForecastPage,28
1718908106.5,1.557545,-0.9516020274903941,-0.973374884312643,0.02177285684634346,ForecastPage,28
1718908106.75,1.556264,-0.9529673501262041,-0.9737213181195721,0.020753968017120608,ForecastPage,28
1718908107.0,1.563952,-0.944773282660077,-0.9742113427186272,0.02943806008199397,ForecastPage,28
1718908107.25,1.553701,-0.9556990612234576,-0.9748342890963207,0.019135227896032975,ForecastPage,28
1718908107.5,1.542169,-0.9679901624226486,-0.9755762337145034,0.007586071314785982,ForecastPage,28
1718908107.75,1.533199,-0.977550618350219,-0.9764203943085373,-0.001130224018955562,ForecastPage,28
1718908108.0,1.528073,-0.9830140405447256,-0.9773476082699978,-0.0056664322521746795,ForecastPage,28
1718908108.25,1.526792,-0.984379363180536,-0.9783368759634795,-0.006042487194645513,ForecastPage,28
1718908108.5,1.531917,-0.978917006811662,-0.9793659489119211,0.00044894212255797237,ForecastPage,28
1718908108.75,1.526792,-0.984379363180536,-0.9804119412002474,-0.003967421958069642,ForecastPage,28
1718908109.0,1.524229,-0.9871110742777892,-0.9814519417223949,-0.005659132533220286,ForecastPage,28
1718908109.25,1.51654,-0.9953062075695495,-0.9824636050224247,-0.012842602524956673,ForecastPage,28
1718908109.5,1.51654,-0.9953062075695495,-0.983425699428537,-0.01188050811880928,ForecastPage,28
1718908109.75,1.519103,-0.992574496472296,-0.9843185929128127,-0.008255903537203069,ForecastPage,28
1718908110.0,1.517822,-0.9939398191081062,-0.985124659581622,-0.008815159504084692,ForecastPage,28
1718908110.25,1.511415,-1.0007685639384234,-0.9858285928468216,-0.014939971069042608,ForecastPage,28
1718908110.5,1.507571,-1.0048655976714869,-0.9864176150640909,-0.018447982584641226,ForecastPage,28
1718908110.75,1.51654,-0.9953062075695495,-0.9868815776589839,-0.008424629887584214,ForecastPage,28
1718908111.0,1.492194,-1.0212547984293743,-0.9872129503931881,-0.034041848012953665,ForecastPage,28
1718908111.25,1.501163,-1.0116954083274368,-0.9874067033426331,-0.02428870496130322,ForecastPage,28
1718908111.5,1.466565,-1.0485708435762753,-0.9874600902378866,-0.06111075331460979,ForecastPage,28
1718908111.75,1.476817,-1.0376439991872617,-0.9873723469011316,-0.05027165226206526,ForecastPage,28
1718908112.0,1.499882,-1.0130607309632471,-0.9871443234057933,-0.025916407533096163,ForecastPage,28
1718908112.25,1.520385,-0.9912081080108528,-0.9867780730266735,-0.004430034959521097,ForecastPage,28
1718908112.5,1.542169,-0.9679901624226486,-0.9862764247181836,0.01828626232050312,ForecastPage,28
1718908112.75,1.542169,-0.9679901624226486,-0.98564256840194,0.017652406004581733,ForecastPage,28
1718908113.0,1.548576,-0.9611614175923315,-0.9848796834434994,0.02371826587679568,ForecastPage,28
1718908113.25,1.567797,-0.9406751831013803,-0.9839906401368864,0.04331545706148945,ForecastPage,28
1718908113.5,1.566515,-0.9420415715628235,-0.9829778017208018,0.04093623018433766,ForecastPage,28
1718908113.75,1.565234,-0.9434068941986339,-0.9818429504823504,0.03843605631047157,ForecastPage,28
1718908114.0,1.572922,-0.9352128267325067,-0.9805873560312363,0.04537452932589778,ForecastPage,28
1718908114.25,1.566515,-0.9420415715628235,-0.9792119971012756,0.03717042556604634,ForecastPage,28
1718908114.5,1.566515,-0.9420415715628235,-0.9777179405705905,0.03567636903579488,ForecastPage,28
1718908114.75,1.562671,-0.9461386052958873,-0.9761068731408006,0.02996826787337712,ForecastPage,28
1718908115.0,1.560108,-0.9488703163931406,-0.9743817726496007,0.02551145628535664,ForecastPage,28
1718908115.25,1.554983,-0.9543326727620145,-0.9725476976780144,0.018215024945320926,ForecastPage,28
1718908115.5,1.55242,-0.957064383859268,-0.9706126663019542,0.013548282472419734,ForecastPage,28
1718908115.75,1.554983,-0.9543326727620145,-0.9685885878442776,0.014255915112393672,ForecastPage,28
1718908116.0,1.548576,-0.9611614175923315,-0.9664922055843056,0.005330788022482054,ForecastPage,28
1718908116.25,1.548576,-0.9611614175923315,-0.9643460038075613,0.0031845862460910903,ForecastPage,28
1718908116.5,1.544731,-0.965259517151028,-0.9621790295152078,-0.0030804876046352497,ForecastPage,28
1718908116.75,1.538324,-0.972088261981345,-0.9600275777041374,-0.012060684245735805,ForecastPage,28
1718908117.0,1.538324,-0.972088261981345,-0.9579356894782369,-0.014152572471393659,ForecastPage,28
1718908117.25,1.529354,-0.9816487179089153,-0.955955414419708,-0.025693303457301572,ForecastPage,28
1718908117.5,1.530636,-0.9802823294474722,-0.9541467926495546,-0.02613553676587776,ForecastPage,28
1718908117.75,1.533199,-0.977550618350219,-0.9525775177988342,-0.02497310051927203,ForecastPage,28
1718908118.0,1.526792,-0.984379363180536,-0.9513222496019884,-0.03305711354642657,ForecastPage,28
1718908118.25,1.524229,-0.9871110742777892,-0.9504615538620954,-0.03664952038363304,ForecastPage,28
1718908118.5,1.522947,-0.9884774627392324,-0.9500804579303664,-0.03839700477693622,ForecastPage,28
1718908118.75,1.521666,-0.9898427853750427,-0.9502666213558506,-0.039576163987465,ForecastPage,28
1718908119.0,1.522947,-0.9884774627392324,-0.9511081337305768,-0.037369328977202604,ForecastPage,28
1718908119.25,1.520385,-0.9912081080108528,-0.9526909646837839,-0.038517143295959816,ForecastPage,28
1718908119.5,1.513978,-0.9980368528411698,-0.9550961041424348,-0.04294074866803963,ForecastPage,28
1718908119.75,1.512696,-0.999403241302613,-0.9583964440297199,-0.041006797242680235,ForecastPage,28
1718908120.0,1.515259,-0.9966715302053598,-0.9626534651627795,-0.034018065012916994,ForecastPage,28
1718908120.25,1.510133,-1.0021349523998666,-0.967913804872542,-0.03422114749827579,ForecastPage,28
1718908120.5,1.506289,-1.00623198613293,-0.9742057914352252,-0.03202619466933162,ForecastPage,28
1718908120.75,1.505008,-1.0075973087687404,-0.9815360404104091,-0.026061268330689287,ForecastPage,28
1718908121.0,1.501163,-1.0116954083274368,-0.9898862150685263,-0.021809193232047115,ForecastPage,28
1718908121.25,1.505008,-1.0075973087687404,-0.9992100579246218,-0.008387250818071469,ForecastPage,28
1718908121.5,1.502445,-1.0103290198659935,-1.0094308026656664,-0.0008982171751235248,ForecastPage,28
1718908121.75,1.502445,-1.0103290198659935,-1.0204390751909875,0.010110055349335966,ForecastPage,28
1718908122.0,1.501163,-1.0116954083274368,-1.0320913888526086,0.020395980548643458,ForecastPage,28
1718908122.25,1.501163,-1.0116954083274368,-1.044209332121176,0.03251392381633903,ForecastPage,28
1718908122.5,1.496038,-1.0171577646963108,-1.0565795367286093,0.0394217720540309,ForecastPage,28
1718908122.75,1.497319,-1.0157924420605005,-1.0689545008538457,0.05316205881422202,ForecastPage,28
1718908123.0,1.496038,-1.0171577646963108,-1.081054325219996,0.06389656054372543,ForecastPage,28
1718908123.25,1.490912,-1.0226211868908175,-1.092569400253072,0.06994821338148492,ForecastPage,28
1718908123.5,1.494756,-1.0185241531577538,-1.1031640600046992,0.08463990686540131,ForecastPage,28
1718908123.75,1.492194,-1.0212547984293743,-1.1124811937519203,0.09122639534026905,ForecastPage,28
1718908124.0,1.489631,-1.0239865095266278,-1.1201477795415453,0.0961612700319546,ForecastPage,28
1718908124.25,1.488349,-1.0253528979880708,-1.1257812760251755,0.1004283780535064,ForecastPage,28
1718908124.5,1.490912,-1.0226211868908175,-1.1289967804059107,0.10637559353091293,ForecastPage,28
1718908124.75,1.484505,-1.0294499317211345,-1.1294148319445252,0.09996490023868321,ForecastPage,28
1718908125.0,1.487068,-1.026718220623881,-1.1266697130787555,0.09995149246969622,ForecastPage,28
1718908125.25,1.484505,-1.0294499317211345,-1.1204180746770853,0.09096814297035852,ForecastPage,28
1718908125.5,1.484505,-1.0294499317211345,-1.1103476891974033,0.08089775749032029,ForecastPage,28
1718908125.75,1.485787,-1.0280835432596913,-1.0961861164848463,0.0681025732389087,ForecastPage,28
1718908126.0,1.484505,-1.0294499317211345,-1.0777090525444735,0.04825912083685292,ForecastPage,28
1718908126.25,1.483224,-1.0308152543569447,-1.0547481227465538,0.023932868402939598,MarketWaitPage,28
1718908126.5,1.481942,-1.0321816428183879,-1.0271978783799038,-0.004983764425283734,MarketWaitPage,28
1718908126.75,1.47938,-1.0349122880900083,-0.9950217599750601,-0.03989052810182789,MarketWaitPage,28
1718908127.0,1.484505,-1.0294499317211345,-0.9582568029483016,-0.07119312875974852,MarketWaitPage,28
1718908127.25,1.501163,-1.0116954083274368,-0.9170168812633988,-0.09467852705095167,RoundResultsPage,28
1718908127.5,1.483224,-1.0308152543569447,-0.8714943131422807,-0.1593209412015459,RoundResultsPage,28
1718908127.75,1.481942,-1.0321816428183879,-0.8219596892923232,-0.2102219535128942,RoundResultsPage,28
1718908128.0,1.487068,-1.026718220623881,-0.7687598282816599,-0.2579583923289878,RoundResultsPage,28
1718908128.25,1.484505,-1.0294499317211345,-0.7123138148860524,-0.3171361168217873,RoundResultsPage,28
1718908128.5,1.492194,-1.0212547984293743,-0.6531071343814195,-0.3681476640346097,RoundResultsPage,28
1718908128.75,1.511415,-1.0007685639384234,-0.5916839773712652,-0.409084586553785,RoundResultsPage,28
1718908129.0,1.55242,-0.957064383859268,-0.5286378538604345,-0.42842652998546304,RoundResultsPage,28
1718908129.25,1.65237,-0.8505351118458163,-0.4646007194804384,-0.3859343923520484,RoundResultsPage,28
1718908129.5,1.827923,-0.6634262245043708,-0.4002308781441906,-0.2631953463469348,RoundResultsPage,28
1718908129.75,2.006038,-0.4735866918913047,-0.3361999806871203,-0.13738671119106802,RoundResultsPage,28
1718908130.0,2.273853,-0.18814260000253522,-0.2731794847570127,0.08503688476742155,RoundResultsPage,28
1718908130.25,2.458375,0.008525677440847996,-0.21182697394737943,0.2203526514009591,RoundResultsPage,28
1718908130.5,2.606807,0.16672830779102923,-0.1527727509956364,0.3195010587991486,RoundResultsPage,28
1718908130.75,2.770827,0.3415450281076512,-0.0966071187248497,0.4381521468447027,RoundResultsPage,28
1718908131.0,2.911782,0.49177848020025816,-0.04386874241791739,0.5356472226300673,RoundResultsPage,28
1718908131.25,3.006132,0.5923391286691841,0.0049655510755852745,0.5873735776051534,RoundResultsPage,28
1718908131.5,3.020228,0.6073630067912612,0.049489237245954894,0.5578737695564973,RoundResultsPage,28
1718908131.75,2.992037,0.5773163163727397,0.08937258940709289,0.48794372697644744,RoundResultsPage,28
1718908132.0,2.933092,0.5144912244384435,0.12436705308603065,0.39012417136279587,RoundResultsPage,28
1718908132.25,2.853645,0.4298145753773865,0.1543074308697332,0.27550714451759134,RoundResultsPage,28
1718908132.5,2.761383,0.3314793708300618,0.17911189414692444,0.1523674766926022,RoundResultsPage,28
1718908132.75,2.588393,0.14710219458586976,0.19877991904177003,-0.05167772444693819,RoundResultsPage,28
1718908133.0,2.622991,0.18397762983470806,0.21338831646806092,-0.029410686624924742,RoundResultsPage,28
1718908133.25,2.547388,0.10339801450671463,0.22308558723329047,-0.11968757271871394,RoundResultsPage,28
1718908133.5,2.452564,0.0023321646877697715,0.2280848800805907,-0.22575271538555788,RoundResultsPage,28
1718908133.75,2.452564,0.0023321646877697715,0.22865586211503564,-0.22632369742063346,RoundResultsPage,28
1718908134.0,2.376961,-0.07824745064022415,0.2251158268385772,-0.3033632774728286,RoundResultsPage,28
1718908134.25,2.280048,-0.18153981020640386,0.21782036546189373,-0.39936017566300863,RoundResultsPage,28
1718908134.5,2.25442,-0.2088547895276716,0.20715391341280592,-0.41600870293588954,RoundResultsPage,28
1718908134.75,2.303113,-0.1569565419823889,0.1935204577745637,-0.350476999753074,RoundResultsPage,28
1718908135.0,2.359495,-0.09686316114534638,0.1773346550845561,-0.27419781622673195,RoundResultsPage,28
1718908135.25,2.449194,-0.0012596676952754085,0.15901356532427952,-0.1602732330170809,RoundResultsPage,28
1718908135.5,2.472259,0.023323600528739573,0.13896916019245661,-0.11564555966191714,RoundResultsPage,28
1718908135.75,2.513264,0.0670277806078947,0.11760171508949865,-0.050573934480444505,RoundResultsPage,28
1718908136.0,2.583742,0.14214503956701474,0.09529414759068619,0.04685089197689141,RoundResultsPage,28
1718908136.25,2.619621,0.18038579745166336,0.07240732294598544,0.10797847450569734,RoundResultsPage,28
1718908136.5,2.632435,0.19404328711229749,0.04927631104912036,0.14476697606271421,RoundResultsPage,28
1718908136.75,2.619621,0.18038579745166336,0.026207550411909808,0.1541782470388754,RoundResultsPage,28
1718908137.0,2.599118,0.15853317449926901,0.003476853340442534,0.15505632115760407,RoundResultsPage,28
1718908137.25,2.510701,0.06429606951064144,-0.018671827496198095,0.0829678970053459,RoundResultsPage,28
1718908137.5,2.496606,0.049273257214197015,-0.04002695832194124,0.08930021553444684,RoundResultsPage,28
1718908137.75,2.492762,0.045176223481133454,-0.06040939842765227,0.1055856219069686,RoundResultsPage,28
1718908138.0,2.470978,0.021958277892929257,-0.07967187589784376,0.10163015378889961,RoundResultsPage,28
1718908138.25,2.460726,0.011031433503915769,-0.09769804590052245,0.10872947940257371,RoundResultsPage,28
1718908138.5,2.413314,-0.03950149140555666,-0.11440120482436753,0.07489971341701532,RoundResultsPage,28
1718908138.75,2.297987,-0.16241996417689586,-0.12972272469519255,-0.03269723948337555,RoundResultsPage,28
1718908139.0,2.241606,-0.22251227918830574,-0.14363026324916348,-0.07888201594064273,RoundResultsPage,28
1718908139.25,2.251857,-0.21158650062492487,-0.15611579663543146,-0.055470703990780135,RoundResultsPage,28
1718908139.5,2.259545,-0.20339243315879774,-0.16719351464106819,-0.0361989185187664,RoundResultsPage,28
1718908139.75,2.262108,-0.20066072206154448,-0.17689761294493173,-0.023763109117368814,RoundResultsPage,28
1718908140.0,2.23648,-0.22797570138281273,-0.18528001322459275,-0.04269568815866907,RoundResultsPage,28
1718908140.25,2.232636,-0.23207273511587628,-0.19240803969485995,-0.039664695421136646,RoundResultsPage,28
1718908140.5,2.237761,-0.2266103787470024,-0.19836207945840295,-0.028248299288372896,RoundResultsPage,28
1718908140.75,2.237761,-0.2266103787470024,-0.20323325350596,-0.023377125240454336,RoundResultsPage,28
1718908141.0,2.282611,-0.17880809910915013,-0.20712112495779167,0.028313025849602585,RoundResultsPage,28
1718908141.25,2.277485,-0.18427152130365712,-0.21013147086235376,0.02585994956003922,RoundResultsPage,28
1718908141.5,2.303113,-0.1569565419823889,-0.2123741432779385,0.05541760129727942,RoundResultsPage,28
1718908141.75,2.258264,-0.20475775579460806,-0.21396104425913612,0.009203288466647948,RoundResultsPage,28
1718908142.0,2.25442,-0.2088547895276716,-0.21500423768733085,0.006149448162168929,RoundResultsPage,28
1718908142.25,2.199319,-0.2675828477289043,-0.2156142187060704,-0.05196862901993782,RoundResultsPage,28
1718908142.5,2.182661,-0.285337371122602,-0.215898359033805,-0.06943901208552114,RoundResultsPage,28
1718908142.75,2.194193,-0.27304626992341124,-0.21595954381962987,-0.05708672610013489,RoundResultsPage,28
1718908143.0,2.233917,-0.230707412480066,-0.2158950130681355,-0.01481239940792492,RoundResultsPage,28
1718908143.25,2.269797,-0.19246558876978426,-0.21579541789260726,0.023329829127174607,RoundResultsPage,28
1718908143.5,2.292862,-0.16788232054576974,-0.21574409869050742,0.047861778149421386,RoundResultsPage,28
1718908143.75,2.326179,-0.13237220793274126,-0.21581658841737975,0.08344438048964023,RoundResultsPage,28
1718908144.0,2.365902,-0.09003441631502909,-0.21608033917351457,0.12604592286379118,RoundResultsPage,28
1718908144.25,2.3454,-0.11188597344179034,-0.21659466421563764,0.10470869077944282,RoundResultsPage,28
1718908144.5,2.295425,-0.1651506094485165,-0.2174108804378138,0.05226027099516783,RoundResultsPage,28
1718908144.75,2.268515,-0.19383197723122766,-0.21857262878547928,0.02474065156038082,RoundResultsPage,28
1718908145.0,2.230073,-0.23480444621312954,-0.22011634265041463,-0.014688103556345318,RoundResultsPage,28
1718908145.25,2.201882,-0.26485113663165105,-0.22207182781800947,-0.042779308807051934,RoundResultsPage,28
1718908145.5,2.178817,-0.2894344048556655,-0.22446291271274163,-0.06497149213613646,RoundResultsPage,28
1718908145.75,2.186505,-0.2812403373895384,-0.2273081250179704,-0.053932212364606366,RoundResultsPage,28
1718908146.0,2.186505,-0.2812403373895384,-0.23062135045617063,-0.05061898692625598,RoundResultsPage,28
1718908146.25,2.207008,-0.25938771443714403,-0.2344124315516668,-0.024975282878239358,RoundResultsPage,28
1718908146.5,2.20957,-0.2566570691655239,-0.2386876682859607,-0.017969400872222326,RoundResultsPage,28
1718908146.75,2.20957,-0.2566570691655239,-0.24345018829388076,-0.013206880864220782,RoundResultsPage,28
1718908147.0,2.2006,-0.266217525093094,-0.24870016120564983,-0.017517363879959766,RoundResultsPage,28
1718908147.25,2.196756,-0.2703145588261575,-0.2544348395316481,-0.015879719286980086,RoundResultsPage,28
1718908147.5,2.201882,-0.26485113663165105,-0.26064841681163453,-0.004202719812456908,RoundResultsPage,28
1718908147.75,2.189068,-0.2785086262922852,-0.2673317023841155,-0.011176923900592058,RoundResultsPage,28
1718908148.0,2.149344,-0.32084748373563,-0.27447162090199356,-0.0463758628260514,RoundResultsPage,28
1718908148.25,2.133967,-0.33723668449351735,-0.2820505534827369,-0.055186131003197615,RoundResultsPage,28
1718908148.5,2.128842,-0.3426990408623912,-0.2900455459956901,-0.05265349485912954,RoundResultsPage,28
1718908148.75,2.11859,-0.3536258852514047,-0.298427418289214,-0.05519846695463962,RoundResultsPage,28
1718908149.0,2.123716,-0.3481624630568982,-0.30715981591027663,-0.04100264713910054,RoundResultsPage,28
1718908149.25,2.142937,-0.32767622856594725,-0.3161982527383993,-0.011477975820067429,RoundResultsPage,28
1718908149.5,2.137811,-0.33313965076045376,-0.32548919853422,-0.00765045221880439,RoundResultsPage,28
1718908149.75,2.146781,-0.3235791948328837,-0.33496926925207354,0.011390074426557328,RoundResultsPage,28
1718908150.0,2.141656,-0.3290415512017576,-0.3445645796847902,0.015523028490327296,RoundResultsPage,28
1718908150.25,2.153188,-0.3167504500025664,-0.3541903172890305,0.03743986729367489,RoundResultsPage,28
1718908150.5,2.160877,-0.30855531671080616,-0.3637505926966803,0.05519527599298984,RoundResultsPage,28
1718908150.75,2.169847,-0.2989948607832361,-0.3731386163996269,0.07414375562340011,RoundResultsPage,28
1718908151.0,2.164721,-0.3044582829777426,-0.38223724247904883,0.07777895950819795,RoundResultsPage,28
1718908151.25,2.141656,-0.3290415512017576,-0.3909199092464597,0.06187835805146523,RiskPage1,28
1718908151.5,2.117309,-0.354991207887215,-0.399051993620534,0.044060785739943514,RiskPage1,28
1718908151.75,2.105776,-0.36728337491203883,-0.4064925814573435,0.03920920655178221,RiskPage1,28
1718908152.0,2.104495,-0.3686486975478491,-0.41309664044502314,0.04444794290349857,RiskPage1,28
1718908152.25,2.132686,-0.33860200712932764,-0.4187175661525058,0.08011555902934671,RiskPage1,28
1718908152.5,2.121153,-0.3508941741541515,-0.42321005593765315,0.07231588178951422,RiskPage1,28
1718908152.75,2.085274,-0.38913493203880006,-0.42643325017692923,0.0372983181439886,RiskPage1,28
1718908153.0,2.082711,-0.39186664313605335,-0.42825406616417205,0.03638742303383058,RiskPage1,28
1718908153.25,2.080148,-0.3945983542333071,-0.42855063754997136,0.03395228332223635,RiskPage1,28
1718908153.5,2.092962,-0.38094086457267295,-0.42721576188984317,0.04627489732261186,RiskPage1,28
1718908153.75,2.076304,-0.3986953879663706,-0.42416025125721635,0.025464863296167487,RiskPage1,28
1718908154.0,2.066053,-0.409621166529751,-0.4193160764184174,0.009694909893879337,RiskPage1,28
1718908154.25,2.12756,-0.34406542932383466,-0.4126391941603349,0.06857376484161529,RiskPage1,28
1718908154.5,2.066053,-0.409621166529751,-0.4041119503597518,-0.005509216164971831,RiskPage1,28
1718908154.75,1.946882,-0.5366366730341537,-0.39374495860588365,-0.14289171442332105,RiskPage1,28
1718908155.0,1.885374,-0.6021934760657033,-0.38157836591397165,-0.22061511014685342,RiskPage1,28
1718908155.25,1.839455,-0.6511351233051799,-0.3676824334810229,-0.28345268981934346,RiskPage1,28
1718908155.5,1.826641,-0.664792612965814,-0.3521573814752777,-0.31263523148578215,RiskPage1,28
1718908155.75,1.890712,-0.596504098837011,-0.33513247200081636,-0.2613716268314944,RiskPage1,28
1718908156.0,2.091893,-0.38208023217429776,-0.3167643324956553,-0.06531589967398957,RiskPage1,28
1718908156.25,2.152119,-0.3178898176041912,-0.2972345511504498,-0.02065526644912699,RiskPage2,28
1718908156.5,2.254632,-0.20862883449348615,-0.27674660433714005,0.06811776984824147,RiskPage2,28
1718908156.75,2.277697,-0.18404556626947163,-0.2555222013782812,0.07147663511338415,RiskPage2,28
1718908157.0,2.293074,-0.16765636551158428,-0.233797152543099,0.0661407870360916,RiskPage2,28
1718908157.25,2.360988,-0.09527188347535058,-0.21181688086670228,0.11654499739594676,RiskPage2,28
1718908157.5,2.428903,-0.022886335613483806,-0.18983170688769896,0.16694537127884396,RiskPage2,28
1718908157.75,2.478666,0.030152345359056393,-0.16809203786792196,0.19824438323165483,RiskPage2,28
1718908158.0,2.460726,0.011031433503915769,-0.14684359005676273,0.1578750235654133,RiskPage2,28
1718908158.25,2.337711,-0.12008110673355057,-0.1263227649397915,0.006241658211039919,RiskPage2,28
1718908158.5,2.289018,-0.17197935427883332,-0.10675228926620507,-0.06522706500776543,RiskPage2,28
1718908158.75,2.296706,-0.16378528681270618,-0.08833721524475051,-0.0754480715630354,RiskPage2,28
1718908159.0,2.397937,-0.05589069216344403,-0.07126136284555974,0.015370670687081575,RiskPage2,28
1718908159.25,2.442787,-0.008088412525592231,-0.055684271536654,0.04759585901605699,RiskPage2,28
1718908159.5,2.449194,-0.0012596676952754085,-0.04173871443552774,0.040479046745257055,RiskPage2,28
1718908159.75,2.405626,-0.047695558871684265,-0.029528813796044905,-0.01816674507064797,RiskPage2,28
1718908160.0,2.435098,-0.016283545817352467,-0.019128782868329468,0.002845237055930011,RiskPage2,28
1718908160.25,2.447912,-0.002626056156718349,-0.010582305430960264,0.007956249279130329,RiskPage2,28
1718908160.5,2.463289,0.013763144601169022,-0.0039025507917481985,0.017665695397714575,RiskPage2,28
1718908160.75,2.492762,0.045176223481133454,0.0009271910766139795,0.04424903240919992,RiskPage2,28
1718908161.0,2.526078,0.08068527026852881,0.003952282243885594,0.07673298802918235,RiskPage2,28
1718908161.25,2.50942,0.06293074687483113,0.005244957412242626,0.05768578946696402,RiskPage2,28
1718908161.5,2.470978,0.021958277892929257,0.0049020437638921995,0.017056234133229077,RiskPage2,28
1718908161.75,2.447912,-0.002626056156718349,0.0030422418008758316,-0.005668297953602871,RiskPage2,28
1718908162.0,2.432535,-0.01901525691460572,-0.00019696206512262337,-0.01881829484570677,RiskPage2,28
1718908162.25,2.415877,-0.036769780308303406,-0.004662673136569566,-0.03210710716818346,RiskPage3,28
1718908162.5,2.42741,-0.024477613283479603,-0.010190173048718911,-0.014287440231443523,RiskPage3,28
1718908162.75,2.426128,-0.025844001744923014,-0.016606625285606094,-0.009237376456236138,RiskPage3,28
1718908163.0,2.408189,-0.04496384777443054,-0.023734814961173432,-0.02122903281041178,RiskPage3,28
1718908163.25,2.377435,-0.07774224929020528,-0.031396837954949186,-0.0463454113326414,RiskPage3,28
1718908163.5,2.369746,-0.08593738258196552,-0.039417658315880615,-0.04651972426369224,RiskPage3,28
1718908163.75,2.363339,-0.09276612741228281,-0.047628458594927134,-0.04513766881517266,RiskPage3,28
1718908164.0,2.363339,-0.09276612741228281,-0.05586971523018787,-0.036896412180105496,RiskPage3,28
1718908164.25,2.356932,-0.09959487224259964,-0.06399394002881202,-0.03560093221197226,RiskPage3,28
1718908164.5,2.367183,-0.08866909367921924,-0.07186803884455568,-0.016801054832999825,RiskPage3,28
1718908164.75,2.354369,-0.1023265833398529,-0.07937524937126166,-0.022951333967054247,RiskPage3,28
1718908165.0,2.360776,-0.09549783850953607,-0.08641663118894574,-0.009081207319153406,RiskPage3,28
1718908165.25,2.372309,-0.08320567148471227,-0.09291209247077042,0.009706420987422755,RiskPage3,28
1718908165.5,2.351807,-0.10505722861147351,-0.098800948800485,-0.006256279809668222,RiskPage3,28
1718908165.75,2.3454,-0.11188597344179034,-0.10404202014007206,-0.007843953300414725,RiskPage3,28
1718908166.0,2.335148,-0.1228128178308043,-0.10861328197266455,-0.014199535856826376,RiskPage3,28
1718908166.25,2.338993,-0.11871471827210764,-0.11251109593189039,-0.006203622338868887,RiskPage3,28
1718908166.5,2.328741,-0.12964156266112112,-0.11574905375791515,-0.013892508901799328,RiskPage3,28
1718908166.75,2.319772,-0.13920095276305858,-0.11835647614103603,-0.02084447662053647,RiskPage3,28
1718908167.0,2.306957,-0.15285950824932532,-0.1203766148585155,-0.03248289338922539,RiskPage3,28
1718908167.25,2.304394,-0.15559121934657905,-0.12186461248899236,-0.03372660685588749,RiskPage4,28
1718908167.5,2.313365,-0.1460296975933754,-0.12288527878347623,-0.023144418808071512,RiskPage4,28
1718908167.75,2.32746,-0.13100688529693144,-0.12351074632813033,-0.007496138966834098,RiskPage4,28
1718908168.0,2.346681,-0.1105206508059805,-0.12381807025476212,0.013297419450895923,RiskPage4,28
1718908168.25,2.362058,-0.09413145004809266,-0.12388683721504674,0.02975538716922052,RiskPage4,28
1718908168.5,2.392812,-0.06135304853231791,-0.12379684742135577,0.06244379889145805,RiskPage4,28
1718908168.75,2.39153,-0.06271943699376133,-0.12362593012615117,0.06090649313496248,RiskPage4,28
1718908169.0,2.392812,-0.06135304853231791,-0.12344794743919922,0.062094898909602445,RiskPage4,28
1718908169.25,2.388968,-0.06545008226538147,-0.12333103399770345,0.057880951735185315,RiskPage4,28
1718908169.5,2.396656,-0.057256014799254344,-0.12333611099914339,0.06608009620288621,RiskPage4,28
1718908169.75,2.355651,-0.10096019487840995,-0.12351570290413307,0.022555508028843874,RiskPage4,28
1718908170.0,2.358214,-0.0982284837811567,-0.1239130742251764,0.025684590447252346,RiskPage4,28
1718908170.25,2.346681,-0.1105206508059805,-0.1245616927725587,0.014041041969910309,RiskPage4,28
1718908170.5,2.342837,-0.11461768453904407,-0.12548501504082124,0.010867330505196199,RiskPage4,28
1718908170.75,2.332586,-0.12554346310242445,-0.12669657952787652,0.0011531164289461694,RiskPage4,28
1718908171.0,2.323616,-0.135103919029995,-0.12820038502612296,-0.006903534000313372,RiskPage4,28
1718908171.25,2.322334,-0.13647030749143796,-0.1299915235539089,-0.006478783933914548,RiskPage4,28
1718908171.5,2.299269,-0.16105357571545292,-0.13205703176381942,-0.02899654394796992,RiskPage4,28
1718908171.75,2.30952,-0.15012779715207206,-0.13437692045647992,-0.01575087669188456,RiskPage4,28
1718908172.0,2.303113,-0.1569565419823889,-0.13692533926307782,-0.02003120271556303,RiskPage4,28
1718908172.25,2.274922,-0.18700323240091038,-0.13967183259029967,-0.04733139980682423,RiskPage4,28
1718908172.5,2.280048,-0.18153981020640386,-0.1425826434413596,-0.03895716676122,RiskPage4,28
1718908172.75,2.294143,-0.16651699790995944,-0.14562202357604792,-0.02089497433004886,RiskPage4,28
1718908173.0,2.30952,-0.15012779715207206,-0.14875351144180507,-0.0013742857063641783,RiskPage4,28
1718908173.25,2.30055,-0.1596882530796426,-0.15194114314354737,-0.007747109932149922,RiskPage4,28
1718908173.5,2.299269,-0.16105357571545292,-0.15515056614669714,-0.005903009564765499,RiskPage4,28
1718908173.75,2.304394,-0.15559121934657905,-0.15835003016920354,0.002758810826662003,RiskPage4,28
1718908174.0,2.308239,-0.15149311978788238,-0.16151123461681044,0.01001811483301452,RiskPage4,28
1718908174.25,2.296706,-0.16378528681270618,-0.1646100168250252,0.0008247300164556208,RiskPage4,28
1718908174.5,2.292862,-0.16788232054576974,-0.16762687022329967,-0.0002554503182828922,RiskPage4,28
1718908174.75,2.286455,-0.17471106537608658,-0.1705472863059159,-0.004163779065933091,RiskPage4,28
1718908175.0,2.271078,-0.19110026613397393,-0.1733619189831519,-0.01773834714653472,RiskPage4,28
1718908175.25,2.26339,-0.19929433360010154,-0.17606657451158925,-0.023227759084176375,RiskPage4,28
1718908175.5,2.255701,-0.20748946689186132,-0.17866203477017037,-0.028827432117307802,RiskPage4,28
1718908175.75,2.25442,-0.2088547895276716,-0.18115372613150227,-0.027701063391740464,RiskPage4,28
1718908176.0,2.249294,-0.2143182117221786,-0.1835512504970884,-0.030766961220616878,RiskPage4,28
1718908176.25,2.260827,-0.2020260446973548,-0.1858677990825991,-0.016158245610239104,RiskPage4,28
1718908176.5,2.274922,-0.18700323240091038,-0.18811947306356197,0.0011162406672106696,RiskPage4,28
1718908176.75,2.294143,-0.16651699790995944,-0.19032453799813767,0.023807540092779356,RiskPage4,28
1718908177.0,2.289018,-0.17197935427883332,-0.192502640806272,0.020523286532082338,RiskPage4,28
1718908177.25,2.285173,-0.17607745383752998,-0.194674018819136,0.01859656498629375,RiskPage4,28
1718908177.5,2.289018,-0.17197935427883332,-0.19685872991746725,0.024879375643368312,RiskPage4,28
1718908177.75,2.289018,-0.17197935427883332,-0.19907593105415186,0.02709657678010324,RiskPage4,28
1718908178.0,2.296706,-0.16378528681270618,-0.2013432296015412,0.037557942793674526,RiskPage4,28
1718908178.25,2.296706,-0.16378528681270618,-0.20367612813956715,0.039890841331760594,RiskPage4,28
1718908178.5,2.276204,-0.18563684393946744,-0.2060875787099862,0.02045073477548439,RiskPage4,28
1718908178.75,2.269797,-0.19246558876978426,-0.20858765744131816,0.016122068676571406,RiskPage4,28
1718908179.0,2.26339,-0.19929433360010154,-0.21118336506459887,0.011889031469612149,RiskPage4,28
1718908179.25,2.258264,-0.20475775579460806,-0.21387855347356421,0.009120797684152568,RiskPage4,28
1718908179.5,2.255701,-0.20748946689186132,-0.21667397340219133,0.009184506515610305,RiskPage4,28
1718908179.75,2.242887,-0.22114695655249542,-0.21956743372408222,-0.0015795228230490663,RiskPage4,28
1718908180.0,2.223666,-0.24163319104344635,-0.22255405899611355,-0.019079132041887534,RiskPage4,28
1718908180.25,2.228791,-0.23617083467457248,-0.22562662879870868,-0.010544205870342285,MarketGridChoice,29
1718908180.5,2.228791,-0.23617083467457248,-0.22877598024774162,-0.007394854421239891,MarketGridChoice,29
1718908180.75,2.224947,-0.24026786840763653,-0.2319914537998919,-0.008276414602092533,MarketGridChoice,29
1718908181.0,2.219822,-0.24573022477650994,-0.23526136212275783,-0.010468862648048412,MarketGridChoice,29
1718908181.25,2.212133,-0.25392535806827016,-0.2385734622886008,-0.01535189577392438,MarketGridChoice,29
1718908181.5,2.204445,-0.2621194255343973,-0.24191541278936904,-0.02020401273925297,MarketGridChoice,29
1718908181.75,2.2006,-0.266217525093094,-0.24527519876723264,-0.020942326320067057,MarketGridChoice,29
1718908182.0,2.201882,-0.26485113663165105,-0.2486415113094702,-0.016209625316378793,MarketGridChoice,29
1718908182.25,2.203163,-0.2634858139958407,-0.2520040695534498,-0.01148174443659154,MarketGridChoice,29
1718908182.5,2.201882,-0.26485113663165105,-0.2553538775487263,-0.009497259077136777,MarketGridChoice,29
1718908182.75,2.195475,-0.27167988146196786,-0.25868341117398624,-0.01299647028221185,MarketGridChoice,29
1718908183.0,2.192912,-0.2744115925592211,-0.2619867337492126,-0.012424858804260848,MarketGridChoice,29
1718908183.25,2.195475,-0.27167988146196786,-0.26525954217235626,-0.006420339283886826,MarketGridChoice,29
1718908183.5,2.195475,-0.27167988146196786,-0.26849914831676164,-0.0031807331395015907,MarketGridChoice,29
1718908183.75,2.194193,-0.27304626992341124,-0.27170440293709064,-0.0013418669806305591,MarketGridChoice,29
1718908184.0,2.204445,-0.2621194255343973,-0.2748755713460444,0.01275614581732999,MarketGridChoice,29
1718908184.25,2.201882,-0.26485113663165105,-0.2780141715565668,0.013163034930600273,MarketGridChoice,29
1718908184.5,2.199319,-0.2675828477289043,-0.28112278637557736,0.013539938652367928,MarketGridChoice,29
1718908184.75,2.201882,-0.26485113663165105,-0.2842048610643237,0.019353724438386136,MarketGridChoice,29
1718908185.0,2.195475,-0.27167988146196786,-0.28726449767088935,0.015584616214661574,MarketGridChoice,29
1718908185.25,2.191631,-0.27577691519503145,-0.29030625606111715,0.014529340871860249,MarketGridChoice,29
1718908185.5,2.187786,-0.2798750147537281,-0.2933349701313389,0.013459955383428028,MarketGridChoice,29
1718908185.75,2.176254,-0.2921661159529188,-0.29635558581053617,0.0041894698634859714,MarketGridChoice,29
1718908186.0,2.173691,-0.29489782705017253,-0.2993730253924351,0.0044751983481919715,MarketGridChoice,29
1718908186.25,2.17241,-0.2962631496859824,-0.30239208061851547,0.006128930938533211,MarketGridChoice,29
1718908186.5,2.167284,-0.30172657188048935,-0.3054173348850203,0.0036907630106116293,MarketGridChoice,29
1718908186.75,2.16344,-0.30582360561355293,-0.3084531130716767,0.002629507464294519,MarketGridChoice,29
1718908187.0,2.15447,-0.3153840615411235,-0.3115034558635351,-0.003880605671318269,MarketGridChoice,29
1718908187.25,2.149344,-0.32084748373563,-0.31457211411713254,-0.006275369612118862,MarketGridChoice,29
1718908187.5,2.146781,-0.3235791948328837,-0.3176625578500264,-0.00591663697636109,MarketGridChoice,29
1718908187.75,2.144218,-0.32631090593013695,-0.32077799383444605,-0.0055329120890676925,MarketGridChoice,29
1718908188.0,2.141656,-0.3290415512017576,-0.3239213855562466,-0.005120165638751364,MarketGridChoice,29
1718908188.25,2.135249,-0.3358702960320744,-0.32709546944133727,-0.008774826583832036,MarketGridChoice,29
1718908188.5,2.137811,-0.33313965076045376,-0.3303027617161289,-0.002836889037265568,MarketGridChoice,29
1718908188.75,2.135249,-0.3358702960320744,-0.3335455510078544,-0.002324745016998298,MarketGridChoice,29
1718908189.0,2.130123,-0.34133371822658093,-0.3368258727518077,-0.00450784546738151,MarketGridChoice,29
1718908189.25,2.121153,-0.3508941741541515,-0.3401454626025313,-0.010748711544051517,MarketGridChoice,29
1718908189.5,2.12756,-0.34406542932383466,-0.3435056872948969,-0.0005597420211861763,MarketGridChoice,29
1718908189.75,2.121153,-0.3508941741541515,-0.34690745272320395,-0.003986721423008194,MarketGridChoice,29
1718908190.0,2.117309,-0.354991207887215,-0.3503510903578105,-0.004640117521273783,MarketGridChoice,29
1718908190.25,2.116028,-0.35635653052302535,-0.3538362244541095,-0.002520306060592086,MarketGridChoice,29
1718908190.5,2.112183,-0.360454630081722,-0.35736162378239805,-0.0030930062908076277,MarketGridChoice,29
1718908190.75,2.105776,-0.36728337491203883,-0.36092504277718646,-0.006358332126146267,MarketGridChoice,29
1718908191.0,2.104495,-0.3686486975478491,-0.3645230580331521,-0.0041256395058058,MarketGridChoice,29
1718908191.25,2.105776,-0.36728337491203883,-0.3681509069273302,0.0008675320243608699,MarketGridChoice,29
1718908191.5,2.100651,-0.3727457312809127,-0.37180233578845684,-0.0009433954832169736,MarketGridChoice,29
1718908191.75,2.100651,-0.3727457312809127,-0.37546946542946574,0.002723734157950677,MarketGridChoice,29
1718908192.0,2.099369,-0.37411211974235614,-0.3791426819753797,0.005030562242567751,MarketGridChoice,29
1718908192.25,2.096807,-0.3768427650139763,-0.3828105607319607,0.0059677957276617795,MarketGridChoice,29
1718908192.5,2.094244,-0.3795744761112295,-0.3864598303399381,0.006885354238504811,MarketGridChoice,29
1718908192.75,2.092962,-0.38094086457267295,-0.39007538365135863,0.009134519088585483,MarketGridChoice,29
1718908193.0,2.082711,-0.39186664313605335,-0.3936403406715326,0.001773697545466601,MarketGridChoice,29
1718908193.25,2.081429,-0.39323303159749673,-0.39713616757075343,0.0039031359833148456,MarketGridChoice,29
1718908193.5,2.080148,-0.3945983542333071,-0.4005428542347273,0.005944500011531811,MarketGridChoice,29
1718908193.75,2.075022,-0.40006177642781354,-0.403839151146863,0.0037773747291963587,MarketGridChoice,29
1718908194.0,2.073741,-0.4014270990636239,-0.40700286463273966,0.005575765579279664,MarketGridChoice,29
1718908194.25,2.067334,-0.4082558438939412,-0.410011207695268,0.0017553638114898382,MarketGridChoice,29
1718908194.5,2.066053,-0.409621166529751,-0.41284120187204953,0.003220035352443867,MarketGridChoice,29
1718908194.75,2.064771,-0.41098755499119444,-0.41547012379610593,0.0044825688150239296,MarketGridChoice,29
1718908195.0,2.064771,-0.41098755499119444,-0.41787598847783686,0.006888433496709141,MarketGridChoice,29
1718908195.25,2.058364,-0.41781629982151125,-0.4200380597875321,0.0022217599760317834,MarketGridChoice,29
1718908195.5,2.055801,-0.4205480109187645,-0.42193737723977076,0.0013893663309540298,MarketGridChoice,29
1718908195.75,2.059646,-0.4164499113600683,-0.42355728699979833,0.007107375649610126,MarketGridChoice,29
1718908196.0,2.055801,-0.4205480109187645,-0.4248839640854235,0.004335953176469976,MarketGridChoice,29
1718908196.25,2.051957,-0.42464504465182856,-0.4259069120644098,0.00126186742232421,MarketGridChoice,29
1718908196.5,2.049394,-0.4273767557490818,-0.4266194261838073,-0.0007573295555953347,MarketGridChoice,29
1718908196.75,2.046832,-0.43010740102070194,-0.427019005850076,-0.0030883951610039028,MarketGridChoice,29
1718908197.0,2.046832,-0.43010740102070194,-0.4271077027409376,-0.0029996982701903964,MarketGridChoice,29
1718908197.25,2.049394,-0.4273767557490818,-0.4268923915983739,-0.0004843641411710997,MarketGridChoice,29
1718908197.5,2.04555,-0.4314737894821454,-0.42638495194072334,-0.005088837531909583,MarketGridChoice,29
1718908197.75,2.04555,-0.4314737894821454,-0.4256023505389908,-0.005871438933652559,MarketGridChoice,29
1718908198.0,2.044269,-0.43283911211795567,-0.4245666165145734,-0.008272495593876042,MarketGridChoice,29
1718908198.25,2.042987,-0.4342055005793986,-0.423304703310214,-0.010900797259659463,MarketGridChoice,29
1718908198.5,2.042987,-0.4342055005793986,-0.42184823453206294,-0.012357266037778265,MarketGridChoice,29
1718908198.75,2.039143,-0.4383025343124622,-0.4202331337149751,-0.01806940058788564,MarketGridChoice,29
1718908199.0,2.040424,-0.43693721167665234,-0.4184991413656739,-0.01843807030132328,MarketGridChoice,29
1718908199.25,2.040424,-0.43693721167665234,-0.41668922610918024,-0.020247985557756185,MarketGridChoice,29
1718908199.5,2.031455,-0.4464966017785898,-0.4148489003003574,-0.03164770146845122,MarketGridChoice,29
1718908199.75,2.039143,-0.4383025343124622,-0.41302545393717643,-0.025277080365437618,MarketGridChoice,29
1718908200.0,2.041706,-0.43557082321520896,-0.4112671239713324,-0.024303699233961792,MarketGridChoice,29
1718908200.25,2.095525,-0.37820915347541967,-0.4096222189736991,0.031413065508258835,MarketGridChoice,29
1718908200.5,2.094244,-0.3795744761112295,-0.408138221373977,0.02856374527278818,MarketGridChoice,29
1718908200.75,2.073741,-0.4014270990636239,-0.40686089095605055,0.005433791902524248,MarketGridChoice,29
1718908201.0,2.068615,-0.40689052125813086,-0.4058333938029186,-0.0010571274450631232,MarketGridChoice,29
1718908201.25,2.095525,-0.37820915347541967,-0.40509548039236515,0.026886326927139752,ForecastPage,29
1718908201.5,2.099369,-0.37411211974235614,-0.4046827350927106,0.03057061536058665,ForecastPage,29
1718908201.75,2.087837,-0.38640322094154683,-0.4046259170059906,0.018222696074706255,ForecastPage,29
1718908202.0,2.090399,-0.3836725756699262,-0.40495040908450997,0.021277833424868546,ForecastPage,29
1718908202.25,2.085274,-0.38913493203880006,-0.4056757888500654,0.01654085682156444,ForecastPage,29
1718908202.5,2.080148,-0.3945983542333071,-0.4068155300420847,0.012217175819083423,ForecastPage,29
1718908202.75,2.066053,-0.409621166529751,-0.40837684030321875,-0.0012443262162270888,ForecastPage,29
1718908203.0,2.071178,-0.4041588101608771,-0.41036063577246246,0.006201825621882939,ForecastPage,29
1718908203.25,2.073741,-0.4014270990636239,-0.4127616493700673,0.01133455031672699,ForecastPage,29
1718908203.5,2.068615,-0.40689052125813086,-0.41556866576467855,0.008678144516811346,ForecastPage,29
1718908203.75,2.068615,-0.40689052125813086,-0.4187648726147648,0.011874351366872217,ForecastPage,29
1718908204.0,2.04555,-0.4314737894821454,-0.42232831475163346,-0.009145474720304199,ForecastPage,29
1718908204.25,2.053239,-0.4232786561903851,-0.4262324355895229,0.0029537794093103965,ForecastPage,29
1718908204.5,2.03658,-0.4410342454097159,-0.430446688278731,-0.010587557120850797,ForecastPage,29
1718908204.75,2.022485,-0.4560570577061599,-0.4349371980224288,-0.021119859673637602,ForecastPage,29
1718908205.0,2.022485,-0.4560570577061599,-0.4396674565948679,-0.016389601101238573,ForecastPage,29
1718908205.25,2.019922,-0.4587887688034131,-0.4445990304283228,-0.014189738365073229,ForecastPage,29
1718908205.5,2.014796,-0.4642521909979201,-0.449692264633702,-0.014559926354230656,ForecastPage,29
1718908205.75,2.013515,-0.46561751363373044,-0.4549069668968,-0.010710546726963706,ForecastPage,29
1718908206.0,2.009671,-0.469714547366794,-0.460203057226557,-0.009511490130279965,ForecastPage,29
1718908206.25,2.003264,-0.47654329219711083,-0.4655411718858023,-0.011002120301348582,ForecastPage,29
1718908206.5,2.001982,-0.4779096806585542,-0.47088321237297115,-0.007026468275606601,ForecastPage,29
1718908206.75,1.998138,-0.4820067143916178,-0.47619283292094644,-0.0058138814606643885,ForecastPage,29
1718908207.0,1.995575,-0.484738425488871,-0.4814358625260318,-0.003302562952787984,ForecastPage,29
1718908207.25,1.995575,-0.484738425488871,-0.48658065991891003,0.0018422344401476717,ForecastPage,29
1718908207.5,1.991731,-0.48883545922193483,-0.49159840205667105,0.0027629428449148625,ForecastPage,29
1718908207.75,1.985324,-0.4956642040522517,-0.4964633085834293,0.0007991045414377266,ForecastPage,29
1718908208.0,1.982761,-0.49839591514950515,-0.5011528062297457,0.0027568910905921753,ForecastPage,29
1718908208.25,1.976354,-0.5052246599798222,-0.5056476382732831,0.0004229783039121646,ForecastPage,29
1718908208.5,1.976354,-0.5052246599798222,-0.5099319249598038,0.004707264990537784,ForecastPage,29
1718908208.75,1.977636,-0.503858271518379,-0.5139931811931381,0.010134909685422126,ForecastPage,29
1718908209.0,1.973791,-0.5079563710770755,-0.5178222978610022,0.009865926794695659,ForecastPage,29
1718908209.25,1.968666,-0.5134187274459494,-0.5214134928928876,0.007994765457809564,ForecastPage,29
1718908209.5,1.966103,-0.5161504385432029,-0.5247642375800403,0.008613799047805973,ForecastPage,29
1718908209.75,1.960977,-0.5216138607377095,-0.5278751628753502,0.006261302148699351,ForecastPage,29
1718908210.0,1.953289,-0.5298079282038367,-0.5307499493985175,0.0009420212058201885,ForecastPage,29
1718908210.25,1.955852,-0.5270762171065835,-0.5333952037742423,0.0063189866788669665,ForecastPage,29
1718908210.5,1.950726,-0.5325396393010903,-0.5358203228030775,0.0032806835132497946,ForecastPage,29
1718908210.75,1.950726,-0.5325396393010903,-0.5380373458724257,0.005497706582636491,ForecastPage,29
1718908211.0,1.948163,-0.5352713503983435,-0.540060795014193,0.004789444627171241,ForecastPage,29
1718908211.25,1.940475,-0.5434654178644709,-0.5419075011520494,-0.0015579167010984583,ForecastPage,29
1718908211.5,1.941756,-0.5421000952286605,-0.5435964143967471,0.0014963191793917483,ForecastPage,29
1718908211.75,1.940475,-0.5434654178644709,-0.5451483957818791,0.0016829779286774132,ForecastPage,29
1718908212.0,1.93663,-0.5475635174231673,-0.5465859876199026,-0.0009775297920477533,ForecastPage,29
1718908212.25,1.930223,-0.5543922622534844,-0.5479331597262611,-0.006459102516071333,ForecastPage,29
1718908212.5,1.921253,-0.5639527181810546,-0.5492150291251355,-0.014737689044840003,ForecastPage,29
1718908212.75,1.916128,-0.5694150745499286,-0.5504575515200196,-0.018957523018904146,ForecastPage,29
1718908213.0,1.929154,-0.555531629855109,-0.5516871837767343,-0.0038444460674386238,ForecastPage,29
1718908213.25,1.929154,-0.555531629855109,-0.5529305178914842,-0.002601111952744723,ForecastPage,29
1718908213.5,1.930435,-0.5541663072192988,-0.5542138883369991,4.758112854329026e-05,ForecastPage,29
1718908213.75,1.926591,-0.5582633409523624,-0.5555629562076152,-0.0027003847339176117,ForecastPage,29
1718908214.0,1.922747,-0.562360374685426,-0.5570022751297922,-0.0053580995447898416,ForecastPage,29
1718908214.25,1.917621,-0.5678237968799328,-0.5585548453974544,-0.009268951471589237,ForecastPage,29
1718908214.5,1.917621,-0.5678237968799328,-0.5602416641849712,-0.007582132683995083,ForecastPage,29
1718908214.75,1.917621,-0.5678237968799328,-0.5620812809507466,-0.005742515918109925,ForecastPage,29
1718908215.0,1.91634,-0.569189119515743,-0.5640893682347713,-0.005099751269753639,ForecastPage,29
1718908215.25,1.917621,-0.5678237968799328,-0.566278318926223,-0.0015454779423194932,ForecastPage,29
1718908215.5,1.912495,-0.5732872190744395,-0.5686568816744362,-0.004630337388413598,ForecastPage,29
1718908215.75,1.90737,-0.5787495754433134,-0.5712298463784612,-0.007519729053039621,ForecastPage,29
1718908216.0,1.915058,-0.5705555079771862,-0.5739977915626852,0.003442283597552622,ForecastPage,29
1718908216.25,1.920184,-0.5650920857826794,-0.5769569048825828,0.011864819112210503,ForecastPage,29
1718908216.5,1.927872,-0.5568980183165522,-0.5800988869676263,0.02320086866364081,ForecastPage,29
1718908216.75,1.921465,-0.5637267631468692,-0.5834109472719246,0.019684184137880718,ForecastPage,29
1718908217.0,1.904807,-0.5814812865405669,-0.5868758985677017,0.005394612040211792,ForecastPage,29
1718908217.25,1.912495,-0.5732872190744395,-0.5904723542263858,0.017185135165261618,ForecastPage,29
1718908217.5,1.911214,-0.5746525417102498,-0.5941750295802934,0.0195224878835781,ForecastPage,29
1718908217.75,1.899681,-0.5869447087350737,-0.5979551455734621,0.011010436852118114,ForecastPage,29
1718908218.0,1.888149,-0.5992358099342643,-0.6017809297345564,0.0025451198141892336,ForecastPage,29
1718908218.25,1.883023,-0.6046992321287713,-0.6056182063775591,0.0009189742628219304,ForecastPage,29
1718908218.5,1.875335,-0.6128932995948985,-0.6094310649896373,-0.0034622345911219767,ForecastPage,29
1718908218.75,1.868928,-0.6197220444252155,-0.6131825931179765,-0.006539451293026123,ForecastPage,29
1718908219.0,1.872772,-0.6156250106921517,-0.6168356578080608,0.0012106471301659054,ForecastPage,29
1718908219.25,1.875335,-0.6128932995948985,-0.6203537178263175,0.0074604182456927785,ForecastPage,29
1718908219.5,1.870209,-0.6183567217894052,-0.6237016475363443,0.005344925761205778,ForecastPage,29
1718908219.75,1.868928,-0.6197220444252155,-0.6268465523855424,0.007124507974565214,ForecastPage,29
1718908220.0,1.865083,-0.623820143983912,-0.6297585554928681,0.005938411523147368,ForecastPage,29
1718908220.25,1.859958,-0.6292825003527858,-0.6324115348193683,0.0031290344807097126,ForecastPage,29
1718908220.5,1.848425,-0.6415746673776096,-0.6347837908828828,-0.006790876480679457,ForecastPage,29
1718908220.75,1.840737,-0.6497687348437368,-0.6368586259923367,-0.012910108837447955,ForecastPage,29
1718908221.0,1.835611,-0.6552321570382434,-0.6386248175707392,-0.016607339453662648,ForecastPage,29
1718908221.25,1.829204,-0.6620609018685605,-0.6400769703371318,-0.021983931517713617,ForecastPage,29
1718908221.5,1.835611,-0.6552321570382434,-0.6412157349194557,-0.01401642210521546,ForecastPage,29
1718908221.75,1.835611,-0.6552321570382434,-0.6420478838197022,-0.013184273205127254,ForecastPage,29
1718908222.0,1.836892,-0.6538668344024334,-0.6425862394507625,-0.011280594938428631,ForecastPage,29
1718908222.25,1.836892,-0.6538668344024334,-0.6428494530787295,-0.01101738131064428,ForecastPage,29
1718908222.5,1.827923,-0.6634262245043708,-0.642861637789082,-0.020564586702418862,ForecastPage,29
1718908222.75,1.827923,-0.6634262245043708,-0.6426518629076867,-0.02077436158400577,ForecastPage,29
1718908223.0,1.826641,-0.664792612965814,-0.642253521514463,-0.022539091438859408,ForecastPage,29
1718908223.25,1.8433,-0.6470370237464835,-0.6417035866575215,-0.005333437076644274,ForecastPage,29
1718908223.5,1.856114,-0.6333795340858493,-0.6410417754675989,0.007662241393914504,ForecastPage,29
1718908223.75,1.847144,-0.64293999001342,-0.6403096434331645,-0.0026303465682146485,ForecastPage,29
1718908224.0,1.853551,-0.6361112451831028,-0.6395496334745043,0.003438388303353796,ForecastPage,29
1718908224.25,1.858676,-0.630648888814229,-0.6388041060281534,0.00815521722583067,ForecastPage,29
1718908224.5,1.866365,-0.6224537555224687,-0.6381143770476654,0.01566062153710452,ForecastPage,29
1718908224.75,1.868928,-0.6197220444252155,-0.6375197906187643,0.017797746205509807,ForecastPage,29
1718908225.0,1.870209,-0.6183567217894052,-0.637056851791623,0.018700130014286095,ForecastPage,29
1718908225.25,1.866365,-0.6224537555224687,-0.6367584432990321,0.014304687788794374,ForecastPage,29
1718908225.5,1.87149,-0.6169913991535948,-0.6366531471400834,0.019661747998938016,ForecastPage,29
1718908225.75,1.865083,-0.623820143983912,-0.6367646886819124,0.012944544710722834,ForecastPage,29
1718908226.0,1.865083,-0.623820143983912,-0.637111517108891,0.013291373138026308,ForecastPage,29
1718908226.25,1.861239,-0.6279171777169755,-0.6377065318827393,0.009789354179183486,ForecastPage,29
1718908226.5,1.850988,-0.6388429562803561,-0.6385569605218245,-0.00028599574469700614,ForecastPage,29
1718908226.75,1.856114,-0.6333795340858493,-0.6396643886086225,0.0062848545370603835,ForecastPage,29
1718908227.0,1.867646,-0.6210884328866586,-0.6410249386201958,0.01993650574831038,ForecastPage,29
1718908227.25,1.863802,-0.6251854666197222,-0.6426295900551396,0.017444123450704695,ForecastPage,29
1718908227.5,1.852269,-0.637477633644546,-0.6444646294895652,0.006986995860842549,ForecastPage,29
1718908227.75,1.844581,-0.6456717011106732,-0.6465122157158353,0.0008405146215359296,ForecastPage,29
1718908228.0,1.83433,-0.6565974796740538,-0.6487510420924744,-0.007846437564648982,ForecastPage,29
1718908228.25,1.830485,-0.6606955792327505,-0.651157075765396,-0.009538503449871569,ForecastPage,29
1718908228.5,1.831767,-0.6593291907713072,-0.6537043516054976,-0.0056248391477897106,ForecastPage,29
1718908228.75,1.822797,-0.6688896466988776,-0.6563657976081598,-0.012523849072187163,ForecastPage,29
1718908229.0,1.818953,-0.6729866804319412,-0.659114068130358,-0.013872612282578899,ForecastPage,29
1718908229.25,1.822797,-0.6688896466988776,-0.6619223616703138,-0.006967285009131435,ForecastPage,29
1718908229.5,1.822797,-0.6688896466988776,-0.6647652008606943,-0.004124445818375094,ForecastPage,29
1718908229.75,1.815109,-0.6770837141650047,-0.6676191538681819,-0.009464560276696076,ForecastPage,29
1718908230.0,1.817671,-0.6743530688933843,-0.6704634783799702,-0.003889590493028651,ForecastPage,29
1718908230.25,1.81639,-0.6757183915291947,-0.6732806717226657,-0.002437719785944925,ForecastPage,29
1718908230.5,1.815109,-0.6770837141650047,-0.6760569133215768,-0.0010268008227037745,ForecastPage,29
1718908230.75,1.809983,-0.6825471363595117,-0.6787823886012359,-0.00376474773746697,ForecastPage,29
1718908231.0,1.806139,-0.6866441700925753,-0.6814514864961433,-0.005192683575588739,ForecastPage,29
1718908231.25,1.79845,-0.6948393033843353,-0.6840628659404433,-0.010776437423058434,ForecastPage,29
1718908231.5,1.795887,-0.6975710144815888,-0.6866193900013744,-0.01095162445942843,ForecastPage,29
1718908231.75,1.793325,-0.7003016597532091,-0.6891279296798755,-0.011173730052628172,ForecastPage,29
1718908232.0,1.786918,-0.7071304045835263,-0.6915990427795117,-0.01553136178341901,ForecastPage,29
1718908232.25,1.784355,-0.7098621156807797,-0.6940465365814517,-0.01581557907886817,MarketWaitPage,29
1718908232.5,1.780511,-0.7139591494138433,-0.6964869262779145,-0.017472223115625556,MarketWaitPage,29
1718908232.75,1.793325,-0.7003016597532091,-0.6989388041097058,-0.0013628556233733257,MarketWaitPage,29
1718908233.0,1.793325,-0.7003016597532091,-0.7014221368099344,0.0011204770766694405,MarketWaitPage,29
1718908233.25,1.797169,-0.6962046260201455,-0.7039575111519994,0.00775288515160271,MarketWaitPage,29
1718908233.5,1.794606,-0.6989363371173991,-0.7065653490179198,0.0076290119200673545,MarketWaitPage,29
1718908233.75,1.786918,-0.7071304045835263,-0.7092651143524794,0.002134709788293585,MarketWaitPage,29
1718908234.0,1.795887,-0.6975710144815888,-0.712074534602177,0.014503520139720196,MarketWaitPage,29
1718908234.25,1.795887,-0.6975710144815888,-0.7150088587539962,0.017437844291331422,MarketWaitPage,29
1718908234.5,1.793325,-0.7003016597532091,-0.718080172921912,0.017778513187421997,MarketWaitPage,29
1718908234.75,1.790762,-0.7030333708504627,-0.7212967926390026,0.018263421807061246,MarketWaitPage,29
1718908235.0,1.786918,-0.7071304045835263,-0.7246627486841986,0.01753234411900817,MarketWaitPage,29
1718908235.25,1.766415,-0.7289830275359204,-0.7281773805159856,-0.0008056470017670722,MarketWaitPage,29
1718908235.5,1.762571,-0.733080061268984,-0.731835048335948,-0.001245012915014953,MarketWaitPage,29
1718908235.75,1.761289,-0.734446449730427,-0.7356249716083322,0.0011785218958044723,MarketWaitPage,29
1718908236.0,1.758727,-0.7371770950020478,-0.7395311986514265,0.002354103667186836,MarketWaitPage,29
1718908236.25,1.758727,-0.7371770950020478,-0.7435327087935298,0.006355613809233996,MarketWaitPage,29
1718908236.5,1.753601,-0.7426405171965544,-0.7476036456118169,0.004963128432995999,MarketWaitPage,29
1718908236.75,1.740787,-0.7562980068571883,-0.7517136769784201,-0.00458432986101473,MarketWaitPage,29
1718908237.0,1.730536,-0.7672237854205689,-0.7558284750459651,-0.011395310356793033,MarketWaitPage,29
1718908237.25,1.726691,-0.7713218849792656,-0.7599103069369271,-0.011411578024434663,MarketWaitPage,29
1718908237.5,1.724128,-0.7740535960765189,-0.7639187247761761,-0.010134871282311735,MarketWaitPage,29
1718908237.75,1.74335,-0.7535662957599351,-0.7678113418237364,0.01424504608199248,MarketWaitPage,29
1718908238.0,1.74335,-0.7535662957599351,-0.7715446797950899,0.017978384053537196,MarketWaitPage,29
1718908238.25,1.729254,-0.7685901738820121,-0.775075070947212,0.006484897083803641,MarketWaitPage,29
1718908238.5,1.736943,-0.7603950405902521,-0.7783595971138596,0.017964556542460278,MarketWaitPage,29
1718908238.75,1.727973,-0.7699554965178225,-0.7813570465857741,0.011401550087076481,MarketWaitPage,29
1718908239.0,1.717721,-0.780882340906836,-0.7840288685961988,0.0031465277087771304,MarketWaitPage,29
1718908239.25,1.715159,-0.7836129861784563,-0.7863401042782051,0.002727118119464712,MarketWaitPage,29
1718908239.5,1.710033,-0.7890764083729633,-0.7882602724157759,-0.0008161359371624793,MarketWaitPage,29
1718908239.75,1.704907,-0.79453983056747,-0.7897641882198544,-0.004775642327279703,MarketWaitPage,29
1718908240.0,1.706189,-0.7931734421060269,-0.7908326938081128,-0.0023407482772714963,MarketWaitPage,29
1718908240.25,1.704907,-0.79453983056747,-0.7914532801082964,-0.0030865504382345246,MarketWaitPage,29
1718908240.5,1.702345,-0.7972704758390905,-0.7916205815644667,-0.005649894253404839,MarketWaitPage,29
1718908240.75,1.6985,-0.8013685753977872,-0.7913367273028732,-0.010031848073437313,MarketWaitPage,29
1718908241.0,1.695938,-0.8040992206694075,-0.790611535291275,-0.01348768535642486,MarketWaitPage,29
1718908241.25,1.694656,-0.8054656091308506,-0.7894625394708153,-0.016003069638126456,MarketWaitPage,29
1718908241.5,1.688249,-0.8122943539611676,-0.7879148438071644,-0.024379510131924735,MarketWaitPage,29
1718908241.75,1.686968,-0.8136596765969778,-0.7860008016311314,-0.02765887494363054,MarketWaitPage,29
1718908242.0,1.688249,-0.8122943539611676,-0.7837595234235384,-0.02853483051530788,MarketWaitPage,29
1718908242.25,1.68953,-0.8109290313253574,-0.7812362212154336,-0.029692810087529123,MarketWaitPage,29
1718908242.5,1.697219,-0.8027338980335972,-0.7784814028549331,-0.024252495156228154,MarketWaitPage,29
1718908242.75,1.711314,-0.787711085737153,-0.7755499343313904,-0.012161151383317867,MarketWaitPage,29
1718908243.0,1.724128,-0.7740535960765189,-0.7724999929137836,-0.001553603140315404,MarketWaitPage,29
1718908243.25,1.730536,-0.7672237854205689,-0.7693919378116182,0.0021681524134098875,MarketWaitPage,29
1718908243.5,1.736943,-0.7603950405902521,-0.7662871281784702,0.005892087610484529,MarketWaitPage,29
1718908243.75,1.735661,-0.7617614290516953,-0.7632467203694734,0.0014852913399154878,MarketWaitPage,29
1718908244.0,1.739505,-0.7576643953186315,-0.7603304773152828,0.002666082018626486,MarketWaitPage,29
1718908244.25,1.73438,-0.7631267516875054,-0.7575956226292793,-0.0055311290364431255,RoundResultsPage,29
1718908244.5,1.790762,-0.7030333708504627,-0.7550957706117901,0.05206239978289289,RoundResultsPage,29
1718908244.75,1.815109,-0.6770837141650047,-0.7528799606723177,0.07579624652864031,RoundResultsPage,29
1718908245.0,1.795887,-0.6975710144815888,-0.7509918209011124,0.05342080644059622,RoundResultsPage,29
1718908245.25,1.777948,-0.7166908605110965,-0.7494688806835766,0.032778020193285115,RoundResultsPage,29
1718908245.5,1.775385,-0.71942257160835,-0.7483420465693308,0.028919474981508833,RoundResultsPage,29
1718908245.75,1.771541,-0.7235196053414136,-0.7476352494152724,0.024115644094104244,RoundResultsPage,29
1718908246.0,1.745912,-0.7508356504883147,-0.7473652645398259,-0.0034703859285284966,RoundResultsPage,29
1718908246.25,1.727973,-0.7699554965178225,-0.7475417006803692,-0.022413795817776853,RoundResultsPage,29
1718908246.5,1.726691,-0.7713218849792656,-0.7481671482969875,-0.023154736662880107,RoundResultsPage,29
1718908246.75,1.72541,-0.7726872076150757,-0.7492374734675235,-0.023449734128422946,RoundResultsPage,29
1718908247.0,1.72541,-0.7726872076150757,-0.7507422404042967,-0.021944967191904672,RoundResultsPage,29
1718908247.25,1.729254,-0.7685901738820121,-0.7526652435006927,-0.015924930362682027,RoundResultsPage,29
1718908247.5,1.730536,-0.7672237854205689,-0.7549851286891031,-0.012238656713043812,RoundResultsPage,29
1718908247.75,1.731817,-0.7658584627847589,-0.7576760835967259,-0.008182379169801992,RoundResultsPage,29
1718908248.0,1.730536,-0.7672237854205689,-0.7607085763355688,-0.006515209066934945,RoundResultsPage,29
1718908248.25,1.730536,-0.7672237854205689,-0.7640501235798373,-0.003173661822807542,RoundResultsPage,29
1718908248.5,1.731817,-0.7658584627847589,-0.7676660697165818,0.0018076069496298156,RoundResultsPage,29
1718908248.75,1.726691,-0.7713218849792656,-0.7715203601855407,0.0001984752239886957,RoundResultsPage,29
1718908249.0,1.721566,-0.7767842413481395,-0.7755762935653504,-0.0012079477651447366,RoundResultsPage,29
1718908249.25,1.719003,-0.7795159524453927,-0.7797972384588012,0.0002812860310077818,RoundResultsPage,29
1718908249.5,1.715159,-0.7836129861784563,-0.7841473027474304,0.0005343165865502736,RoundResultsPage,29
1718908249.75,1.712596,-0.7863446972757098,-0.7885919443110228,0.0022472470528852847,RoundResultsPage,29
1718908250.0,1.70747,-0.7918081194702166,-0.793098513835897,0.0012903943832641577,RoundResultsPage,29
1718908250.25,1.703626,-0.7959051532032801,-0.7976367218669669,0.0017315686812922116,RoundResultsPage,29
1718908250.5,1.695938,-0.8040992206694075,-0.8021790237955788,-0.0019201968561964387,RoundResultsPage,29
1718908250.75,1.693375,-0.8068309317666608,-0.8067009180249634,-0.0001300137240386861,RoundResultsPage,29
1718908251.0,1.685686,-0.815026065058421,-0.8111811541273407,-0.003844910913401574,RoundResultsPage,29
1718908251.25,1.680561,-0.8204884214272948,-0.8156018494099324,-0.004886571999676025,RoundResultsPage,29
1718908251.5,1.677998,-0.8232201325245482,-0.8199485139446085,-0.003271618562262227,RoundResultsPage,29
1718908251.75,1.674154,-0.827317166257612,-0.8242099857821569,-0.0031071804578055827,RoundResultsPage,29
1718908252.0,1.669028,-0.8327805884521187,-0.8283782797514714,-0.004402308683045088,RoundResultsPage,29
1718908252.25,1.665184,-0.8368776221851822,-0.8324483549113412,-0.00442926725630417,RoundResultsPage,29
1718908252.5,1.662621,-0.8396093332824357,-0.8364178073467342,-0.003191525918244441,RoundResultsPage,29
1718908252.75,1.658777,-0.8437063670154993,-0.840286496548307,-0.003419870449824067,RoundResultsPage,29
1718908253.0,1.656214,-0.8464380781127525,-0.8440561150480651,-0.0023819630474102753,RoundResultsPage,29
1718908253.25,1.649807,-0.8532668229430697,-0.8477297122700104,-0.005537110655866904,RoundResultsPage,29
1718908253.5,1.651088,-0.8519015003072595,-0.851311184657075,-0.000590315633062403,RoundResultsPage,29
1718908253.75,1.651088,-0.8519015003072595,-0.8548047450209526,0.002903244730767348,RoundResultsPage,29
1718908254.0,1.649807,-0.8532668229430697,-0.8582143846981239,0.004947561772111121,RoundResultsPage,29
1718908254.25,1.6434,-0.8600955677733867,-0.8615433424560801,0.0014477746997707854,RoundResultsPage,29
1718908254.5,1.640837,-0.8628272788706399,-0.8647935941599197,0.0019663153064221,RoundResultsPage,29
1718908254.75,1.636993,-0.8669243126037037,-0.8679653769765986,0.001041064390152036,RoundResultsPage,29
1718908255.0,1.635711,-0.8682907010651469,-0.871056761372286,0.002766060324565691,RoundResultsPage,29
1718908255.25,1.630586,-0.8737530574340205,-0.8740632833668963,0.0003102259505278135,RoundResultsPage,29
1718908255.5,1.628023,-0.876484768531274,-0.8769776484701854,0.0004928799568429008,RoundResultsPage,29
1718908255.75,1.62546,-0.8792164796285276,-0.8797895174548377,0.0005730378445696783,RoundResultsPage,29
1718908256.0,1.628023,-0.876484768531274,-0.8824853826396646,0.006000614127019953,RoundResultsPage,29
1718908256.25,1.621616,-0.8833135133615911,-0.885048541673918,0.001735028331359449,RiskPage1,29
1718908256.5,1.626742,-0.8778500911670843,-0.8874591739441773,0.009609082796552454,RiskPage1,29
1718908256.75,1.613927,-0.8915086466533514,-0.8896945226829243,-0.001814123950528282,RiskPage1,29
1718908257.0,1.615209,-0.8901422581919082,-0.8917291836637815,0.001586925492212945,RiskPage1,29
1718908257.25,1.610083,-0.8956056803864149,-0.8935354990515032,-0.0020701813141394535,RiskPage1,29
1718908257.5,1.612646,-0.8928739692891614,-0.8950840525684034,0.0022100833004303883,RiskPage1,29
1718908257.75,1.608802,-0.896971003022225,-0.8963442596728584,-0.0006267433277842376,RiskPage1,29
1718908258.0,1.612646,-0.8928739692891614,-0.8972850439401231,0.00441107467291176,RiskPage1,29
1718908258.25,1.626742,-0.8778500911670843,-0.8978755883016993,0.020025497156903604,RiskPage1,29
1718908258.5,1.63443,-0.869656023700957,-0.8980861472447639,0.028430123566402662,RiskPage1,29
1718908258.75,1.630586,-0.8737530574340205,-0.8978889035153761,0.024135846104224826,RiskPage1,29
1718908259.0,1.628023,-0.876484768531274,-0.8972588503538308,0.020774081845662783,RiskPage1,29
1718908259.25,1.617772,-0.8874105470946547,-0.8961746779095539,0.008764130838200936,RiskPage1,29
1718908259.5,1.621616,-0.8833135133615911,-0.8946196403811179,0.011306127042979957,RiskPage1,29
1718908259.75,1.612646,-0.8928739692891614,-0.8925823787862522,-0.0002915904793516118,RiskPage1,29
1718908260.0,1.610083,-0.8956056803864149,-0.8900576732746064,-0.005548007088197301,RiskPage1,29
1718908260.25,1.613927,-0.8915086466533514,-0.8870470987146376,-0.004461547915102366,RiskPage1,29
1718908260.5,1.613927,-0.8915086466533514,-0.8835595580337606,-0.007949088596033167,RiskPage1,29
1718908260.75,1.610083,-0.8956056803864149,-0.8796116695366233,-0.015994010826341828,RiskPage1,29
1718908261.0,1.610083,-0.8956056803864149,-0.8752279871912081,-0.020377693171918395,RiskPage1,29
1718908261.25,1.604958,-0.9010680367552886,-0.8704410366352452,-0.030627000096967755,RiskPage2,29
1718908261.5,1.60752,-0.8983373914836682,-0.8652911543564222,-0.03304623710443224,RiskPage2,29
1718908261.75,1.602395,-0.903799747852542,-0.8598261230383072,-0.043973624791729234,RiskPage2,29
1718908262.0,1.601113,-0.9051661363139852,-0.8541006022901754,-0.05106553400165472,RiskPage2,29
1718908262.25,1.608802,-0.896971003022225,-0.8481753606866457,-0.048795642313812414,RiskPage2,29
1718908262.5,1.622897,-0.8819481907257808,-0.842116321964449,-0.03983186873998501,RiskPage2,29
1718908262.75,1.631867,-0.8723877347982105,-0.8359934450305666,-0.03639428974674061,RiskPage2,29
1718908263.0,1.675435,-0.8259518436218016,-0.8298794637499199,0.003927620148565326,RiskPage2,29
1718908263.25,1.717721,-0.780882340906836,-0.8238485178983556,0.04296617701150768,RiskPage2,29
1718908263.5,1.722847,-0.7754189187123292,-0.817974710803181,0.04255579211038783,RiskPage2,29
1718908263.75,1.735661,-0.7617614290516953,-0.8123306317434286,0.050569202710832095,RiskPage2,29
1718908264.0,1.742068,-0.7549326842213783,-0.8069858819839035,0.052053197781208885,RiskPage2,29
1718908264.25,1.724128,-0.7740535960765189,-0.8020056423961673,0.02795204633794328,RiskPage2,29
1718908264.5,1.717721,-0.780882340906836,-0.7974493181819274,0.01656697729302683,RiskPage2,29
1718908264.75,1.715159,-0.7836129861784563,-0.793369292592008,0.009756306431158275,RiskPage2,29
1718908265.0,1.722847,-0.7754189187123292,-0.7898098171077911,0.014390898412772087,RiskPage2,29
1718908265.25,1.724128,-0.7740535960765189,-0.7868060606794458,0.012752464619974514,RiskPage2,29
1718908265.5,1.720284,-0.7781506298095827,-0.7843833355865101,0.006232705793748579,RiskPage2,29
1718908265.75,1.724128,-0.7740535960765189,-0.7825565125153159,0.008502916455429978,RiskPage2,29
1718908266.0,1.713877,-0.7849793746398995,-0.7813296326902063,-0.0036497419332093203,RiskPage2,29
1718908266.25,1.703626,-0.7959051532032801,-0.7806957204722788,-0.015209432714628539,RiskPage3,29
1718908266.5,1.703626,-0.7959051532032801,-0.780636795846059,-0.015268357340923319,RiskPage3,29
1718908266.75,1.719003,-0.7795159524453927,-0.7811240827159794,0.0016081302868421344,RiskPage3,29
1718908267.0,1.70747,-0.7918081194702166,-0.7821184059533239,-0.009689713500650595,RiskPage3,29
1718908267.25,1.710033,-0.7890764083729633,-0.7835707676456767,-0.005505640711033245,RiskPage3,29
1718908267.5,1.70747,-0.7918081194702166,-0.7854230909440668,-0.006385028509864669,RiskPage3,29
1718908267.75,1.708752,-0.7904417310087734,-0.7876091182035567,-0.0028326127888829954,RiskPage3,29
1718908268.0,1.706189,-0.7931734421060269,-0.7900554487006287,-0.003117993389001948,RiskPage3,29
1718908268.25,1.701063,-0.7986368643005336,-0.7926827000239971,-0.005954164260065693,RiskPage3,29
1718908268.5,1.704907,-0.79453983056747,-0.7954067762201334,0.0008669456692176267,RiskPage3,29
1718908268.75,1.6985,-0.8013685753977872,-0.7981402248829397,-0.003228350498204486,RiskPage3,29
1718908269.0,1.697219,-0.8027338980335972,-0.8007936645674807,-0.0019402334493828985,RiskPage3,29
1718908269.25,1.693375,-0.8068309317666608,-0.8032772631457924,-0.0035536686040464355,RiskPage3,29
1718908269.5,1.699782,-0.800002186936344,-0.8055022469796328,0.005500060060193244,RiskPage3,29
1718908269.75,1.697219,-0.8027338980335972,-0.8073824200368037,0.004648522020184736,RiskPage3,29
1718908270.0,1.70747,-0.7918081194702166,-0.8088356713057034,0.017027551852528307,RiskPage3,29
1718908270.25,1.70747,-0.7918081194702166,-0.809785448057473,0.017977328604348523,RiskPage3,29
1718908270.5,1.70747,-0.7918081194702166,-0.8101621716752528,0.018354052222165098,RiskPage3,29
1718908270.75,1.704907,-0.79453983056747,-0.8099045719547988,0.015364741404479538,RiskPage3,29
1718908271.0,1.703626,-0.7959051532032801,-0.8089609150575697,0.013055761871446378,RiskPage3,29
1718908271.25,1.704907,-0.79453983056747,-0.8072900997808772,0.012750269230553625,RiskPage3,29
1718908271.5,1.702345,-0.7972704758390905,-0.8048625966392197,0.007592120817248197,RiskPage3,29
1718908271.75,1.706189,-0.7931734421060269,-0.8016612045737908,0.008487762484838204,RiskPage3,29
1718908272.0,1.704907,-0.79453983056747,-0.7976816010637913,0.003141770513334207,RiskPage3,29
1718908272.25,1.708752,-0.7904417310087734,-0.7929326631285497,0.002490932136711657,RiskPage4,29
1718908272.5,1.708752,-0.7904417310087734,-0.7874365392892974,-0.003005191702633728,RiskPage4,29
1718908272.75,1.706189,-0.7931734421060269,-0.7812284560883572,-0.011944986000934793,RiskPage4,29
1718908273.0,1.706189,-0.7931734421060269,-0.7743562473026473,-0.01881719478676555,RiskPage4,29
1718908273.25,1.68953,-0.8109290313253574,-0.7668795995705606,-0.04404943173831642,RiskPage4,29
1718908273.5,1.686968,-0.8136596765969778,-0.7588690147708389,-0.05479066180980393,RiskPage4,29
1718908273.75,1.694656,-0.8054656091308506,-0.7504044970875653,-0.055061112027106035,RiskPage4,29
1718908274.0,1.699782,-0.800002186936344,-0.7415739811262776,-0.05842820579405243,RiskPage4,29
1718908274.25,1.6985,-0.8013685753977872,-0.7324715264716303,-0.06889704891031743,RiskPage4,29
1718908274.5,1.70747,-0.7918081194702166,-0.7231953133497248,-0.06861280610483453,RiskPage4,29
1718908274.75,1.739505,-0.7576643953186315,-0.713845483137976,-0.04381891216518659,RiskPage4,29
1718908275.0,1.754882,-0.7412751945607441,-0.7045218758440461,-0.03675331870142089,RiskPage4,29
1718908275.25,1.790762,-0.7030333708504627,-0.6953217238051098,-0.007711647030267641,RiskPage4,29
1718908275.5,1.817671,-0.6743530688933843,-0.6863373661874816,0.011984297308993627,RiskPage4,29
1718908275.75,1.867646,-0.6210884328866586,-0.6776540518873476,0.05656561901540195,RiskPage4,29
1718908276.0,1.88943,-0.5978704872984543,-0.6693478987410182,0.0714774114571018,RiskPage4,29
1718908276.25,1.908651,-0.577384252807503,-0.6614840742991129,0.08409982150598393,RiskPage4,29
1718908276.5,1.926591,-0.5582633409523624,-0.6541152577551028,0.09585191681696423,RiskPage4,29
1718908276.75,1.929154,-0.555531629855109,-0.6472804341229484,0.09174880428192861,RiskPage4,29
1718908277.0,1.912495,-0.5732872190744395,-0.6410040608331014,0.06771684177263404,RiskPage4,29
1718908277.25,1.900963,-0.5855783202736304,-0.6352956341497328,0.04971731388997706,PreMarketWait,30
1718908277.5,1.890712,-0.596504098837011,-0.6301496689170447,0.03364557009383132,PreMarketWait,30
1718908277.75,1.883023,-0.6046992321287713,-0.6255460908759388,0.02084685876090924,PreMarketWait,30
1718908278.0,1.88046,-0.6074309432260245,-0.6214510268749481,0.01402008366263053,PreMarketWait,30
1718908278.25,1.879179,-0.6087962658618349,-0.617817965350687,0.00902169950254527,PreMarketWait,30
1718908278.5,1.875335,-0.6128932995948985,-0.6145892479588603,0.001695948377661051,PreMarketWait,30
1718908278.75,1.870209,-0.6183567217894052,-0.611697843549843,-0.006658878225839819,PreMarketWait,30
1718908279.0,1.875335,-0.6128932995948985,-0.609069348043483,-0.0038239515376569007,PreMarketWait,30
1718908279.25,1.849707,-0.6402082789161664,-0.6066241483181711,-0.03358413058419225,PreMarketWait,30
1718908279.5,1.835611,-0.6552321570382434,-0.6042796850695614,-0.0509524719548311,PreMarketWait,30
1718908279.75,1.8433,-0.6470370237464835,-0.6019527487274235,-0.045084275005162926,PreMarketWait,30
1718908280.0,1.853551,-0.6361112451831028,-0.599561743881328,-0.036549501287837766,PreMarketWait,30
1718908280.25,1.856114,-0.6333795340858493,-0.5970288611005156,-0.036350672971367314,PreMarketWait,30
1718908280.5,1.856114,-0.6333795340858493,-0.5942821002847043,-0.03909743378716335,PreMarketWait,30
1718908280.75,1.856114,-0.6333795340858493,-0.5912570964175602,-0.04212243765430832,PreMarketWait,30
1718908281.0,1.862521,-0.6265507892555323,-0.5878987064430947,-0.03865208279847424,PreMarketWait,30
1718908281.25,1.891993,-0.5951387762012007,-0.5841623245738593,-0.010976451613411979,PreMarketWait,30
1718908281.5,1.91634,-0.569189119515743,-0.5800149023039809,0.010825782802117698,PreMarketWait,30
1718908281.75,1.918903,-0.5664574084184896,-0.5754356583906118,0.008978249985938647,PreMarketWait,30
1718908282.0,1.91634,-0.569189119515743,-0.5704164727725516,0.001227353270549788,PreMarketWait,30
1718908282.25,1.920184,-0.5650920857826794,-0.5649619665783719,-0.000130119190651758,PreMarketWait,30
1718908282.5,1.900963,-0.5855783202736304,-0.5590892779041702,-0.02648904235589906,PreMarketWait,30
1718908282.75,1.908651,-0.577384252807503,-0.5528275498693107,-0.024556702924733238,PreMarketWait,30
1718908283.0,1.917621,-0.5678237968799328,-0.5462171535853934,-0.02160664328118772,PreMarketWait,30
1718908283.25,1.940686,-0.5432405286559182,-0.5393086740813319,-0.003931854561345578,PreMarketWait,30
1718908283.5,1.956063,-0.5268513278980306,-0.532161691844056,0.005310363959154045,PreMarketWait,30
1718908283.75,1.975285,-0.5063640275814468,-0.5248433963331552,0.018479368764725692,PreMarketWait,30
1718908284.0,1.986817,-0.49407292638225586,-0.5174270704613154,0.02335414409196882,PreMarketWait,30
1718908284.25,1.990662,-0.4899748268235595,-0.5099904864833497,0.02001565967259704,PreMarketWait,30
1718908284.5,1.995787,-0.4845124704546856,-0.5026142539588017,0.01810178351682855,PreMarketWait,30
1718908284.75,2.021415,-0.45719749113341734,-0.49538015948619896,0.03818266836541127,PreMarketWait,30
1718908285.0,2.049606,-0.4271508007148963,-0.4883695358660991,0.06121873516376589,PreMarketWait,30
1718908285.25,2.036792,-0.44080829037553,-0.4816616954058822,0.04085340504287017,PreMarketWait,30
1718908285.5,2.022697,-0.4558311026719744,-0.47533245844978267,0.0195013557903067,PreMarketWait,30
1718908285.75,1.974003,-0.50773041604289,-0.4694528041746745,-0.03827761185570751,PreMarketWait,30
1718908286.0,1.939405,-0.5446058512917283,-0.464087666556895,-0.0805181847222849,PreMarketWait,30
1718908286.25,1.963752,-0.5186561946062707,-0.45929489450792893,-0.0593613000857216,PreMarketWait,30
1718908286.5,1.991943,-0.4886095041877491,-0.45512439171609675,-0.03348511245892924,PreMarketWait,30
1718908286.75,2.020134,-0.45856281376922764,-0.4516174487361376,-0.006945365020233317,PreMarketWait,30
1718908287.0,2.045762,-0.4312478344479599,-0.4488062771282964,0.017558442693357407,PreMarketWait,30
1718908287.25,2.068827,-0.4066645662239449,-0.4467137525978131,0.04004918638708408,PreMarketWait,30
1718908287.5,2.079079,-0.39573772183493144,-0.44535337074403136,0.04961564892254184,PreMarketWait,30
1718908287.75,2.0983,-0.3752514873439805,-0.444729414930986,0.06947792760070448,PreMarketWait,30
1718908288.0,2.088048,-0.386178331732994,-0.44483733086159233,0.058658999142584725,PreMarketWait,30
1718908288.25,2.032948,-0.4449053241085935,-0.4456642967986261,0.0007589727043353714,PreMarketWait,30
1718908288.5,2.057295,-0.4189556674231361,-0.447189972321085,0.02823430491259394,PreMarketWait,30
1718908288.75,2.052169,-0.4244190896176426,-0.4493874024379938,0.024968312835360273,PreMarketWait,30
1718908289.0,2.035511,-0.4421736130113403,-0.4522240482350405,0.010050435239089385,PreMarketWait,30
1718908289.25,2.018852,-0.4599292022306711,-0.4556629103860875,-0.004266291828805105,PreMarketWait,30
1718908289.5,2.004757,-0.474952014527115,-0.4596637081207941,-0.015288306390152624,PreMarketWait,30
1718908289.75,1.993224,-0.4872441815519388,-0.46418407382063204,-0.023060107714757184,PreMarketWait,30
1718908290.0,1.984254,-0.49680463747950937,-0.4691807224675352,-0.02762391499506041,PreMarketWait,30
1718908290.25,1.98041,-0.5009016712125729,-0.4746105557632416,-0.02629111543207853,PreMarketWait,30
1718908290.5,1.975285,-0.5063640275814468,-0.4804316628535598,-0.02593236471032722,PreMarketWait,30
1718908290.75,1.97144,-0.5104621271401433,-0.4866041831230976,-0.023857943999216952,PreMarketWait,30
1718908291.0,1.963752,-0.5186561946062707,-0.49309100129747846,-0.025565193290737687,PreMarketWait,30
1718908291.25,1.954782,-0.5282166505338409,-0.49985825088571695,-0.028358399629891434,PreMarketWait,30
1718908291.5,1.952219,-0.5309483616310944,-0.5068756085810909,-0.02407275303164451,PreMarketWait,30
1718908291.75,1.944531,-0.5391424290972215,-0.5141163693758158,-0.02502605970297526,PreMarketWait,30
1718908292.0,1.941968,-0.5418741401944751,-0.5215572995939791,-0.02031684058205153,PreMarketWait,30
1718908292.25,1.941968,-0.5418741401944751,-0.5291782725693708,-0.012695867606705873,PreMarketWait,30
1718908292.5,1.936842,-0.5473375623889818,-0.5369616990535155,-0.010375863317176062,PreMarketWait,30
1718908292.75,1.935561,-0.5487028850247919,-0.5448917714080792,-0.0038111135985943127,PreMarketWait,30
1718908293.0,1.927872,-0.5568980183165522,-0.5529535470099578,-0.003944471288710894,PreMarketWait,30
1718908293.25,1.924028,-0.5609950520496156,-0.5611319019040691,0.00013684987204128822,PreMarketWait,30
1718908293.5,1.92531,-0.5596286635881725,-0.5694103904444691,0.009781726873534416,PreMarketWait,30
1718908293.75,1.913777,-0.5719208306129963,-0.5777700503752059,0.005849219779052572,PreMarketWait,30
1718908294.0,1.911214,-0.5746525417102498,-0.5861881954622038,0.011535653768367887,PreMarketWait,30
1718908294.25,1.8984,-0.5883100313708837,-0.5946372393759092,0.006327208020987216,PreMarketWait,30
1718908294.5,1.866365,-0.6224537555224687,-0.6030835950546972,-0.019370160452274417,PreMarketWait,30
1718908294.75,1.865083,-0.623820143983912,-0.6114866932914431,-0.012333450677439416,PreMarketWait,30
1718908295.0,1.876616,-0.6115279769590881,-0.619798162830484,0.008270185885963883,PreMarketWait,30
1718908295.25,1.865083,-0.623820143983912,-0.6279612118741558,0.004141067904364732,PreMarketWait,30
1718908295.5,1.8433,-0.6470370237464835,-0.6359102475772723,-0.011126776155516178,PreMarketWait,30
1718908295.75,1.839455,-0.6511351233051799,-0.6435707658239141,-0.007564357467969171,PreMarketWait,30
1718908296.0,1.857395,-0.6320142114500393,-0.650859538295841,0.018845326858731495,PreMarketWait,30
1718908296.25,1.872772,-0.6156250106921517,-0.6576851175283807,0.042060106848826745,MarketGridChoice,30
1718908296.5,1.868928,-0.6197220444252155,-0.6639486732947737,0.04422662888185953,MarketGridChoice,30
1718908296.75,1.867646,-0.6210884328866586,-0.6695451652761585,0.048456732401540345,MarketGridChoice,30
1718908297.0,1.861239,-0.6279171777169755,-0.6743648476347036,0.0464476699295419,MarketGridChoice,30
1718908297.25,1.862521,-0.6265507892555323,-0.6782950909842967,0.05174430174038465,MarketGridChoice,30
1718908297.5,1.853551,-0.6361112451831028,-0.6812224966288805,0.04511125145723576,MarketGridChoice,30
1718908297.75,1.8433,-0.6470370237464835,-0.6830352671809076,0.0359982434457501,MarketGridChoice,30
1718908298.0,1.847144,-0.64293999001342,-0.6836257871981204,0.040685797195922746,MarketGridChoice,30
1718908298.25,1.82536,-0.6661579356016241,-0.6828933577197613,0.016735422129281235,MarketGridChoice,30
1718908298.5,1.806139,-0.6866441700925753,-0.6807470199702689,-0.0058971501112179345,MarketGridChoice,30
1718908298.75,1.785636,-0.7084967930449694,-0.6771083964268021,-0.03138839660711383,MarketGridChoice,30
1718908299.0,1.799732,-0.6934729149228921,-0.6719144722568355,-0.02155844265501909,MarketGridChoice,30
1718908299.25,1.80742,-0.6852788474567649,-0.6651202370717966,-0.02015861037392747,MarketGridChoice,30
1718908299.5,1.859958,-0.6292825003527858,-0.6567011061355857,0.027418605793864605,MarketGridChoice,30
1718908299.75,1.868928,-0.6197220444252155,-0.6466550416059776,0.026932997191871352,MarketGridChoice,30
1718908300.0,1.850988,-0.6388429562803561,-0.6350042979779794,-0.003838658291202241,MarketGridChoice,30
1718908300.25,1.875335,-0.6128932995948985,-0.6217967215382438,0.008903421954604307,MarketGridChoice,30
1718908300.5,1.853551,-0.6361112451831028,-0.6071065412870589,-0.02900470388468284,MarketGridChoice,30
1718908300.75,1.858676,-0.630648888814229,-0.5910345984748491,-0.039614290327900085,MarketGridChoice,30
1718908301.0,1.861239,-0.6279171777169755,-0.5737079737004523,-0.05420920400490983,MarketGridChoice,30
1718908301.25,1.859958,-0.6292825003527858,-0.5552789844543479,-0.07400351588667768,MarketGridChoice,30
1718908301.5,1.859958,-0.6292825003527858,-0.5359235419845969,-0.09335895835627027,MarketGridChoice,30
1718908301.75,1.853551,-0.6361112451831028,-0.5158388742009564,-0.12027237097006088,MarketGridChoice,30
1718908302.0,1.849707,-0.6402082789161664,-0.4952406406424506,-0.14496763826145787,MarketGridChoice,30
1718908302.25,1.867646,-0.6210884328866586,-0.4743594857793501,-0.1467289470948772,MarketGridChoice,30
1718908302.5,1.908651,-0.577384252807503,-0.45343709738944415,-0.12394715540545839,MarketGridChoice,30
1718908302.75,1.963752,-0.5186561946062707,-0.4327218565452808,-0.08593433804822866,MarketGridChoice,30
1718908303.0,2.049606,-0.4271508007148963,-0.41246418381466715,-0.014686616887319232,MarketGridChoice,30
1718908303.25,2.125209,-0.3465711853869024,-0.3929117014573681,0.046340516083509864,MarketGridChoice,30
1718908303.5,2.182873,-0.2851114160884165,-0.3743043425725443,0.08919292649729019,MarketGridChoice,30
1718908303.75,2.225159,-0.24004191337345057,-0.3568695443788566,0.11682763101866919,MarketGridChoice,30
1718908304.0,2.245662,-0.2181892904210567,-0.34081766349672316,0.12262837308901187,MarketGridChoice,30
1718908304.25,2.250787,-0.21272693405218282,-0.32633774608802213,0.11361081204924739,MarketGridChoice,30
1718908304.5,2.252069,-0.21136054559073938,-0.3135937752715401,0.1022332296942513,MarketGridChoice,30
1718908304.75,2.252069,-0.21136054559073938,-0.30272150301693956,0.09136095743967292,MarketGridChoice,30
1718908305.0,2.261039,-0.2018000896631693,-0.2938259546110066,0.09202586496131147,MarketGridChoice,30
1718908305.25,2.267446,-0.19497134483285203,-0.28697967178337164,0.09200832696397453,MarketGridChoice,30
1718908305.5,2.266164,-0.19633773329429544,-0.28222173668166334,0.08588400340078302,MarketGridChoice,30
1718908305.75,2.26232,-0.20043476702735902,-0.27955759406306097,0.07912282704905721,MarketGridChoice,30
1718908306.0,2.248224,-0.21545864514943608,-0.27895966423202334,0.06350101909586388,MarketGridChoice,30
1718908306.25,2.225159,-0.24004191337345057,-0.280368715268347,0.04032680190807759,MarketGridChoice,30
1718908306.5,2.195687,-0.2714539264277824,-0.28369594077741106,0.012242014362700164,MarketGridChoice,30
1718908306.75,2.17134,-0.2974035831132403,-0.28882566951601407,-0.008577913584275714,MarketGridChoice,30
1718908307.0,2.149556,-0.3206215287014445,-0.2956186164661849,-0.025002912222437605,MarketGridChoice,30
1718908307.25,2.125209,-0.3465711853869024,-0.30391557176846806,-0.04265561360574403,MarketGridChoice,30
1718908307.5,2.108551,-0.3643257087806001,-0.3135414147301283,-0.05078429403791161,MarketGridChoice,30
1718908307.75,2.097018,-0.3766178758054239,-0.32430933504204407,-0.05230854075094335,MarketGridChoice,30
1718908308.0,2.072672,-0.4025664666652487,-0.33602514233191466,-0.0665413243210105,MarketGridChoice,30
1718908308.25,2.064983,-0.41076159995700895,-0.348491548048056,-0.06227005189672752,MarketGridChoice,30
1718908308.5,2.058576,-0.41759034478732576,-0.3615123100735906,-0.05607803470158973,MarketGridChoice,30
1718908308.75,2.040636,-0.4367112566424664,-0.37489613998335747,-0.06181511664702238,MarketGridChoice,30
1718908309.0,2.015008,-0.46402623596373466,-0.38846028497552515,-0.07556595097615813,MarketGridChoice,30
1718908309.25,2.002194,-0.4776837256243687,-0.4020337106947509,-0.0756500149175762,MarketGridChoice,30
1718908309.5,1.990662,-0.4899748268235595,-0.4154598268475832,-0.07451499996391775,MarketGridChoice,30
1718908309.75,1.995787,-0.4845124704546856,-0.4285987141069754,-0.055913756335607745,MarketGridChoice,30
1718908310.0,2.008601,-0.47085498079405147,-0.4413288276978571,-0.029526153084021706,MarketGridChoice,30
1718908310.25,2.01629,-0.4626598475022912,-0.4535481696122331,-0.009111677877790478,MarketGridChoice,30
1718908310.5,2.020134,-0.45856281376922764,-0.46517493698814766,0.0066121232313047645,MarketGridChoice,30
1718908310.75,2.027822,-0.45036874630310053,-0.476147668230071,0.025778921939491935,MarketGridChoice,30
1718908311.0,2.022697,-0.4558311026719744,-0.48642492049665753,0.030593817837357703,MarketGridChoice,30
1718908311.25,2.018852,-0.4599292022306711,-0.4959845219439757,0.036055319726145035,MarketGridChoice,30
1718908311.5,2.015008,-0.46402623596373466,-0.5048224494685082,0.04079621351778779,MarketGridChoice,30
1718908311.75,2.000913,-0.4790490482601786,-0.5129513876811314,0.03390233943414379,MarketGridChoice,30
1718908312.0,1.988099,-0.4927065379208127,-0.5203990276230286,0.027692489715582164,MarketGridChoice,30
1718908312.25,1.976566,-0.5049987049456365,-0.5272061645573086,0.022207459625207954,MarketGridChoice,30
1718908312.5,1.968878,-0.5131927724117639,-0.5334246533359661,0.020231880937897614,MarketGridChoice,30
1718908312.75,1.954782,-0.5282166505338409,-0.5391152776643248,0.010898627144324921,MarketGridChoice,30
1718908313.0,1.948375,-0.535045395364158,-0.5443455863613329,0.009300191011144085,MarketGridChoice,30
1718908313.25,1.945812,-0.5377771064614113,-0.5491877457050832,0.011410639257747393,MarketGridChoice,30
1718908313.5,1.940686,-0.5432405286559182,-0.5537164523757451,0.01047592373398306,MarketGridChoice,30
1718908313.75,1.935561,-0.5487028850247919,-0.5580069465367457,0.009304061526163275,MarketGridChoice,30
1718908314.0,1.927872,-0.5568980183165522,-0.5621331593678826,0.005235141065565996,MarketGridChoice,30
1718908314.25,1.926591,-0.5582633409523624,-0.5661660239950793,0.007902683056953269,MarketGridChoice,30
1718908314.5,1.922747,-0.562360374685426,-0.5701719733504095,0.007811598679198579,MarketGridChoice,30
1718908314.75,1.909933,-0.5760178643460598,-0.5742116431328917,-0.0018062211989914277,MarketGridChoice,30
1718908315.0,1.8984,-0.5883100313708837,-0.5783387928059296,-0.009971238550827332,MarketGridChoice,30
1718908315.25,1.893274,-0.5937734535653907,-0.5825994525299832,-0.011174001021335717,MarketGridChoice,30
1718908315.5,1.890712,-0.596504098837011,-0.5870312991406847,-0.009472799682309586,MarketGridChoice,30
1718908315.75,1.893274,-0.5937734535653907,-0.591663259766986,-0.0021101937844389337,MarketGridChoice,30
1718908316.0,1.902244,-0.5842129976378201,-0.5965153374283252,0.012302339804426434,MarketGridChoice,30
1718908316.25,1.912495,-0.5732872190744395,-0.6015986489089531,0.028311429848399274,MarketGridChoice,30
1718908316.5,1.917621,-0.5678237968799328,-0.6069156613262491,0.039091864460176866,MarketGridChoice,30
1718908316.75,1.934279,-0.550069273486235,-0.6124606100592244,0.0623913365868369,MarketGridChoice,30
1718908317.0,1.90737,-0.5787495754433134,-0.6182200771206746,0.03947050169121011,MarketGridChoice,30
1718908317.25,1.830485,-0.6606955792327505,-0.6241737057757935,-0.03652187344309055,MarketGridChoice,30
1718908317.5,1.82536,-0.6661579356016241,-0.6302950244684111,-0.03586291111931065,MarketGridChoice,30
1718908317.75,1.82536,-0.6661579356016241,-0.6365523512131359,-0.029605584374530505,MarketGridChoice,30
1718908318.0,1.82536,-0.6661579356016241,-0.6429097488194598,-0.02324818676813091,MarketGridChoice,30
1718908318.25,1.81639,-0.6757183915291947,-0.6493280017742953,-0.026390389740770327,ForecastPage,30
1718908318.5,1.815109,-0.6770837141650047,-0.6557655872878948,-0.02131812686286555,ForecastPage,30
1718908318.75,1.811264,-0.6811818137237013,-0.6621796157299064,-0.01900219797941643,ForecastPage,30
1718908319.0,1.799732,-0.6934729149228921,-0.6685267192089418,-0.02494619569941975,ForecastPage,30
1718908319.25,1.78948,-0.7043997593119058,-0.6747638711361601,-0.029635888161046623,ForecastPage,30
1718908319.5,1.790762,-0.7030333708504627,-0.6808491240310426,-0.022184246804537483,ForecastPage,30
1718908319.75,1.793325,-0.7003016597532091,-0.6867422573570942,-0.013559402381036593,ForecastPage,30
1718908320.0,1.809983,-0.6825471363595117,-0.6924053316003148,0.009858195256085278,ForecastPage,30
1718908320.25,1.809983,-0.6825471363595117,-0.697803148908185,0.015256012564163677,ForecastPage,30
1718908320.5,1.79845,-0.6948393033843353,-0.7029036241917996,0.008064320823163294,ForecastPage,30
1718908320.75,1.78948,-0.7043997593119058,-0.7076780735055371,0.0032783142095351193,ForecastPage,30
1718908321.0,1.783073,-0.7112285041422229,-0.7121014286782359,0.0008729245521149447,ForecastPage,30
1718908321.25,1.783073,-0.7112285041422229,-0.716152388574591,0.004923884448659974,ForecastPage,30
1718908321.5,1.783073,-0.7112285041422229,-0.7198135180623385,0.008585013936588616,ForecastPage,30
1718908321.75,1.779229,-0.7153255378752864,-0.7230713058105354,0.007745767951893705,ForecastPage,30
1718908322.0,1.777948,-0.7166908605110965,-0.7259161915005098,0.009225331006220385,ForecastPage,30
1718908322.25,1.779229,-0.7153255378752864,-0.7283425719409529,0.013017034082626604,ForecastPage,30
1718908322.5,1.777948,-0.7166908605110965,-0.7303487939934874,0.013657933499494554,ForecastPage,30
1718908322.75,1.777948,-0.7166908605110965,-0.731937140198887,0.01524627970502887,ForecastPage,30
1718908323.0,1.780511,-0.7139591494138433,-0.7331138106263244,0.01915466122984591,ForecastPage,30
1718908323.25,1.784355,-0.7098621156807797,-0.7338889018442405,0.024026786180944087,ForecastPage,30
1718908323.5,1.783073,-0.7112285041422229,-0.7342763811447492,0.023047877020121323,ForecastPage,30
1718908323.75,1.776666,-0.7180572489725398,-0.7342940513765875,0.016236802421748707,ForecastPage,30
1718908324.0,1.776666,-0.7180572489725398,-0.7339634991084879,0.01590625015375128,ForecastPage,30
1718908324.25,1.774103,-0.7207889600697932,-0.7333100165293468,0.012521056477456872,ForecastPage,30
1718908324.5,1.760008,-0.7358117723662374,-0.7323624856786142,-0.0034492866696207783,ForecastPage,30
1718908324.75,1.756164,-0.739908806099301,-0.7311532124707106,-0.008755593610488312,ForecastPage,30
1718908325.0,1.745912,-0.7508356504883147,-0.7297176976898099,-0.02111795278030198,ForecastPage,30
1718908325.25,1.742068,-0.7549326842213783,-0.7280943328050298,-0.026838351398043435,ForecastPage,30
1718908325.5,1.74335,-0.7535662957599351,-0.7263240101522206,-0.027242285589306307,ForecastPage,30
1718908325.75,1.748475,-0.7481039393910612,-0.7244496397359786,-0.023654299636572444,ForecastPage,30
1718908326.0,1.745912,-0.7508356504883147,-0.7225155685360509,-0.02832008193365576,ForecastPage,30
1718908326.25,1.740787,-0.7562980068571883,-0.720566902599828,-0.03573110423866218,ForecastPage,30
1718908326.5,1.733098,-0.7644931401489485,-0.7186487371620132,-0.04584440296815925,ForecastPage,30
1718908326.75,1.74335,-0.7535662957599351,-0.7168053053175005,-0.036760990423596665,ForecastPage,30
1718908327.0,1.747194,-0.7494692620268715,-0.7150790611228568,-0.03439020088513565,ForecastPage,30
1718908327.25,1.790762,-0.7030333708504627,-0.713509718125725,0.010476347294158361,ForecastPage,30
1718908327.5,1.793325,-0.7003016597532091,-0.7121332689029214,0.011831609168598819,ForecastPage,30
1718908327.75,1.788199,-0.7057650819477159,-0.7109810149072506,0.0052159329783833565,ForecastPage,30
1718908328.0,1.793325,-0.7003016597532091,-0.7100786385058163,0.009776978771388795,ForecastPage,30
1718908328.25,1.79845,-0.6948393033843353,-0.709445350358026,0.014606046992376293,ForecastPage,30
1718908328.5,1.79845,-0.6948393033843353,-0.7090931451590928,0.014253841793318806,ForecastPage,30
1718908328.75,1.799732,-0.6934729149228921,-0.7090261972827699,0.015553282378287885,ForecastPage,30
1718908329.0,1.806139,-0.6866441700925753,-0.7092404250657067,0.022596254991366034,ForecastPage,30
1718908329.25,1.811264,-0.6811818137237013,-0.70972324848366,0.028541434777997587,ForecastPage,30
1718908329.5,1.813827,-0.6784501026264479,-0.7104535598967806,0.0320034572881615,ForecastPage,30
1718908329.75,1.813827,-0.6784501026264479,-0.7114019215314699,0.032951818922631985,ForecastPage,30
1718908330.0,1.804857,-0.6880105585540185,-0.7125309965942938,0.024520438057663636,ForecastPage,30
1718908330.25,1.79845,-0.6948393033843353,-0.7137962135889672,0.0189569102218021,ForecastPage,30
1718908330.5,1.803576,-0.6893758811898285,-0.7151466557729255,0.025770774600058083,ForecastPage,30
1718908330.75,1.806139,-0.6866441700925753,-0.7165261600065,0.029881989930691143,ForecastPage,30
1718908331.0,1.802294,-0.6907422696512717,-0.7178746017754666,0.027132332140786412,ForecastPage,30
1718908331.25,1.799732,-0.6934729149228921,-0.7191293361545273,0.02565642124807663,ForecastPage,30
1718908331.5,1.801013,-0.6921075922870821,-0.7202267581633641,0.02811916589260195,ForecastPage,30
1718908331.75,1.802294,-0.6907422696512717,-0.7211039405875425,0.03036167095250046,ForecastPage,30
1718908332.0,1.799732,-0.6934729149228921,-0.7217003031404193,0.028227388233698837,ForecastPage,30
1718908332.25,1.748475,-0.7481039393910612,-0.7219592640820249,-0.026144675292891134,ForecastPage,30
1718908332.5,1.720284,-0.7781506298095827,-0.7218298243385041,-0.05632080545493032,ForecastPage,30
1718908332.75,1.713877,-0.7849793746398995,-0.7212680350118584,-0.06371133961186264,ForecastPage,30
1718908333.0,1.70747,-0.7918081194702166,-0.7202383020960539,-0.07156981735793053,ForecastPage,30
1718908333.25,1.702345,-0.7972704758390905,-0.7187144872440032,-0.07855598857878193,ForecastPage,30
1718908333.5,1.70747,-0.7918081194702166,-0.7166807703870959,-0.07512734906672697,ForecastPage,30
1718908333.75,1.722847,-0.7754189187123292,-0.7141322485215825,-0.06128667017425371,ForecastPage,30
1718908334.0,1.727973,-0.7699554965178225,-0.7110752545161362,-0.058880241985086984,ForecastPage,30
1718908334.25,1.786918,-0.7071304045835263,-0.707527389743314,0.00039698517649706944,ForecastPage,30
1718908334.5,1.833048,-0.657963868135497,-0.7035172740474059,0.04555340592872838,ForecastPage,30
1718908334.75,1.818953,-0.6729866804319412,-0.6990840254222915,0.026097345007276795,ForecastPage,30
1718908335.0,1.82536,-0.6661579356016241,-0.6942764892881912,0.02811855370359554,ForecastPage,30
1718908335.25,1.848425,-0.6415746673776096,-0.6891522431157665,0.047577575755280335,ForecastPage,30
1718908335.5,1.908651,-0.577384252807503,-0.6837764062650035,0.1063921534747101,ForecastPage,30
1718908335.75,1.8433,-0.6470370237464835,-0.678220287403222,0.031183263674024263,ForecastPage,30
1718908336.0,1.821516,-0.6702549693346879,-0.6725599030109708,0.0023049336936314946,ForecastPage,30
1718908336.25,1.797169,-0.6962046260201455,-0.6668744006553301,-0.029330225347420344,ForecastPage,30
1718908336.5,1.795887,-0.6975710144815888,-0.6612444203529076,-0.03632659411125869,ForecastPage,30
1718908336.75,1.792043,-0.7016680482146523,-0.6557504268871404,-0.04591762131008366,ForecastPage,30
1718908337.0,1.783073,-0.7112285041422229,-0.6504710456808352,-0.060757458443977244,ForecastPage,30
1718908337.25,1.815109,-0.6770837141650047,-0.6454814348383221,-0.03160227930931602,ForecastPage,30
1718908337.5,1.859958,-0.6292825003527858,-0.6408517261340657,0.011569225798576065,ForecastPage,30
1718908337.75,1.867646,-0.6210884328866586,-0.6366455677557795,0.015557134886320493,ForecastPage,30
1718908338.0,1.872772,-0.6156250106921517,-0.6329188011630468,0.017293790487973533,ForecastPage,30
1718908338.25,1.866365,-0.6224537555224687,-0.6297183031786081,0.007264547673074455,ForecastPage,30
1718908338.5,1.877898,-0.6101615884976449,-0.627081022179159,0.016919433698285975,ForecastPage,30
1718908338.75,1.895837,-0.5910417424681371,-0.6250332339264607,0.03399149147491608,ForecastPage,30
1718908339.0,1.894556,-0.5924070651039475,-0.6235900382230584,0.031182973135511115,ForecastPage,30
1718908339.25,1.888149,-0.5992358099342643,-0.6227551123025724,0.023519302384507407,ForecastPage,30
1718908339.5,1.886867,-0.6006021983957075,-0.6225207308252584,0.021918532445543856,ForecastPage,30
1718908339.75,1.883023,-0.6046992321287713,-0.6228680557351429,0.018168823622154835,ForecastPage,30
1718908340.0,1.881742,-0.6060645547645813,-0.6237676922688531,0.01770313751984356,ForecastPage,30
1718908340.25,1.88046,-0.6074309432260245,-0.6251805003264163,0.01774955711575289,ForecastPage,30
1718908340.5,1.876616,-0.6115279769590881,-0.6270586434503654,0.015530666506431522,ForecastPage,30
1718908340.75,1.874053,-0.6142596880563416,-0.6293468510194781,0.015087162978091134,ForecastPage,30
1718908341.0,1.872772,-0.6156250106921517,-0.6319838631341071,0.01635885245672175,ForecastPage,30
1718908341.25,1.865083,-0.623820143983912,-0.6349040222223014,0.011083878252981625,ForecastPage,30
1718908341.5,1.856114,-0.6333795340858493,-0.6380389707897534,0.0046594367183398645,ForecastPage,30
1718908341.75,1.853551,-0.6361112451831028,-0.6413194111225426,0.005208165953739541,ForecastPage,30
1718908342.0,1.839455,-0.6511351233051799,-0.6446768802683631,-0.0064582430226306844,ForecastPage,30
1718908342.25,1.844581,-0.6456717011106732,-0.6480454923898524,0.0023737912932765386,ForecastPage,30
1718908342.5,1.839455,-0.6511351233051799,-0.651363600696402,0.00022847740525930652,ForecastPage,30
1718908342.75,1.806139,-0.6866441700925753,-0.6545753326796157,-0.03206883739894997,ForecastPage,30
1718908343.0,1.793325,-0.7003016597532091,-0.6576319553306527,-0.0426697044085397,ForecastPage,30
1718908343.25,1.776666,-0.7180572489725398,-0.6604930313986757,-0.05756421755980553,ForecastPage,30
1718908343.5,1.776666,-0.7180572489725398,-0.6631273335024829,-0.054929915455923344,ForecastPage,30
1718908343.75,1.784355,-0.7098621156807797,-0.6655134898956893,-0.04434862577085197,ForecastPage,30
1718908344.0,1.790762,-0.7030333708504627,-0.6676403436651969,-0.03539302717089516,ForecastPage,30
1718908344.25,1.79845,-0.6948393033843353,-0.6695070157624641,-0.025332287607343955,ForecastPage,30
1718908344.5,1.806139,-0.6866441700925753,-0.6711226711078087,-0.01552149897006164,ForecastPage,30
1718908344.75,1.839455,-0.6511351233051799,-0.672505995638229,0.021370872347949724,ForecastPage,30
1718908345.0,1.848425,-0.6415746673776096,-0.6736844001989424,0.03210973283644325,ForecastPage,30
1718908345.25,1.844581,-0.6456717011106732,-0.6746929743003838,0.02902127320504062,ForecastPage,30
1718908345.5,1.827923,-0.6634262245043708,-0.6755732187827288,0.01214699429391275,ForecastPage,30
1718908345.75,1.811264,-0.6811818137237013,-0.6763715912915065,-0.0048102224164142116,ForecastPage,30
1718908346.0,1.804857,-0.6880105585540185,-0.67713790224083,-0.010872656297183834,ForecastPage,30
1718908346.25,1.80742,-0.6852788474567649,-0.6779236017746816,-0.007355245665858649,ForecastPage,30
1718908346.5,1.804857,-0.6880105585540185,-0.6787800002868682,-0.00923055825071159,ForecastPage,30
1718908346.75,1.802294,-0.6907422696512717,-0.6797564664273602,-0.010985803207267678,ForecastPage,30
1718908347.0,1.793325,-0.7003016597532091,-0.6808986472318405,-0.01940301250453233,ForecastPage,30
1718908347.25,1.792043,-0.7016680482146523,-0.6822467550259389,-0.019421293171701947,ForecastPage,30
1718908347.5,1.835611,-0.6552321570382434,-0.6838339650015663,0.028601807980487608,ForecastPage,30
1718908347.75,1.83433,-0.6565974796740538,-0.6856849657448758,0.029087486088113464,ForecastPage,30
1718908348.0,1.830485,-0.6606955792327505,-0.6878147024141454,0.02711912319878288,ForecastPage,30
1718908348.25,1.821516,-0.6702549693346879,-0.6902273486502394,0.019972379333002877,ForecastPage,30
1718908348.5,1.801013,-0.6921075922870821,-0.6929155386534523,0.0008079463838510902,ForecastPage,30
1718908348.75,1.803576,-0.6893758811898285,-0.695859885274045,0.006484004101693405,ForecastPage,30
1718908349.0,1.811264,-0.6811818137237013,-0.6990288036057838,0.017846989899524296,ForecastPage,30
1718908349.25,1.815109,-0.6770837141650047,-0.7023786526253972,0.025294938477772075,ForecastPage,30
1718908349.5,1.806139,-0.6866441700925753,-0.7058542000439003,0.019210029968619216,ForecastPage,30
1718908349.75,1.802294,-0.6907422696512717,-0.7093894078565955,0.018647138222513748,ForecastPage,30
1718908350.0,1.801013,-0.6921075922870821,-0.7129085282211651,0.020800935951153038,ForecastPage,30
1718908350.25,1.79845,-0.6948393033843353,-0.7163274914020503,0.02148818803465183,MarketWaitPage,30
1718908350.5,1.792043,-0.7016680482146523,-0.7195555597638756,0.01788751156601555,MarketWaitPage,30
1718908350.75,1.795887,-0.6975710144815888,-0.7224972143611514,0.02492619989620041,MarketWaitPage,30
1718908351.0,1.78948,-0.7043997593119058,-0.725054233744218,0.02065447444878679,MarketWaitPage,30
1718908351.25,1.792043,-0.7016680482146523,-0.7271279183720055,0.02545987017365734,MarketWaitPage,30
1718908351.5,1.772822,-0.7221542827056036,-0.7286214086829764,0.006467125993500205,MarketWaitPage,30
1718908351.75,1.770259,-0.7248859938028568,-0.7294420406226148,0.004556046835702824,MarketWaitPage,30
1718908352.0,1.763852,-0.7317147386331738,-0.7295036794549064,-0.0022110591625095037,MarketWaitPage,30
1718908352.25,1.754882,-0.7412751945607441,-0.7287289711794085,-0.012546223365768147,MarketWaitPage,30
1718908352.5,1.745912,-0.7508356504883147,-0.7270514509846272,-0.02378419948831254,MarketWaitPage,30
1718908352.75,1.736943,-0.7603950405902521,-0.7244174499894181,-0.0359775905856515,MarketWaitPage,30
1718908353.0,1.757445,-0.7385434834634909,-0.7207877450874567,-0.017755738361041575,MarketWaitPage,30
1718908353.25,1.794606,-0.6989363371173991,-0.7161389019724903,0.017202564869900495,MarketWaitPage,30
1718908353.5,1.753601,-0.7426405171965544,-0.7104642682702843,-0.032176248911633766,MarketWaitPage,30
1718908353.75,1.766415,-0.7289830275359204,-0.7037745819740892,-0.02520844554735502,MarketWaitPage,30
1718908354.0,1.744631,-0.7522009731241248,-0.6960981699005728,-0.056102803209221105,MarketWaitPage,30
1718908354.25,1.758727,-0.7371770950020478,-0.6874807214932848,-0.049696373494561526,MarketWaitPage,30
1718908354.5,1.774103,-0.7207889600697932,-0.6779846348389911,-0.04280432521671401,MarketWaitPage,30
1718908354.75,1.776666,-0.7180572489725398,-0.6676879440167842,-0.05036930494176598,MarketWaitPage,30
1718908355.0,1.783073,-0.7112285041422229,-0.6566828495748307,-0.05454565455348883,MarketWaitPage,30
1718908355.25,1.785636,-0.7084967930449694,-0.6450738866495361,-0.06342290638160607,MarketWaitPage,30
1718908355.5,1.784355,-0.7098621156807797,-0.6329757775799127,-0.07688633808710867,MarketWaitPage,30
1718908355.75,1.801013,-0.6921075922870821,-0.6205110273682489,-0.07159656490513959,MarketWaitPage,30
1718908356.0,1.82536,-0.6661579356016241,-0.6078073305067545,-0.05835060508124031,MarketWaitPage,30
1718908356.25,1.87149,-0.6169913991535948,-0.5949948659939391,-0.021996533146093525,MarketWaitPage,30
1718908356.5,1.932998,-0.5514345961220454,-0.5822035632250405,0.03076896711648487,MarketWaitPage,30
1718908356.75,1.984254,-0.49680463747950937,-0.5695604242686242,0.07275578680252578,MarketWaitPage,30
1718908357.0,2.043199,-0.4339795455452131,-0.5571869873127026,0.12320744178081405,MarketWaitPage,30
1718908357.25,2.081641,-0.39300707656331124,-0.5451970114256772,0.15218993487559682,MarketWaitPage,30
1718908357.5,2.063702,-0.4121269225928188,-0.5336944541557478,0.12156753157605879,MarketWaitPage,30
1718908357.75,2.068827,-0.4066645662239449,-0.522771801163571,0.11610723495264781,MarketWaitPage,30
1718908358.0,2.047043,-0.4298825118121496,-0.5125087916813359,0.08262627988209298,MarketWaitPage,30
1718908358.25,2.058576,-0.41759034478732576,-0.5029715660383675,0.08538122126382494,MarketWaitPage,30
1718908358.5,2.081641,-0.39300707656331124,-0.49421224286646037,0.10120516631579818,MarketWaitPage,30
1718908358.75,2.054732,-0.42168737852038934,-0.48626891499282376,0.06458153648493531,MarketWaitPage,30
1718908359.0,2.022697,-0.4558311026719744,-0.47916603546744335,0.023334932807805533,MarketWaitPage,30
1718908359.25,1.993224,-0.4872441815519388,-0.4729151495769715,-0.014329031962812808,RoundResultsPage,30
1718908359.5,1.966315,-0.5159244835090171,-0.4675159158874087,-0.04840856760965393,RoundResultsPage,30
1718908359.75,1.950938,-0.5323136842669045,-0.4629573500175755,-0.06935633423759122,RoundResultsPage,30
1718908360.0,1.932998,-0.5514345961220454,-0.45921921945779154,-0.09221537665274658,RoundResultsPage,30
1718908360.25,1.920184,-0.5650920857826794,-0.45627351652662207,-0.10881856924479148,RoundResultsPage,30
1718908360.5,1.903526,-0.582846609176377,-0.45408593941801223,-0.1287606697473484,RoundResultsPage,30
1718908360.75,1.90737,-0.5787495754433134,-0.45261731786378157,-0.1261322575687701,RoundResultsPage,30
1718908361.0,1.91634,-0.569189119515743,-0.4518249296099889,-0.11736418989524906,RoundResultsPage,30
1718908361.25,1.991943,-0.4886095041877491,-0.4516636658673551,-0.03694583831014411,RoundResultsPage,30
1718908361.5,2.020134,-0.45856281376922764,-0.452087017186279,-0.0064757965729493605,RoundResultsPage,30
1718908361.75,2.011164,-0.4681232696967982,-0.45304786480220166,-0.015075404884840396,RoundResultsPage,30
1718908362.0,2.026541,-0.4517340689389108,-0.4544990754281057,0.0027650064987170125,RoundResultsPage,30
1718908362.25,2.058576,-0.41759034478732576,-0.45639390894870474,0.03880356417067819,RoundResultsPage,30
1718908362.5,2.063702,-0.4121269225928188,-0.45868625796044926,0.04655933537672075,RoundResultsPage,30
1718908362.75,2.044481,-0.43261315708376974,-0.46133074531893753,0.028717588244067033,RoundResultsPage,30
1718908363.0,2.043199,-0.4339795455452131,-0.46428271072215066,0.03030316518566794,RoundResultsPage,30
1718908363.25,2.032948,-0.4449053241085935,-0.4674981199574973,0.022592795857490997,RoundResultsPage,30
1718908363.5,2.040636,-0.4367112566424664,-0.47093343097917634,0.03422217434518242,RoundResultsPage,30
1718908363.75,2.039355,-0.4380765792782767,-0.47454544973786766,0.03646887046797904,RoundResultsPage,30
1718908364.0,2.018852,-0.4599292022306711,-0.47829120595477254,0.018362003732435912,RoundResultsPage,30
1718908364.25,2.022697,-0.4558311026719744,-0.4821278751056878,0.026296772442024857,RoundResultsPage,30
1718908364.5,2.017571,-0.46129452486648137,-0.48601276803768706,0.024718243179524327,RoundResultsPage,30
1718908364.75,2.008601,-0.47085498079405147,-0.4899034041556326,0.019048423369936694,RoundResultsPage,30
1718908365.0,2.004757,-0.474952014527115,-0.4937576782536179,0.018805663734925766,RoundResultsPage,30
1718908365.25,1.995787,-0.4845124704546856,-0.49753412507632216,0.013021654630157371,RoundResultsPage,30
1718908365.5,1.990662,-0.4899748268235595,-0.501192279806148,0.011217452991237747,RoundResultsPage,30
1718908365.75,1.985536,-0.4954382490180662,-0.5046931270929216,0.0092548780836622,RoundResultsPage,30
1718908366.0,1.976566,-0.5049987049456365,-0.5079996261606026,0.0030009212239577136,RoundResultsPage,30
1718908366.25,1.965033,-0.5172908719704603,-0.5110772951006098,-0.00621357686064938,RoundResultsPage,30
1718908366.5,1.96247,-0.5200225830677138,-0.5138948338256877,-0.006127749232593767,RoundResultsPage,30
1718908366.75,1.959908,-0.5227532283393342,-0.5164247624111412,-0.006328465918511049,RoundResultsPage,30
1718908367.0,1.950938,-0.5323136842669045,-0.5186440497541493,-0.013669634502808843,RoundResultsPage,30
1718908367.25,1.952219,-0.5309483616310944,-0.5205347066582957,-0.010413654962576993,RoundResultsPage,30
1718908367.5,1.954782,-0.5282166505338409,-0.5220843175817372,-0.006132332941599119,RoundResultsPage,30
1718908367.75,1.953501,-0.5295819731696513,-0.523286486323832,-0.006295486835027312,RoundResultsPage,30
1718908368.0,1.943249,-0.5405088175586648,-0.5241411727948884,-0.016367644752695296,RoundResultsPage,30
1718908368.25,1.940686,-0.5432405286559182,-0.5246549006336687,-0.018585628010880546,RoundResultsPage,30
1718908368.5,1.939405,-0.5446058512917283,-0.5248408187200868,-0.019765032559989876,RoundResultsPage,30
1718908368.75,1.945812,-0.5377771064614113,-0.5247186034844888,-0.013058502964997266,RoundResultsPage,30
1718908369.0,1.947094,-0.5364107179999681,-0.524314193235087,-0.012096524752695641,RoundResultsPage,30
1718908369.25,1.941968,-0.5418741401944751,-0.5236593503857423,-0.018214789796303282,RoundResultsPage,30
1718908369.5,1.967596,-0.5145591608732071,-0.5227910523241904,0.008231891463637384,RoundResultsPage,30
1718908369.75,1.941968,-0.5418741401944751,-0.5217507165686849,-0.020123423612934895,RoundResultsPage,30
1718908370.0,1.968878,-0.5131927724117639,-0.5205832706819126,0.007390498283178009,RoundResultsPage,30
1718908370.25,1.96247,-0.5200225830677138,-0.5193360820278674,-0.0006865010266740546,RoundResultsPage,30
1718908370.5,1.965033,-0.5172908719704603,-0.5180577667776223,0.0007668948204435004,RoundResultsPage,30
1718908370.75,1.96247,-0.5200225830677138,-0.5167969015264181,-0.0032256815279401146,RoundResultsPage,30
1718908371.0,1.968878,-0.5131927724117639,-0.5156006644338924,0.0024078920355215944,RoundResultsPage,30
1718908371.25,1.947094,-0.5364107179999681,-0.5145134359185902,-0.021897282067984244,RiskPage1,30
1718908371.5,1.949656,-0.5336800727283477,-0.5135753916160445,-0.020104681098945868,RiskPage1,30
1718908371.75,1.950938,-0.5323136842669045,-0.512821122533009,-0.019492561720610355,RiskPage1,30
1718908372.0,1.953501,-0.5295819731696513,-0.5122783190639226,-0.017303654092549914,RiskPage1,30
1718908372.25,1.947094,-0.5364107179999681,-0.5119665567060678,-0.024444161280858284,RiskPage1,30
1718908372.5,1.941968,-0.5418741401944751,-0.5118962217988402,-0.02997791838275512,RiskPage1,30
1718908372.75,1.952219,-0.5309483616310944,-0.5120676152641407,-0.018880746354256652,RiskPage1,30
1718908373.0,1.974003,-0.50773041604289,-0.5124702709587696,0.0047398549283775675,RiskPage1,30
1718908373.25,2.009882,-0.4694896581582411,-0.5130825226714637,0.0435928645255084,RiskPage1,30
1718908373.5,2.030385,-0.44763703520584724,-0.5138713498145174,0.06623431462073241,RiskPage1,30
1718908373.75,2.017571,-0.46129452486648137,-0.5147925263215843,0.053498001466932066,RiskPage1,30
1718908374.0,2.021415,-0.45719749113341734,-0.5157910901220374,0.05859359900020731,RiskPage1,30
1718908374.25,2.012445,-0.4667579470609879,-0.5168021419320081,0.05004419488235792,RiskPage1,30
1718908374.5,1.994506,-0.4858777930904959,-0.5177519722710417,0.03187417919162773,RiskPage1,30
1718908374.75,1.984254,-0.49680463747950937,-0.5185595050014651,0.021754867532778343,RiskPage1,30
1718908375.0,1.993224,-0.4872441815519388,-0.5191380347746997,0.03189385323332467,RiskPage1,30
1718908375.25,1.993224,-0.4872441815519388,-0.5193972250253197,0.03215304348369076,RiskPage1,30
1718908375.5,1.995787,-0.4845124704546856,-0.5192453229976748,0.03473285255305542,RiskPage1,30
1718908375.75,2.000913,-0.4790490482601786,-0.5185915390761643,0.03954249082582447,RiskPage1,30
1718908376.0,1.997069,-0.4831460819932424,-0.5173485297284292,0.03420244774481901,RiskPage1,30
1718908376.25,1.974003,-0.50773041604289,-0.5154349169559465,0.007704500922506458,RiskPage2,30
1718908376.5,1.947094,-0.5364107179999681,-0.512777772579956,-0.02363294541071747,RiskPage2,30
1718908376.75,1.932998,-0.5514345961220454,-0.5093149932745855,-0.042119602838292705,RiskPage2,30
1718908377.0,1.931717,-0.5527999187578557,-0.5049974922612953,-0.04780242648749291,RiskPage2,30
1718908377.25,1.943249,-0.5405088175586648,-0.49979113617479676,-0.04071768137487427,RiskPage2,30
1718908377.5,1.97144,-0.5104621271401433,-0.4936783608295211,-0.0167837663016788,RiskPage2,30
1718908377.75,1.900963,-0.5855783202736304,-0.4866594073230153,-0.09891891294170235,RiskPage2,30
1718908378.0,1.922747,-0.562360374685426,-0.47875312983995366,-0.08360724483657497,RiskPage2,30
1718908378.25,1.98041,-0.5009016712125729,-0.46999733831329904,-0.030904332890381497,RiskPage2,30
1718908378.5,2.030385,-0.44763703520584724,-0.46044865234034926,0.012811617143394557,RiskPage2,30
1718908378.75,2.026541,-0.4517340689389108,-0.450181856960411,-0.0015522119696064832,RiskPage2,30
1718908379.0,1.999631,-0.480415436721622,-0.4392887655609131,-0.041126671151818166,RiskPage2,30
1718908379.25,1.995787,-0.4845124704546856,-0.42787660981858006,-0.05663586062722338,RiskPage2,30
1718908379.5,1.982973,-0.49816996011531944,-0.41606599085155294,-0.08210396925490027,RiskPage2,30
1718908379.75,1.981692,-0.49953528275112974,-0.403988439413835,-0.09554684332845283,RiskPage2,30
1718908380.0,1.997069,-0.4831460819932424,-0.3917836457649044,-0.09136243621952905,RiskPage2,30
1718908380.25,2.072672,-0.4025664666652487,-0.37959643144414396,-0.022970035212336377,RiskPage2,30
1718908380.5,2.113677,-0.3588622865860931,-0.36757354506179585,0.008711258484424625,RiskPage2,30
1718908380.75,2.140586,-0.33018198462901505,-0.3558603717523727,0.02567838713202858,RiskPage2,30
1718908381.0,2.181591,-0.28647780454985944,-0.34459765047369995,0.05811984593245774,RiskPage2,30
1718908381.25,2.218752,-0.24687065820376786,-0.33391829434754905,0.08704763615234312,RiskPage3,30
1718908381.5,2.249506,-0.21409225668799312,-0.32394440643226485,0.10985214975277711,RiskPage3,30
1718908381.75,2.273853,-0.18814260000253522,-0.3147845766824065,0.12664197668831814,RiskPage3,30
1718908382.0,2.272571,-0.18950898846397815,-0.30653153565299057,0.11702254719739678,RiskPage3,30
1718908382.25,2.254632,-0.20862883449348615,-0.2992602272703296,0.09063139278515855,RiskPage3,30
1718908382.5,2.239255,-0.2250180352513735,-0.2930263474634496,0.06800831222031214,RiskPage3,30
1718908382.75,2.218752,-0.24687065820376786,-0.28786537853762145,0.040994720341997706,RiskPage3,30
1718908383.0,2.190561,-0.2769173486222889,-0.28379213185230756,0.006874783238054766,RiskPage3,30
1718908383.25,2.176466,-0.2919401609187333,-0.28080079457780677,-0.011139366333017015,RiskPage3,30
1718908383.5,2.164933,-0.3042323279435571,-0.2788654608490429,-0.025366867086751815,RiskPage3,30
1718908383.75,2.16237,-0.3069640390408104,-0.2779411141106941,-0.029022924922522227,RiskPage3,30
1718908384.0,2.175184,-0.29330654938017675,-0.2779650162270805,-0.01534153314569094,RiskPage3,30
1718908384.25,2.168777,-0.30013529421049356,-0.27885845016801997,-0.0212768440352752,RiskPage3,30
1718908384.5,2.152119,-0.3178898176041912,-0.2805287567589918,-0.03736106083822284,RiskPage3,30
1718908384.75,2.173903,-0.29467187201598655,-0.2828716019675775,-0.01180027004166534,RiskPage3,30
1718908385.0,2.172621,-0.29603826047743,-0.285773409298883,-0.010264851172042386,RiskPage3,30
1718908385.25,2.148275,-0.3219868513372548,-0.2891138918806708,-0.032872959450320295,RiskPage3,30
1718908385.5,2.145712,-0.32471856243450803,-0.29276862052093316,-0.03194994190754965,RiskPage3,30
1718908385.75,2.131616,-0.3397424405565851,-0.29661156720834336,-0.043130873342448285,RiskPage3,30
1718908386.0,2.134179,-0.33701072945933186,-0.3005175679953442,-0.036493161458415316,RiskPage3,30
1718908386.25,2.143149,-0.3274502735317613,-0.30436465473801166,-0.023085618788384804,RiskPage3,30
1718908386.5,2.14443,-0.32608495089595146,-0.30803621151518434,-0.01804873937559475,RiskPage3,30
1718908386.75,2.148275,-0.3219868513372548,-0.31142291842194714,-0.010563932910311685,RiskPage3,30
1718908387.0,2.149556,-0.3206215287014445,-0.31442445252401086,-0.006197076172598015,RiskPage3,30
1718908387.25,2.152119,-0.3178898176041912,-0.31695092278507897,-0.0009388948144206308,RiskPage4,30
1718908387.5,2.175184,-0.29330654938017675,-0.3189240225041531,0.025617473128540375,RiskPage4,30
1718908387.75,2.186717,-0.2810143823553529,-0.3202778890527016,0.03926350670180159,RiskPage4,30
1718908388.0,2.18031,-0.28784312718566973,-0.32095966638092893,0.0331165391996171,RiskPage4,30
1718908388.25,2.166214,-0.3028670053077468,-0.32092977084615654,0.01806276554268747,RiskPage4,30
1718908388.5,2.164933,-0.3042323279435571,-0.3201618654765187,0.015929537537172248,RiskPage4,30
1718908388.75,2.158526,-0.31106107277387396,-0.3186425519842072,0.007581479214486882,RiskPage4,30
1718908389.0,2.146993,-0.32335323979869773,-0.3163707939092448,-0.006982445885349603,RiskPage4,30
1718908389.25,2.135461,-0.3356443409978889,-0.3133570884397465,-0.022287252554086104,RiskPage4,30
1718908389.5,2.126491,-0.34520479692545897,-0.30962240890962833,-0.03558238801182134,RiskPage4,30
1718908389.75,2.117521,-0.35476525285302957,-0.30519694483962617,-0.04956830800944342,RiskPage4,30
1718908390.0,2.111114,-0.3615939976833464,-0.3001186716899456,-0.06147532598949443,RiskPage4,30
1718908390.25,2.102144,-0.3711544536109169,-0.2944317881513195,-0.0767226654557504,RiskPage4,30
1718908390.5,2.100863,-0.3725197762467272,-0.28818506461258353,-0.08433471163036213,RiskPage4,30
1718908390.75,2.099581,-0.37388616470817015,-0.2814301520775932,-0.09245601262686716,RiskPage4,30
1718908391.0,2.129054,-0.34247308582820574,-0.27421990580870614,-0.06825318001586693,RiskPage4,30
1718908391.25,2.179029,-0.2892084498214801,-0.26660678177985875,-0.02260166803806942,RiskPage4,30
1718908391.5,2.246943,-0.21682396778524637,-0.2586413659723013,0.041817398190525094,RiskPage4,30
1718908391.75,2.305888,-0.15399887585095015,-0.25037109595238455,0.09637222010482502,RiskPage4,30
1718908392.0,2.350737,-0.10619766203873097,-0.2418392304173207,0.13564156838190666,RiskPage4,30
1718908392.25,2.373802,-0.08161439381471647,-0.2330841150737217,0.15146972126225794,FinalResultsPage,30
1718908392.5,2.385335,-0.06932222678989267,-0.2241387822554104,0.15481655546871848,FinalResultsPage,30
1718908392.75,2.380209,-0.07478564898439964,-0.2150309074337501,0.14024525845251348,FinalResultsPage,30
1718908393.0,2.364833,-0.09117378391665391,-0.205783128967837,0.11460934505432388,FinalResultsPage,30
1718908393.25,2.337923,-0.11985515169936509,-0.19641371913693484,0.07655856744070436,FinalResultsPage,30
1718908393.5,2.319983,-0.13897606355450573,-0.18693757592535634,0.04796151237399446,FinalResultsPage,30
1718908393.75,2.291792,-0.1690227539730272,-0.1773674874575626,0.008344733487702344,FinalResultsPage,30
1718908394.0,2.259757,-0.20316647812461225,-0.16771560558098644,-0.03545087254042431,FinalResultsPage,30
1718908394.25,2.254632,-0.20862883449348615,-0.15799505284132195,-0.0506337816489199,FinalResultsPage,30
1718908394.5,2.257194,-0.2058981892218655,-0.1482215786983322,-0.057676610520241194,FinalResultsPage,30
1718908394.75,2.263601,-0.1990694443915487,-0.1384151766953962,-0.060654267692810425,FinalResultsPage,30
1718908395.0,2.278978,-0.1826802436336613,-0.1286015745260591,-0.0540786691042104,FinalResultsPage,30
1718908395.25,2.286667,-0.1744851103419011,-0.11881351337554241,-0.05567159696291928,FinalResultsPage,30
1718908395.5,2.284104,-0.17721682143915435,-0.10909174120248717,-0.06812508023318391,FinalResultsPage,30
1718908395.75,2.278978,-0.1826802436336613,-0.0994856563013035,-0.0831945873288358,FinalResultsPage,30
1718908396.0,2.277697,-0.18404556626947163,-0.09005355202904729,-0.09399201423687017,FinalResultsPage,30
1718908396.25,2.28026,-0.1813138551722179,-0.08086243044061145,-0.10045142472802797,FinalResultsPage,30
1718908396.5,2.28026,-0.1813138551722179,-0.0719873711556543,-0.10932648401296949,FinalResultsPage,30
1718908396.75,2.285385,-0.17585149880334403,-0.0635104614129185,-0.11234103738682495,FinalResultsPage,30
1718908397.0,2.290511,-0.1703880766088375,-0.05551931319572608,-0.11486876340951337,FinalResultsPage,30
1718908397.25,2.31742,-0.14170777465175943,-0.04810521268906383,-0.09360256195910813,FinalResultsPage,30
1718908397.5,2.37124,-0.0843450390863371,-0.04136096523027251,-0.04298407385249427,FinalResultsPage,30
1718908397.75,2.436591,-0.014692268147356672,-0.03537851437188065,0.0206862462280729,FinalResultsPage,30
1718908398.0,2.478666,0.030152345359056393,-0.03024642572499381,0.06039877108757624,FinalResultsPage,30
1718908398.25,2.527359,0.08205059290433914,-0.026047334034487526,0.10809792694233122,FinalResultsPage,30
1718908398.5,2.565802,0.12302412771187411,-0.022855454816623735,0.14587958253198502,FinalResultsPage,30
1718908398.75,2.58246,0.1407786511055718,-0.02073425956982078,0.16151291067886853,FinalResultsPage,30
1718908399.0,2.574772,0.1325845836394442,-0.019734406164478118,0.15231898980739456,FinalResultsPage,30
1718908399.25,2.545299,0.10117150475947975,-0.019892004057233473,0.1210635088201899,FinalResultsPage,30
1718908399.5,2.515827,0.06975949170514796,-0.021227278348554472,0.09098677005719183,FinalResultsPage,30
1718908399.75,2.481229,0.032884056456309645,-0.023743678556371904,0.056627735016191505,FinalResultsPage,30
1718908400.0,2.454319,0.004202688673598473,-0.027427458574277884,0.031630147251413984,FinalResultsPage,30
1718908400.25,2.424847,-0.027209324380732855,-0.03224773484691983,0.0050384104697586,FinalResultsPage,30
1718908400.5,2.403063,-0.050427269968937524,-0.038157011393796104,-0.012270258571530565,FinalResultsPage,30
1718908400.75,2.385123,-0.06954818182407815,-0.0450921437774461,-0.024456038042977586,FinalResultsPage,30
1718908401.0,2.373591,-0.08183928302326933,-0.05297570001685256,-0.02886358300271488,FinalResultsPage,30
1718908401.25,2.368465,-0.08730270521777583,-0.061717665120710946,-0.02558504009331228,FinalResultsPage,30
1718908401.5,2.354369,-0.1023265833398529,-0.07121742747720335,-0.03110915585884318,FinalResultsPage,30
1718908401.75,2.346681,-0.1105206508059805,-0.08136597974373509,-0.029154671058382355,FinalResultsPage,30
1718908402.0,2.333867,-0.12417814046661414,-0.09204826397759033,-0.03212987648510119,FinalResultsPage,30
1718908402.25,2.323616,-0.135103919029995,-0.10314559031734899,-0.031958328708661034,FinalResultsPage,30
1718908402.5,2.312083,-0.1473960860548188,-0.11453806031225157,-0.03285802573851715,FinalResultsPage,30
1718908402.75,2.304394,-0.15559121934657905,-0.1261069297320193,-0.02948428961044218,FinalResultsPage,30
1718908403.0,2.29158,-0.1692487090072127,-0.1377368510912894,-0.031511857911736434,FinalResultsPage,30
1718908403.25,2.281329,-0.18017448757059354,-0.14931794290140982,-0.030856544664926065,FinalResultsPage,30
1718908403.5,2.272359,-0.1897349434981641,-0.16074764052449628,-0.028987302969338546,FinalResultsPage,30
1718908403.75,2.26339,-0.19929433360010154,-0.1719322921570542,-0.027362041438646158,FinalResultsPage,30
1718908404.0,2.258264,-0.20475775579460806,-0.18278847262271028,-0.021969283167424872,FinalResultsPage,30
1718908404.25,2.242887,-0.22114695655249542,-0.19324399702030734,-0.027902959527643958,FinalResultsPage,30
1718908404.5,2.242887,-0.22114695655249542,-0.20323862557747965,-0.017908330970401048,FinalResultsPage,30
1718908404.75,2.241606,-0.22251227918830574,-0.21272446003572723,-0.009787819147893489,FinalResultsPage,30
1718908405.0,2.24545,-0.21841524545524219,-0.22166604029211373,0.0032507948416269986,FinalResultsPage,30
1718908405.25,2.242887,-0.22114695655249542,-0.23004015761800464,0.008893201070335373,FinalResultsPage,30
1718908405.5,2.233917,-0.230707412480066,-0.2378354073728616,0.007127994897692388,FinalResultsPage,30
1718908405.75,2.226229,-0.23890147994619312,-0.24505150958743926,0.006150029646212769,FinalResultsPage,30
1718908406.0,2.223666,-0.24163319104344635,-0.25169843002625175,0.010065238987840206,FinalResultsPage,30
1718908406.25,2.217259,-0.24846193587376367,-0.25779533733767424,0.009333401469011151,FinalResultsPage,30
1718908406.5,2.217259,-0.24846193587376367,-0.2633694336928685,0.014907497824268392,FinalResultsPage,30
1718908406.75,2.20957,-0.2566570691655239,-0.2684546969610088,0.011797627800708331,FinalResultsPage,30
1718908407.0,2.210852,-0.2552906807040805,-0.2730905720426511,0.017799891343850356,FinalResultsPage,30
1718908407.25,2.203163,-0.2634858139958407,-0.27732064757285707,0.013834833582348244,FinalResultsPage,30
1718908407.5,2.201882,-0.26485113663165105,-0.2811913519122187,0.01634021528594668,FinalResultsPage,30
1718908407.75,2.198038,-0.2689481703647146,-0.2847506992829833,0.015802528923689323,FinalResultsPage,30
1718908408.0,2.192912,-0.2744115925592211,-0.2880471132071458,0.01363552065338125,FinalResultsPage,30
1718908408.25,2.192912,-0.2744115925592211,-0.2911283502004912,0.0167167576467566,FinalResultsPage,30
1718908408.5,2.195475,-0.27167988146196786,-0.2940405421128505,0.02236066065639289,FinalResultsPage,30
1718908408.75,2.183942,-0.28397204848679164,-0.2968273707242625,0.012855322242998742,FinalResultsPage,30
1718908409.0,2.176254,-0.2921661159529188,-0.2995293833553414,0.007363267407962951,FinalResultsPage,30
1718908409.25,2.174972,-0.2935325044143622,-0.3021834534773033,0.008650949068490328,FinalResultsPage,30
1718908409.5,2.171128,-0.29762953814742577,-0.30482238576346987,0.007192847621600539,FinalResultsPage,30
1718908409.75,2.164721,-0.3044582829777426,-0.30747466085294417,0.003016377880765932,FinalResultsPage,30
1718908410.0,2.166003,-0.30309189451629964,-0.3101643114232056,0.007072416912481597,FinalResultsPage,30
1718908410.25,2.137811,-0.33313965076045376,-0.3129109180919674,-0.020228732662892848,FinalResultsPage,30
1718908410.5,2.148063,-0.3222128063714403,-0.3157297112667056,-0.006483095099113387,FinalResultsPage,30
1718908410.75,2.13653,-0.33450497339626406,-0.31863176338588683,-0.015873210004715064,FinalResultsPage,30
1718908411.0,2.12756,-0.34406542932383466,-0.3216242550707612,-0.02244117424735435,FinalResultsPage,30
1718908411.25,2.131404,-0.3399683955907711,-0.32471079851034723,-0.01525759707462911,FinalResultsPage,30
1718908411.5,2.137811,-0.33313965076045376,-0.3278918018686774,-0.005247848885884972,FinalResultsPage,30
1718908411.75,2.132686,-0.33860200712932764,-0.33116485952682967,-0.0074371475964869795,FinalResultsPage,30
1718908412.0,2.12756,-0.34406542932383466,-0.33452515442240427,-0.009540274895276118,FinalResultsPage,30
1718908412.25,2.123716,-0.3481624630568982,-0.3379658604902791,-0.010196602560298376,FinalResultsPage,30
1718908412.5,2.124997,-0.3467971404210879,-0.34147853511780063,-0.005318605296778498,FinalResultsPage,30
1718908412.75,2.122435,-0.34952778569270854,-0.345053493502541,-0.004474292183451391,FinalResultsPage,30
1718908413.0,2.119872,-0.35225949678996177,-0.3486801587548039,-0.003579338028217933,FinalResultsPage,30
