time,value,zscore,tonic,phasic,page,rnd
1718904742.25,34.33,1.0899513644218672,1.1036485771168367,-0.013697212720839114,ConsentWaitPage,-2
1718904742.5,34.33,1.0899513644218672,1.1044137516796106,-0.014462387283940049,ConsentWaitPage,-2
1718904742.75,34.33,1.0899513644218672,1.105332198023043,-0.015380833627791529,ConsentWaitPage,-2
1718904743.0,34.34,1.1103490227009642,1.1063758173943836,0.0039732052794722444,ConsentWaitPage,-2
1718904743.25,34.34,1.1103490227009642,1.1075161819871635,0.002832840686144613,ConsentWaitPage,-2
1718904743.5,34.34,1.1103490227009642,1.1087251390881954,0.0016238835845285512,ConsentWaitPage,-2
1718904743.75,34.34,1.1103490227009642,1.1099754054478406,0.00037361722428007815,ConsentWaitPage,-2
1718904744.0,34.34,1.1103490227009642,1.11124113925553,-0.0008921165840143266,ConsentWaitPage,-2
1718904744.25,34.34,1.1103490227009642,1.112498477055024,-0.002149454384100841,ConsentWaitPage,-2
1718904744.5,34.34,1.1103490227009642,1.1137260231715929,-0.003377000501237403,ConsentWaitPage,-2
1718904744.75,34.34,1.1103490227009642,1.1149052797418972,-0.004556257072074061,ConsentWaitPage,-2
1718904745.0,34.34,1.1103490227009642,1.1160210062356335,-0.005671983566298526,ConsentWaitPage,-2
1718904745.25,34.34,1.1103490227009642,1.1170614984443907,-0.006712475775491257,ConsentWaitPage,-2
1718904745.5,34.34,1.1103490227009642,1.1180187783073852,-0.007669755638860381,ConsentWaitPage,-2
1718904745.75,34.34,1.1103490227009642,1.118888687676783,-0.008539665008565848,ConsentWaitPage,-2
1718904746.0,34.37,1.1715419975382122,1.1196708812384455,0.051871116266784055,ConsentWaitPage,-2
1718904746.25,34.37,1.1715419975382122,1.1203687163430798,0.0511732811619902,ConsentWaitPage,-2
1718904746.5,34.37,1.1715419975382122,1.1209890404984437,0.050552957006543456,ConsentWaitPage,-2
1718904746.75,34.37,1.1715419975382122,1.1215418806978443,0.05000011680713278,ConsentWaitPage,-2
1718904747.0,34.34,1.1103490227009642,1.1220400424776251,-0.011691019809840941,ConsentWaitPage,-2
1718904747.25,34.34,1.1103490227009642,1.1224986303429139,-0.012149607675022097,ConsentWaitPage,-2
1718904747.5,34.34,1.1103490227009642,1.1229345046274355,-0.012585481959400468,ConsentWaitPage,-2
1718904747.75,34.34,1.1103490227009642,1.1233656926163693,-0.013016669948173677,ConsentWaitPage,-2
1718904748.0,34.34,1.1103490227009642,1.1238107736151415,-0.013461750946784609,ConsentWaitPage,-2
1718904748.25,34.34,1.1103490227009642,1.124288258485592,-0.013939235817088188,ConsentWaitPage,-2
1718904748.5,34.34,1.1103490227009642,1.124815984009124,-0.014466961340500618,ConsentWaitPage,-2
1718904748.75,34.34,1.1103490227009642,1.125410541360422,-0.015061518691715388,ConsentWaitPage,-2
1718904749.0,34.33,1.0899513644218672,1.126086756100844,-0.03613539171119378,ConsentWaitPage,-2
1718904749.25,34.33,1.0899513644218672,1.1268572345552013,-0.03690587016555539,ConsentWaitPage,-2
1718904749.5,34.33,1.0899513644218672,1.1277319883604435,-0.037780623970847284,ConsentWaitPage,-2
1718904749.75,34.33,1.0899513644218672,1.1287181455383344,-0.03876678114883131,ConsentWaitPage,-2
1718904750.0,34.37,1.1715419975382122,1.129819752859111,0.041722244646601694,ConsentWaitPage,-2
1718904750.25,34.37,1.1715419975382122,1.131037670787849,0.04050432671768707,ConsentWaitPage,-2
1718904750.5,34.37,1.1715419975382122,1.1323695592111382,0.03917243829418132,ConsentWaitPage,-2
1718904750.75,34.37,1.1715419975382122,1.1338099496413856,0.03773204786368204,ConsentWaitPage,-2
1718904751.0,34.34,1.1103490227009642,1.1353503977642134,-0.025001375096674834,ConsentWaitPage,-2
1718904751.25,34.34,1.1103490227009642,1.1369797089359488,-0.026630686268713233,ConsentWaitPage,-2
1718904751.5,34.34,1.1103490227009642,1.1386842283384153,-0.02833520567149558,ConsentWaitPage,-2
1718904751.75,34.34,1.1103490227009642,1.1404481867325482,-0.03009916406594807,ConsentWaitPage,-2
1718904752.0,34.37,1.1715419975382122,1.14225409199263,0.029287905510902035,ConsentWaitPage,-2
1718904752.25,34.37,1.1715419975382122,1.1440831558628657,0.02745884164036059,ConsentWaitPage,-2
1718904752.5,34.37,1.1715419975382122,1.1459157447776378,0.025626252725299715,ConsentWaitPage,-2
1718904752.75,34.37,1.1715419975382122,1.1477318432618875,0.02381015424078397,ConsentWaitPage,-2
1718904753.0,34.34,1.1103490227009642,1.1495115184392086,-0.039162495774022914,ConsentWaitPage,-2
1718904753.25,34.34,1.1103490227009642,1.1512353744701793,-0.04088635180519862,ConsentWaitPage,-2
1718904753.5,34.34,1.1103490227009642,1.1528849861953252,-0.04253596353051187,ConsentWaitPage,-2
1718904753.75,34.34,1.1103490227009642,1.1544433017558946,-0.044094279091205134,ConsentWaitPage,-2
1718904754.0,34.39,1.212337314096392,1.1558950045091911,0.05644230955085026,ConsentWaitPage,-2
1718904754.25,34.39,1.212337314096392,1.1572268252834954,0.055110488776521104,ConsentWaitPage,-2
1718904754.5,34.39,1.212337314096392,1.1584277971611892,0.053909516898856084,ConsentWaitPage,-2
1718904754.75,34.39,1.212337314096392,1.1594894467387244,0.052847867321403376,ConsentWaitPage,-2
1718904755.0,34.37,1.1715419975382122,1.1604059182343385,0.011136079267743473,ConsentWaitPage,-2
1718904755.25,34.37,1.1715419975382122,1.1611740297329758,0.010367967769286297,ConsentWaitPage,-2
1718904755.5,34.37,1.1715419975382122,1.161793263941257,0.009748733561225308,ConsentWaitPage,-2
1718904755.75,34.37,1.1715419975382122,1.1622656986861546,0.009276298816581314,ConsentWaitPage,-2
1718904756.0,34.34,1.1103490227009642,1.1625958846886029,-0.052246862022833615,ConsentWaitPage,-2
1718904756.25,34.34,1.1103490227009642,1.1627906796354044,-0.05244165696933052,ConsentWaitPage,-2
1718904756.5,34.34,1.1103490227009642,1.1628590481267849,-0.05251002546038697,ConsentWaitPage,-2
1718904756.75,34.34,1.1103490227009642,1.1628118366774252,-0.05246281401068824,ConsentWaitPage,-2
1718904757.0,34.37,1.1715419975382122,1.1626615317182192,0.008880465786115066,ConsentWaitPage,-2
1718904757.25,34.37,1.1715419975382122,1.162422006748708,0.009119990755981452,ConsentWaitPage,-2
1718904757.5,34.37,1.1715419975382122,1.162108262784793,0.009433734720253297,ConsentWaitPage,-2
1718904757.75,34.37,1.1715419975382122,1.1617361643923916,0.00980583311300975,ConsentWaitPage,-2
1718904758.0,34.37,1.1715419975382122,1.161322172162261,0.010219825343493116,ConsentWaitPage,-2
1718904758.25,34.37,1.1715419975382122,1.1608830715951088,0.01065892591099641,ConsentWaitPage,-2
1718904758.5,34.37,1.1715419975382122,1.1604356980415529,0.01110629946490489,ConsentWaitPage,-2
1718904758.75,34.37,1.1715419975382122,1.1599966575209397,0.011545339985876254,ConsentWaitPage,-2
1718904759.0,34.37,1.1715419975382122,1.1595820438406277,0.01195995366655785,ConsentWaitPage,-2
1718904759.25,34.37,1.1715419975382122,1.1592071533579122,0.012334844149659872,ConsentWaitPage,-2
1718904759.5,34.37,1.1715419975382122,1.1588861998707385,0.01265579763724264,ConsentWaitPage,-2
1718904759.75,34.37,1.1715419975382122,1.1586320333870928,0.012909964121321952,ConsentWaitPage,-2
1718904760.0,34.37,1.1715419975382122,1.158455867799025,0.013086129709848057,ConsentWaitPage,-2
1718904760.25,34.37,1.1715419975382122,1.158367023664382,0.01317497384497323,ConsentWaitPage,-2
1718904760.5,34.37,1.1715419975382122,1.1583726932630407,0.013169304246815474,ConsentWaitPage,-2
1718904760.75,34.37,1.1715419975382122,1.1584777357273375,0.01306426178303228,ConsentWaitPage,-2
1718904761.0,34.34,1.1103490227009642,1.1586845102293795,-0.04833548755573897,ConsentWaitPage,-2
1718904761.25,34.34,1.1103490227009642,1.1589927548260501,-0.048643732151894645,ConsentWaitPage,-2
1718904761.5,34.34,1.1103490227009642,1.1593995175250535,-0.04905049485039635,ConsentWaitPage,-2
1718904761.75,34.34,1.1103490227009642,1.1598991444187043,-0.049550121743568855,ConsentWaitPage,-2
1718904762.0,34.37,1.1715419975382122,1.1604833274303499,0.011058670082479523,ConsentWaitPage,-2
1718904762.25,34.37,1.1715419975382122,1.1611412115622235,0.010400785951011939,ConsentWaitPage,-2
1718904762.5,34.37,1.1715419975382122,1.1618595588490244,0.009682438664570806,ConsentWaitPage,-2
1718904762.75,34.37,1.1715419975382122,1.1626229638381218,0.00891903367578038,ConsentWaitPage,-2
1718904763.0,34.37,1.1715419975382122,1.1634141135770888,0.008127883937061174,ConsentWaitPage,-2
1718904763.25,34.37,1.1715419975382122,1.1642140839046542,0.007327913609678818,ConsentWaitPage,-2
1718904763.5,34.37,1.1715419975382122,1.1650026633139163,0.006539334200531267,ConsentWaitPage,-2
1718904763.75,34.37,1.1715419975382122,1.1657586957281496,0.005783301786343294,ConsentWaitPage,-2
1718904764.0,34.39,1.212337314096392,1.1664604341225722,0.04587687995007862,ConsentWaitPage,-2
1718904764.25,34.39,1.212337314096392,1.1670858979607097,0.045251416111857685,ConsentWaitPage,-2
1718904764.5,34.39,1.212337314096392,1.1676132288021133,0.04472408527031795,ConsentWaitPage,-2
1718904764.75,34.39,1.212337314096392,1.1680210400522724,0.0443162740199807,ConsentWaitPage,-2
1718904765.0,34.34,1.1103490227009642,1.1682887584683694,-0.057939735791750144,ConsentWaitPage,-2
1718904765.25,34.34,1.1103490227009642,1.168396956430624,-0.05804793375422312,ConsentWaitPage,-2
1718904765.5,34.34,1.1103490227009642,1.1683276748323561,-0.057978652156170714,ConsentWaitPage,-2
1718904765.75,34.34,1.1103490227009642,1.1680647364980847,-0.057715713822098676,ConsentWaitPage,-2
1718904766.0,34.37,1.1715419975382122,1.1675940492550696,0.003947948257991378,ConsentWaitPage,-2
1718904766.25,34.37,1.1715419975382122,1.1669038963340843,0.0046381011788384705,ConsentWaitPage,-2
1718904766.5,34.37,1.1715419975382122,1.1659852100048322,0.0055567875079928185,ConsentWaitPage,-2
1718904766.75,34.37,1.1715419975382122,1.1648318226490564,0.006710174863713558,ConsentWaitPage,-2
1718904767.0,34.37,1.1715419975382122,1.163440688150869,0.008101309361885786,ConsentWaitPage,-2
1718904767.25,34.37,1.1715419975382122,1.1618120657141504,0.009729931798623198,ConsentWaitPage,-2
1718904767.5,34.37,1.1715419975382122,1.1599496580532729,0.011592339459544073,ConsentWaitPage,-2
1718904767.75,34.37,1.1715419975382122,1.1578606963225508,0.013681301190322131,ConsentWaitPage,-2
1718904768.0,34.37,1.1715419975382122,1.1555559650924272,0.01598603242050138,ConsentWaitPage,-2
1718904768.25,34.37,1.1715419975382122,1.153049762068663,0.018492235444307302,ConsentWaitPage,-2
1718904768.5,34.37,1.1715419975382122,1.150359788991161,0.021182208521825823,ConsentWaitPage,-2
1718904768.75,34.37,1.1715419975382122,1.1475069721306694,0.024035025382299353,ConsentWaitPage,-2
1718904769.0,34.34,1.1103490227009642,1.1445152128948335,-0.034166190219172346,ConsentWaitPage,-2
1718904769.25,34.34,1.1103490227009642,1.141411071114438,-0.031062048438883147,ConsentWaitPage,-2
1718904769.5,34.34,1.1103490227009642,1.1382233854627137,-0.02787436278731246,ConsentWaitPage,-2
1718904769.75,34.34,1.1103490227009642,1.1349828370637964,-0.024633814388591656,ConsentWaitPage,-2
1718904770.0,34.37,1.1715419975382122,1.1317214636596475,0.039820533852574155,ConsentWaitPage,-2
1718904770.25,34.37,1.1715419975382122,1.128472132824147,0.043069864687819384,ConsentWaitPage,-2
1718904770.5,34.37,1.1715419975382122,1.1252679837982398,0.04627401371345644,ConsentWaitPage,-2
1718904770.75,34.37,1.1715419975382122,1.122141848701144,0.04940014881027541,ConsentWaitPage,-2
1718904771.0,34.33,1.0899513644218672,1.1191256651587012,-0.029174300763903656,ConsentWaitPage,-2
1718904771.25,34.33,1.0899513644218672,1.1162498936323435,-0.02629852923781994,ConsentWaitPage,-2
1718904771.5,34.33,1.0899513644218672,1.113542953669149,-0.023591589274895082,ConsentWaitPage,-2
1718904771.75,34.33,1.0899513644218672,1.111030693656107,-0.021079329262119625,ConsentWaitPage,-2
1718904772.0,34.33,1.0899513644218672,1.1087359082834074,-0.018784543889686922,ConsentWaitPage,-2
1718904772.25,34.33,1.0899513644218672,1.1066779167896938,-0.016726552396243852,ConsentWaitPage,-2
1718904772.5,34.33,1.0899513644218672,1.1048722132933326,-0.014920848900161548,ConsentWaitPage,-2
1718904772.75,34.33,1.0899513644218672,1.1033301982887196,-0.013378833895841083,ConsentWaitPage,-2
1718904773.0,34.34,1.1103490227009642,1.1020589978963686,0.008290024775296983,ConsentWaitPage,-2
1718904773.25,34.34,1.1103490227009642,1.1010613748753402,0.009287647795997167,ConsentWaitPage,-2
1718904773.5,34.34,1.1103490227009642,1.1003357328851329,0.010013289785860661,ConsentWaitPage,-2
1718904773.75,34.34,1.1103490227009642,1.0998762131310884,0.010472809539551856,ConsentWaitPage,-2
1718904774.0,34.33,1.0899513644218672,1.0996728803990905,-0.009721516007903792,ConsentWaitPage,-2
1718904774.25,34.33,1.0899513644218672,1.0997119935814843,-0.0097606291906513,ConsentWaitPage,-2
1718904774.5,34.33,1.0899513644218672,1.0999763540762626,-0.010024989685774284,ConsentWaitPage,-2
1718904774.75,34.33,1.0899513644218672,1.1004457238584338,-0.010494359468274376,ConsentWaitPage,-2
1718904775.0,34.34,1.1103490227009642,1.1010973035549259,0.00925171911402422,ConsentWaitPage,-2
1718904775.25,34.34,1.1103490227009642,1.1019062595223266,0.008442763146347898,ConsentWaitPage,-2
1718904775.5,34.34,1.1103490227009642,1.1028462877807808,0.007502734887657405,ConsentWaitPage,-2
1718904775.75,34.34,1.1103490227009642,1.1038902017503158,0.006458820917932659,ConsentWaitPage,-2
1718904776.0,34.33,1.0899513644218672,1.1050105300941642,-0.015059165705150056,ConsentWaitPage,-2
1718904776.25,34.33,1.0899513644218672,1.1061801105864053,-0.016228746197470476,ConsentWaitPage,-2
1718904776.5,34.33,1.0899513644218672,1.1073726657543037,-0.017421301365385257,ConsentWaitPage,-2
1718904776.75,34.33,1.0899513644218672,1.108563346073403,-0.018611981684433128,ConsentWaitPage,-2
1718904777.0,34.34,1.1103490227009642,1.1097292267299619,0.0006197959382266511,ConsentWaitPage,-2
1718904777.25,34.34,1.1103490227009642,1.1108497444782266,-0.0005007218098477891,ConsentWaitPage,-2
1718904777.5,34.34,1.1103490227009642,1.1119070620179576,-0.0015580393493270133,ConsentWaitPage,-2
1718904777.75,34.34,1.1103490227009642,1.1128863487200573,-0.0025373260511241057,ConsentWaitPage,-2
1718904778.0,34.37,1.1715419975382122,1.1137759685341588,0.05776602897236189,ConsentWaitPage,-2
1718904778.25,34.37,1.1715419975382122,1.1145675685808136,0.05697442892606804,ConsentWaitPage,-2
1718904778.5,34.37,1.1715419975382122,1.1152560652678878,0.05628593223936039,ConsentWaitPage,-2
1718904778.75,34.37,1.1715419975382122,1.1158395287018135,0.055702468805790904,ConsentWaitPage,-2
1718904779.0,34.34,1.1103490227009642,1.1163189704993903,-0.005969947828702471,ConsentWaitPage,-2
1718904779.25,34.34,1.1103490227009642,1.1166980445261208,-0.00634902185513889,ConsentWaitPage,-2
1718904779.5,34.34,1.1103490227009642,1.1169826741889766,-0.006633651517746766,ConsentWaitPage,-2
1718904779.75,34.34,1.1103490227009642,1.1171806232977637,-0.006831600626337812,ConsentWaitPage,-2
1718904780.0,34.33,1.0899513644218672,1.1173010298803578,-0.027349665487887767,ConsentWaitPage,-2
1718904780.25,34.33,1.0899513644218672,1.117353923534832,-0.027402559142275632,ConsentWaitPage,-2
1718904780.5,34.33,1.0899513644218672,1.1173497468963152,-0.027398382503726303,ConsentWaitPage,-2
1718904780.75,34.33,1.0899513644218672,1.1172989006507237,-0.027347536258151076,ConsentWaitPage,-2
1718904781.0,34.33,1.0899513644218672,1.117211329369787,-0.027259964977270342,ConsentWaitPage,-2
1718904781.25,34.33,1.0899513644218672,1.117096162454286,-0.027144798061855636,ConsentWaitPage,-2
1718904781.5,34.33,1.0899513644218672,1.1169614208775431,-0.027010056485219,ConsentWaitPage,-2
1718904781.75,34.33,1.0899513644218672,1.1168137964637488,-0.026862432071540977,ConsentWaitPage,-2
1718904782.0,34.34,1.1103490227009642,1.1166585063683516,-0.006309483697164907,ConsentWaitPage,-2
1718904782.25,34.34,1.1103490227009642,1.1164992215023861,-0.006150198831312313,ConsentWaitPage,-2
1718904782.5,34.34,1.1103490227009642,1.1163380641020293,-0.005989041431057603,ConsentWaitPage,-2
1718904782.75,34.34,1.1103490227009642,1.116175666708137,-0.0058266440372530415,ConsentWaitPage,-2
1718904783.0,34.37,1.1715419975382122,1.1160112826663484,0.055530714841712625,ConsentWaitPage,-2
1718904783.25,34.37,1.1715419975382122,1.115842937011048,0.055699060496959676,ConsentWaitPage,-2
1718904783.5,34.37,1.1715419975382122,1.115667606314934,0.05587439119303789,ConsentWaitPage,-2
1718904783.75,34.37,1.1715419975382122,1.1154814167382359,0.0560605807697151,ConsentWaitPage,-2
1718904784.0,34.33,1.0899513644218672,1.11527985093961,-0.025328486548014797,ConsentWaitPage,-2
1718904784.25,34.33,1.0899513644218672,1.1150579564196266,-0.025106592028038215,ConsentWaitPage,-2
1718904784.5,34.33,1.0899513644218672,1.1148105498773457,-0.024859185485766364,ConsentWaitPage,-2
1718904784.75,34.33,1.0899513644218672,1.114532413911158,-0.02458104951959411,ConsentWaitPage,-2
1718904785.0,34.34,1.1103490227009642,1.1142184836563702,-0.0038694609857340754,ConsentWaitPage,-2
1718904785.25,34.34,1.1103490227009642,1.1138640216715645,-0.003514999000965876,ConsentWaitPage,-2
1718904785.5,34.34,1.1103490227009642,1.1134647796563037,-0.0031157569857578954,ConsentWaitPage,-2
1718904785.75,34.34,1.1103490227009642,1.113017145561611,-0.00266812289113467,ConsentWaitPage,-2
1718904786.0,34.34,1.1103490227009642,1.1125182744909494,-0.0021692518205623226,ConsentWaitPage,-2
1718904786.25,34.34,1.1103490227009642,1.1119662015898404,-0.0016171789195649515,ConsentWaitPage,-2
1718904786.5,34.34,1.1103490227009642,1.111359934951799,-0.0010109122816597876,ConsentWaitPage,-2
1718904786.75,34.34,1.1103490227009642,1.1106995264659023,-0.00035050379592308466,ConsentWaitPage,-2
1718904787.0,34.34,1.1103490227009642,1.1099861185233753,0.0003629041464230133,ConsentWaitPage,-2
1718904787.25,34.34,1.1103490227009642,1.1092219646069241,0.0011270580626751496,ConsentWaitPage,-2
1718904787.5,34.34,1.1103490227009642,1.1084104220216267,0.0019386006477583057,ConsentWaitPage,-2
1718904787.75,34.34,1.1103490227009642,1.1075559153988082,0.002793107270348827,ConsentWaitPage,-2
1718904788.0,34.34,1.1103490227009642,1.1066638701171685,0.003685152551746172,ConsentWaitPage,-2
1718904788.25,34.34,1.1103490227009642,1.1057406154344978,0.004608407234158278,ConsentWaitPage,-2
1718904788.5,34.34,1.1103490227009642,1.1047932578975461,0.005555764770832278,ConsentWaitPage,-2
1718904788.75,34.34,1.1103490227009642,1.1038295264784266,0.006519496189654388,ConsentWaitPage,-2
1718904789.0,34.34,1.1103490227009642,1.102857591846795,0.007491430820967946,ConsentWaitPage,-2
1718904789.25,34.34,1.1103490227009642,1.1018858631932347,0.008463159474190142,ConsentWaitPage,-2
1718904789.5,34.34,1.1103490227009642,1.1009227670274417,0.00942625563962577,ConsentWaitPage,-2
1718904789.75,34.34,1.1103490227009642,1.099976513332941,0.01037250933375336,ConsentWaitPage,-2
1718904790.0,34.33,1.0899513644218672,1.0990548553073456,-0.009103490920132254,ConsentWaitPage,-2
1718904790.25,34.33,1.0899513644218672,1.0981648495857734,-0.008213485198949058,ConsentWaitPage,-2
1718904790.5,34.33,1.0899513644218672,1.097312624266406,-0.007361259879967202,ConsentWaitPage,-2
1718904790.75,34.33,1.0899513644218672,1.0965031621762602,-0.006551797790194305,ConsentWaitPage,-2
1718904791.0,34.33,1.0899513644218672,1.095740106607291,-0.0057887422215762594,ConsentWaitPage,-2
1718904791.25,34.33,1.0899513644218672,1.0950255962314919,-0.005074231846097041,ConsentWaitPage,-2
1718904791.5,34.33,1.0899513644218672,1.094360135113105,-0.004408770727988938,ConsentWaitPage,-2
1718904791.75,34.33,1.0899513644218672,1.093742502735201,-0.0037911383503140194,ConsentWaitPage,-2
1718904792.0,34.33,1.0899513644218672,1.0931697078063884,-0.003218343421672965,ConsentWaitPage,-2
1718904792.25,34.33,1.0899513644218672,1.09263698836566,-0.00268562398105387,ConsentWaitPage,-2
1718904792.5,34.33,1.0899513644218672,1.092137859407342,-0.002186495022781145,ConsentWaitPage,-2
1718904792.75,34.33,1.0899513644218672,1.091664207945459,-0.0017128435608782643,ConsentWaitPage,-2
1718904793.0,34.33,1.0899513644218672,1.091206434163478,-0.0012550697788123232,ConsentWaitPage,-2
1718904793.25,34.33,1.0899513644218672,1.0907536360818721,-0.0008022716970558305,ConsentWaitPage,-2
1718904793.5,34.33,1.0899513644218672,1.0902938340476644,-0.00034246966263121913,ConsentWaitPage,-2
1718904793.75,34.33,1.0899513644218672,1.089814230327812,0.000137134057505538,ConsentWaitPage,-2
1718904794.0,34.33,1.0899513644218672,1.0893014981881122,0.0006498661975580086,ConsentWaitPage,-2
1718904794.25,34.33,1.0899513644218672,1.0887420940730435,0.00120927031304872,ConsentWaitPage,-2
1718904794.5,34.33,1.0899513644218672,1.0881225858769805,0.0018287785096040088,ConsentWaitPage,-2
1718904794.75,34.33,1.0899513644218672,1.087429989816524,0.002521374570624053,ConsentWaitPage,-2
1718904795.0,34.33,1.0899513644218672,1.0866521080755824,0.003299256312202598,ConsentWaitPage,-2
1718904795.25,34.33,1.0899513644218672,1.0857778591927258,0.0041735051957721755,ConsentWaitPage,-2
1718904795.5,34.33,1.0899513644218672,1.0847975930822213,0.005153771307069321,ConsentWaitPage,-2
1718904795.75,34.33,1.0899513644218672,1.0837033826081244,0.00624798178204283,ConsentWaitPage,-2
1718904796.0,34.31,1.0491560478637019,1.0824892837406865,-0.03333323590772187,ConsentWaitPage,-2
1718904796.25,34.31,1.0491560478637019,1.0811515564883332,-0.03199550865431963,ConsentWaitPage,-2
1718904796.5,34.31,1.0491560478637019,1.0796888389971837,-0.030532791162039632,ConsentWaitPage,-2
1718904796.75,34.31,1.0491560478637019,1.0781022674595817,-0.028946219623232412,ConsentWaitPage,-2
1718904797.0,34.34,1.1103490227009642,1.0763955348566328,0.03395348781824958,ConsentWaitPage,-2
1718904797.25,34.34,1.1103490227009642,1.0745748822374055,0.035774140438800804,ConsentWaitPage,-2
1718904797.5,34.34,1.1103490227009642,1.0726490174097632,0.037700005267803906,ConsentWaitPage,-2
1718904797.75,34.34,1.1103490227009642,1.0706289577493673,0.03972006492957773,ConsentWaitPage,-2
1718904798.0,34.33,1.0899513644218672,1.0685277963738202,0.021423568027401176,ConsentWaitPage,-2
1718904798.25,34.33,1.0899513644218672,1.0663603940769208,0.023590970325647373,ConsentWaitPage,-2
1718904798.5,34.33,1.0899513644218672,1.0641430029470018,0.025808361456864663,ConsentWaitPage,-2
1718904798.75,34.33,1.0899513644218672,1.0618928312142495,0.028058533190845628,ConsentWaitPage,-2
1718904799.0,34.31,1.0491560478637019,1.0596275622912967,-0.01047151444322781,ConsentWaitPage,-2
1718904799.25,34.31,1.0491560478637019,1.057364843921346,-0.00820879607224486,ConsentWaitPage,-2
1718904799.5,34.31,1.0491560478637019,1.0551217655958967,-0.005965717745884439,ConsentWaitPage,-2
1718904799.75,34.31,1.0491560478637019,1.0529143437635542,-0.003758295912764101,ConsentWaitPage,-2
1718904800.0,34.29,1.0083607313055223,1.0507570347021642,-0.04239630340891781,ConsentWaitPage,-2
1718904800.25,34.29,1.0083607313055223,1.0486622942267434,-0.040301562933006865,ConsentWaitPage,-2
1718904800.5,34.29,1.0083607313055223,1.046640201687628,-0.03827947039354614,ConsentWaitPage,-2
1718904800.75,34.29,1.0083607313055223,1.0446981630776428,-0.0363374317833548,ConsentWaitPage,-2
1718904801.0,34.31,1.0491560478637019,1.042840704688674,0.006315343163869079,ConsentWaitPage,-2
1718904801.25,34.31,1.0491560478637019,1.0410693648852922,0.008086682967205605,ConsentWaitPage,-2
1718904801.5,34.31,1.0491560478637019,1.0393826874867962,0.00977336036554527,ConsentWaitPage,-2
1718904801.75,34.31,1.0491560478637019,1.0377763162412394,0.011379731610844119,ConsentWaitPage,-2
1718904802.0,34.29,1.0083607313055223,1.0362431861285621,-0.02788245483500702,ConsentWaitPage,-2
1718904802.25,34.29,1.0083607313055223,1.0347738038342127,-0.026413072541084298,ConsentWaitPage,-2
1718904802.5,34.29,1.0083607313055223,1.0333566067013507,-0.02499587540871461,ConsentWaitPage,-2
1718904802.75,34.29,1.0083607313055223,1.031978386794863,-0.023617655502773584,ConsentWaitPage,-2
1718904803.0,34.31,1.0491560478637019,1.030624764435857,0.018531283413822482,ConsentWaitPage,-2
1718904803.25,34.31,1.0491560478637019,1.0292806938047898,0.019875354044269464,ConsentWaitPage,-2
1718904803.5,34.31,1.0491560478637019,1.0279309821258398,0.02122506572258282,ConsentWaitPage,-2
1718904803.75,34.31,1.0491560478637019,1.0265608036820342,0.022595244165748818,ConsentWaitPage,-2
1718904804.0,34.31,1.0491560478637019,1.0251561905431463,0.023999857304006493,ConsentWaitPage,-2
1718904804.25,34.31,1.0491560478637019,1.023704483386734,0.02545156445980764,ConsentWaitPage,-2
1718904804.5,34.31,1.0491560478637019,1.0221947280367942,0.02696131980916359,ConsentWaitPage,-2
1718904804.75,34.31,1.0491560478637019,1.0206180061567718,0.02853804168863847,ConsentWaitPage,-2
1718904805.0,34.29,1.0083607313055223,1.0189676917072212,-0.010606960420494117,ConsentWaitPage,-2
1718904805.25,34.29,1.0083607313055223,1.0172396280931706,-0.00887889680689647,ConsentWaitPage,-2
1718904805.5,34.29,1.0083607313055223,1.0154322241646963,-0.007071492878818506,ConsentWaitPage,-2
1718904805.75,34.29,1.0083607313055223,1.0135464702093977,-0.005185738923855357,ConsentWaitPage,-2
1718904806.0,34.29,1.0083607313055223,1.0115858776636673,-0.0032251463783977757,ConsentWaitPage,-2
1718904806.25,34.29,1.0083607313055223,1.0095563484254315,-0.001195617140374907,ConsentWaitPage,-2
1718904806.5,34.29,1.0083607313055223,1.0074659813909324,0.0008947498939659328,ConsentWaitPage,-2
1718904806.75,34.29,1.0083607313055223,1.0053248252063967,0.0030359060783900025,ConsentWaitPage,-2
1718904807.0,34.29,1.0083607313055223,1.0031445872655815,0.005216144019130722,ConsentWaitPage,-2
1718904807.25,34.29,1.0083607313055223,1.0009383097251203,0.007422421559544496,ConsentWaitPage,-2
1718904807.5,34.29,1.0083607313055223,0.9987200237617981,0.009640707522836857,ConsentWaitPage,-2
1718904807.75,34.29,1.0083607313055223,0.9965043934504111,0.011856337834202207,ConsentWaitPage,-2
1718904808.0,34.27,0.9675654147473569,0.994306360469307,-0.026740945742880703,ConsentWaitPage,-2
1718904808.25,34.27,0.9675654147473569,0.9921408002981412,-0.024575385571741742,ConsentWaitPage,-2
1718904808.5,34.27,0.9675654147473569,0.9900221996102342,-0.02245678488387043,ConsentWaitPage,-2
1718904808.75,34.27,0.9675654147473569,0.9879643631556618,-0.020398948429346336,ConsentWaitPage,-2
1718904809.0,34.27,0.9675654147473569,0.9859801566139262,-0.01841474188767371,ConsentWaitPage,-2
1718904809.25,34.27,0.9675654147473569,0.9840812897732002,-0.0165158750470263,ConsentWaitPage,-2
1718904809.5,34.27,0.9675654147473569,0.9822781421312374,-0.01471272740515709,ConsentWaitPage,-2
1718904809.75,34.27,0.9675654147473569,0.980579630800596,-0.013014216074622553,ConsentWaitPage,-2
1718904810.0,34.29,1.0083607313055223,0.9789931186246789,0.029367612659341437,ConsentWaitPage,-2
1718904810.25,34.29,1.0083607313055223,0.9775243588396755,0.03083637244421614,ConsentWaitPage,-2
1718904810.5,34.29,1.0083607313055223,0.9761774715852674,0.03218325969848622,ConsentWaitPage,-2
1718904810.75,34.29,1.0083607313055223,0.9749549471470411,0.033405784136564774,ConsentWaitPage,-2
1718904811.0,34.27,0.9675654147473569,0.973857670985537,-0.006292256260255365,ConsentWaitPage,-2
1718904811.25,34.27,0.9675654147473569,0.9728849662456021,-0.0053195515204927865,ConsentWaitPage,-2
1718904811.5,34.27,0.9675654147473569,0.9720346503450449,-0.004469235620122795,ConsentWaitPage,-2
1718904811.75,34.27,0.9675654147473569,0.9713031032007723,-0.0037376884760523376,ConsentWaitPage,-2
1718904812.0,34.27,0.9675654147473569,0.9706853455008756,-0.003119930776371474,ConsentWaitPage,-2
1718904812.25,34.27,0.9675654147473569,0.9701751260895201,-0.0026097113652423093,ConsentWaitPage,-2
1718904812.5,34.27,0.9675654147473569,0.969765017983603,-0.0021996032595585366,ConsentWaitPage,-2
1718904812.75,34.27,0.9675654147473569,0.9694465228082537,-0.001881108084444525,ConsentWaitPage,-2
1718904813.0,34.27,0.9675654147473569,0.9692101835544673,-0.0016447688308901373,ConsentWaitPage,-2
1718904813.25,34.27,0.9675654147473569,0.9690457055565136,-0.001480290833160722,ConsentWaitPage,-2
1718904813.5,34.27,0.9675654147473569,0.968942085484754,-0.0013766707616124922,ConsentWaitPage,-2
1718904813.75,34.27,0.9675654147473569,0.9688877479727315,-0.001322333249783645,ConsentWaitPage,-2
1718904814.0,34.27,0.9675654147473569,0.9688706892643981,-0.001305274541621717,ConsentWaitPage,-2
1718904814.25,34.27,0.9675654147473569,0.9688786269942878,-0.0013132122716563084,ConsentWaitPage,-2
1718904814.5,34.27,0.9675654147473569,0.9688991549148585,-0.001333740192340885,ConsentWaitPage,-2
1718904814.75,34.27,0.9675654147473569,0.9689199010745511,-0.0013544863521132138,ConsentWaitPage,-2
1718904815.0,34.27,0.9675654147473569,0.9689286876401089,-0.0013632729177137206,ConsentWaitPage,-2
1718904815.25,34.27,0.9675654147473569,0.9689136902598477,-0.00134827553745605,ConsentWaitPage,-2
1718904815.5,34.27,0.9675654147473569,0.9688635945932855,-0.0012981798708561977,ConsentWaitPage,-2
1718904815.75,34.27,0.9675654147473569,0.9687677473992623,-0.0012023326767534289,ConsentWaitPage,-2
1718904816.0,34.27,0.9675654147473569,0.968616299391937,-0.0010508846693077466,ConsentWaitPage,-2
1718904816.25,34.27,0.9675654147473569,0.9684003369542729,-0.0008349222314845683,ConsentWaitPage,-2
1718904816.5,34.27,0.9675654147473569,0.9681119997540086,-0.000546585031024806,ConsentWaitPage,-2
1718904816.75,34.27,0.9675654147473569,0.967744581349242,-0.0001791666260275279,ConsentWaitPage,-2
1718904817.0,34.27,0.9675654147473569,0.9672926100102104,0.0002728047132692996,ConsentWaitPage,-2
1718904817.25,34.27,0.9675654147473569,0.9667519072297074,0.0008135074940700847,ConsentWaitPage,-2
1718904817.5,34.27,0.9675654147473569,0.9661196217537733,0.0014457929703301292,ConsentWaitPage,-2
1718904817.75,34.27,0.9675654147473569,0.9653942374410333,0.002171177283418589,ConsentWaitPage,-2
1718904818.0,34.27,0.9675654147473569,0.9645755538540182,0.002989860870796589,ConsentWaitPage,-2
1718904818.25,34.27,0.9675654147473569,0.9636646391954276,0.0039007755297552973,ConsentWaitPage,-2
1718904818.5,34.27,0.9675654147473569,0.9626637560179054,0.004901658707641202,ConsentWaitPage,-2
1718904818.75,34.27,0.9675654147473569,0.9615762610429442,0.005989153682953008,ConsentWaitPage,-2
1718904819.0,34.27,0.9675654147473569,0.9604064814016448,0.007158933324582672,ConsentWaitPage,-2
1718904819.25,34.27,0.9675654147473569,0.9591595706282627,0.008405844098267883,ConsentWaitPage,-2
1718904819.5,34.27,0.9675654147473569,0.9578413487593093,0.009724065967492299,ConsentWaitPage,-2
1718904819.75,34.27,0.9675654147473569,0.9564581318696735,0.011107282857364432,ConsentWaitPage,-2
1718904820.0,34.27,0.9675654147473569,0.955016557255934,0.012548857471305977,ConsentWaitPage,-2
1718904820.25,34.27,0.9675654147473569,0.9535234111879984,0.01404200353941082,ConsentWaitPage,-2
1718904820.5,34.27,0.9675654147473569,0.951985466614146,0.015579948113401434,ConsentWaitPage,-2
1718904820.75,34.27,0.9675654147473569,0.950409338329915,0.01715607639774138,ConsentWaitPage,-2
1718904821.0,34.23,0.8859747816309974,0.9488013628044449,-0.06282658119306672,ConsentWaitPage,-2
1718904821.25,34.23,0.8859747816309974,0.9471675089892843,-0.061192727377851454,ConsentWaitPage,-2
1718904821.5,34.23,0.8859747816309974,0.9455133249243457,-0.05953854331288473,ConsentWaitPage,-2
1718904821.75,34.23,0.8859747816309974,0.9438439227886528,-0.05786914117719058,ConsentWaitPage,-2
1718904822.0,34.27,0.9675654147473569,0.9421640023456287,0.025401412382167907,ConsentWaitPage,-2
1718904822.25,34.27,0.9675654147473569,0.940477909794825,0.02708750493292092,ConsentWaitPage,-2
1718904822.5,34.27,0.9675654147473569,0.938789726262658,0.028775688465012435,ConsentWaitPage,-2
1718904822.75,34.27,0.9675654147473569,0.9371033779269561,0.030462036800614052,ConsentWaitPage,-2
1718904823.0,34.25,0.9267700981891772,0.9354227583191422,-0.008652660149874699,ConsentWaitPage,-2
1718904823.25,34.25,0.9267700981891772,0.9337518527369054,-0.006981754567778225,ConsentWaitPage,-2
1718904823.5,34.25,0.9267700981891772,0.932094854828128,-0.005324756659153405,ConsentWaitPage,-2
1718904823.75,34.25,0.9267700981891772,0.9304562661121126,-0.0036861679432980392,ConsentWaitPage,-2
1718904824.0,34.27,0.9675654147473569,0.9288409703538485,0.038724444372983946,ConsentWaitPage,-2
1718904824.25,34.27,0.9675654147473569,0.9272542762351595,0.04031113849151504,ConsentWaitPage,-2
1718904824.5,34.27,0.9675654147473569,0.9257019236521509,0.041863491074376515,ConsentWaitPage,-2
1718904824.75,34.27,0.9675654147473569,0.9241900511750423,0.04337536355135602,ConsentWaitPage,-2
1718904825.0,34.23,0.8859747816309974,0.9227251246220347,-0.03675034301210027,ConsentWaitPage,-2
1718904825.25,34.23,0.8859747816309974,0.9213138291134939,-0.03533904750363373,ConsentWaitPage,-2
1718904825.5,34.23,0.8859747816309974,0.919962929117629,-0.033988147507809145,ConsentWaitPage,-2
1718904825.75,34.23,0.8859747816309974,0.9186791026354072,-0.03270432102559124,ConsentWaitPage,-2
1718904826.0,34.25,0.9267700981891772,0.9174687566871257,0.009301341480904734,ConsentWaitPage,-2
1718904826.25,34.25,0.9267700981891772,0.9163378317087327,0.010432266459371335,ConsentWaitPage,-2
1718904826.5,34.25,0.9267700981891772,0.9152916025215226,0.01147849564669362,ConsentWaitPage,-2
1718904826.75,34.25,0.9267700981891772,0.9143344834151856,0.012435614753180663,ConsentWaitPage,-2
1718904827.0,34.25,0.9267700981891772,0.913469844735804,0.013300253432748491,ConsentWaitPage,-2
1718904827.25,34.25,0.9267700981891772,0.9126998482541585,0.014070249914612514,ConsentWaitPage,-2
1718904827.5,34.25,0.9267700981891772,0.912025308474686,0.014744789694332117,ConsentWaitPage,-2
1718904827.75,34.25,0.9267700981891772,0.911445586846315,0.015324511322973999,ConsentWaitPage,-2
1718904828.0,34.23,0.8859747816309974,0.9109585254426594,-0.024983743831261538,ConsentWaitPage,-2
1718904828.25,34.23,0.8859747816309974,0.9105604259720379,-0.02458564436034235,ConsentWaitPage,-2
1718904828.5,34.23,0.8859747816309974,0.9102460788481136,-0.024271297236120797,ConsentWaitPage,-2
1718904828.75,34.23,0.8859747816309974,0.910008845428492,-0.024034063816212002,ConsentWaitPage,-2
1718904829.0,34.23,0.8859747816309974,0.9098407944129765,-0.023866012800428372,ConsentWaitPage,-2
1718904829.25,34.23,0.8859747816309974,0.9097328908760417,-0.023758109263253866,ConsentWaitPage,-2
1718904829.5,34.23,0.8859747816309974,0.9096752336544929,-0.023700452041502236,ConsentWaitPage,-2
1718904829.75,34.23,0.8859747816309974,0.9096573340278675,-0.0236825524147199,ConsentWaitPage,-2
1718904830.0,34.25,0.9267700981891772,0.9096684260366407,0.017101672134789483,ConsentWaitPage,-2
1718904830.25,34.25,0.9267700981891772,0.9096977966007296,0.017072301570742292,ConsentWaitPage,-2
1718904830.5,34.25,0.9267700981891772,0.909735122029717,0.017034976141732,ConsentWaitPage,-2
1718904830.75,34.25,0.9267700981891772,0.9097707967128918,0.01699930145847007,ConsentWaitPage,-2
1718904831.0,34.25,0.9267700981891772,0.9097962398195037,0.016973858351711286,ConsentWaitPage,-2
1718904831.25,34.25,0.9267700981891772,0.9098041667116662,0.016965931459348074,ConsentWaitPage,-2
1718904831.5,34.25,0.9267700981891772,0.9097888133803034,0.01698128479046459,ConsentWaitPage,-2
1718904831.75,34.25,0.9267700981891772,0.9097461044201856,0.017023993750300073,ConsentWaitPage,-2
1718904832.0,34.25,0.9267700981891772,0.9096737577087433,0.01709634046143503,ConsentWaitPage,-2
1718904832.25,34.25,0.9267700981891772,0.909571321886677,0.01719877628318079,ConsentWaitPage,-2
1718904832.5,34.25,0.9267700981891772,0.9094401457977693,0.017329952371766797,ConsentWaitPage,-2
1718904832.75,34.25,0.9267700981891772,0.9092832820718949,0.017486816097330313,ConsentWaitPage,-2
1718904833.0,34.23,0.8859747816309974,0.9091053298701284,-0.0231305482593721,ConsentWaitPage,-2
1718904833.25,34.23,0.8859747816309974,0.9089122242982264,-0.022937442687727568,ConsentWaitPage,-2
1718904833.5,34.23,0.8859747816309974,0.9087109819945308,-0.022736200384248947,ConsentWaitPage,-2
1718904833.75,34.23,0.8859747816309974,0.9085094138139055,-0.022534632203791285,ConsentWaitPage,-2
1718904834.0,34.25,0.9267700981891772,0.9083158163403612,0.018454281827821342,ConsentWaitPage,-2
1718904834.25,34.25,0.9267700981891772,0.9081386542356823,0.01863144393245127,ConsentWaitPage,-2
1718904834.5,34.25,0.9267700981891772,0.9079862452973738,0.0187838528707784,ConsentWaitPage,-2
1718904834.75,34.25,0.9267700981891772,0.9078664596825909,0.01890363848565063,ConsentWaitPage,-2
1718904835.0,34.23,0.8859747816309974,0.90778644411857,-0.021811662508347738,ConsentWaitPage,-2
1718904835.25,34.23,0.8859747816309974,0.907752381039641,-0.021777599429188284,ConsentWaitPage,-2
1718904835.5,34.23,0.8859747816309974,0.9077692913788067,-0.021794509768056854,ConsentWaitPage,-2
1718904835.75,34.23,0.8859747816309974,0.9078408881094272,-0.021866106498317366,ConsentWaitPage,-2
1718904836.0,34.23,0.8859747816309974,0.9079694855513799,-0.021994703939851146,ConsentWaitPage,-2
1718904836.25,34.23,0.8859747816309974,0.9081559669871521,-0.022181185375149216,ConsentWaitPage,-2
1718904836.5,34.23,0.8859747816309974,0.9083998104150819,-0.022425028802554564,ConsentWaitPage,-2
1718904836.75,34.23,0.8859747816309974,0.9086991694826803,-0.022724387869584743,ConsentWaitPage,-2
1718904837.0,34.25,0.9267700981891772,0.9090510039929536,0.017719094178925573,ConsentWaitPage,-2
1718904837.25,34.25,0.9267700981891772,0.9094512520624458,0.017318846110063263,ConsentWaitPage,-2
1718904837.5,34.25,0.9267700981891772,0.9098950342182457,0.01687506395490897,ConsentWaitPage,-2
1718904837.75,34.25,0.9267700981891772,0.9103768785969828,0.016393219576822268,ConsentWaitPage,-2
1718904838.0,34.25,0.9267700981891772,0.9108909560210593,0.015879142153390095,ConsentWaitPage,-2
1718904838.25,34.25,0.9267700981891772,0.9114313140547381,0.015338784120338985,ConsentWaitPage,-2
1718904838.5,34.25,0.9267700981891772,0.9119921000895145,0.014777998086164399,ConsentWaitPage,-2
1718904838.75,34.25,0.9267700981891772,0.9125677649381585,0.014202333238087835,ConsentWaitPage,-2
1718904839.0,34.25,0.9267700981891772,0.913153240181374,0.01361685799539699,ConsentWaitPage,-2
1718904839.25,34.25,0.9267700981891772,0.9137440844625988,0.013026013714645108,ConsentWaitPage,-2
1718904839.5,34.25,0.9267700981891772,0.9143365959221188,0.012433502255536561,ConsentWaitPage,-2
1718904839.75,34.25,0.9267700981891772,0.9149278898636044,0.011842208314392142,ConsentWaitPage,-2
1718904840.0,34.23,0.8859747816309974,0.9155159424222957,-0.029541160802215263,ConsentWaitPage,-2
1718904840.25,34.23,0.8859747816309974,0.9160996023314141,-0.03012482071115278,ConsentWaitPage,-2
1718904840.5,34.23,0.8859747816309974,0.9166785737611937,-0.03070379214083698,ConsentWaitPage,-2
1718904840.75,34.23,0.8859747816309974,0.9172533735825891,-0.03127859196222273,ConsentWaitPage,-2
1718904841.0,34.25,0.9267700981891772,0.9178252663178289,0.008944831860644202,ConsentWaitPage,-2
1718904841.25,34.25,0.9267700981891772,0.9183961796106295,0.008373918567693019,ConsentWaitPage,-2
1718904841.5,34.25,0.9267700981891772,0.9189686024749628,0.00780149570313908,ConsentWaitPage,-2
1718904841.75,34.25,0.9267700981891772,0.9195454680630868,0.007224630114734107,ConsentWaitPage,-2
1718904842.0,34.25,0.9267700981891772,0.9201300223754189,0.0066400758020715035,ConsentWaitPage,-2
1718904842.25,34.25,0.9267700981891772,0.9207256802764467,0.006044417900673431,ConsentWaitPage,-2
1718904842.5,34.25,0.9267700981891772,0.92133587036952,0.005434227807199391,ConsentWaitPage,-2
1718904842.75,34.25,0.9267700981891772,0.9219638706670988,0.004806227509196768,ConsentWaitPage,-2
1718904843.0,34.25,0.9267700981891772,0.9226126375086023,0.004157460667252906,ConsentWaitPage,-2
1718904843.25,34.25,0.9267700981891772,0.9232846307638947,0.0034854674115092276,ConsentWaitPage,-2
1718904843.5,34.25,0.9267700981891772,0.9239816389604214,0.0027884592145243896,ConsentWaitPage,-2
1718904843.75,34.25,0.9267700981891772,0.9247046085355384,0.0020654896389462416,ConsentWaitPage,-2
1718904844.0,34.25,0.9267700981891772,0.9254534818980222,0.0013166162760018191,ConsentWaitPage,-2
1718904844.25,34.25,0.9267700981891772,0.926227049345579,0.0005430488279889829,ConsentWaitPage,-2
1718904844.5,34.25,0.9267700981891772,0.927022820096117,-0.0002527219229974311,ConsentWaitPage,-2
1718904844.75,34.25,0.9267700981891772,0.9278369177238937,-0.0010668195512108624,ConsentWaitPage,-2
1718904845.0,34.25,0.9267700981891772,0.9286640051283838,-0.0018939069561230435,ConsentWaitPage,-2
1718904845.25,34.25,0.9267700981891772,0.9294972437918627,-0.0027271456200063625,ConsentWaitPage,-2
1718904845.5,34.25,0.9267700981891772,0.9303282914964006,-0.0035581933249295467,ConsentWaitPage,-2
1718904845.75,34.25,0.9267700981891772,0.9311473418748188,-0.004377243703714665,ConsentWaitPage,-2
1718904846.0,34.25,0.9267700981891772,0.9319432081732494,-0.005173110002494965,ConsentWaitPage,-2
1718904846.25,34.25,0.9267700981891772,0.9327034524230087,-0.005933354252587606,ConsentWaitPage,-2
1718904846.5,34.25,0.9267700981891772,0.9334145598819854,-0.006644461711880769,ConsentWaitPage,-2
1718904846.75,34.25,0.9267700981891772,0.9340621571437063,-0.007292058973900159,ConsentWaitPage,-2
1718904847.0,34.25,0.9267700981891772,0.9346312707662788,-0.007861172596752274,ConsentWaitPage,-2
1718904847.25,34.25,0.9267700981891772,0.9351066216913763,-0.008336523522109847,ConsentWaitPage,-2
1718904847.5,34.25,0.9267700981891772,0.9354729491601538,-0.008702850991126783,ConsentWaitPage,-2
1718904847.75,34.25,0.9267700981891772,0.9357153563497397,-0.00894525818093077,ConsentWaitPage,-2
1718904848.0,34.25,0.9267700981891772,0.9358196686179044,-0.00904957044929198,ConsentWaitPage,-2
1718904848.25,34.25,0.9267700981891772,0.9357727941269458,-0.009002695958508118,ConsentWaitPage,-2
1718904848.5,34.25,0.9267700981891772,0.9355630757973192,-0.008792977629034453,ConsentWaitPage,-2
1718904848.75,34.25,0.9267700981891772,0.9351806230968811,-0.008410524928726494,ConsentWaitPage,-2
1718904849.0,34.27,0.9675654147473569,0.9346176121843295,0.0329478025418979,ConsentWaitPage,-2
1718904849.25,34.27,0.9675654147473569,0.9338685434741697,0.03369687125197354,ConsentWaitPage,-2
1718904849.5,34.27,0.9675654147473569,0.9329304468366119,0.03463496788946896,ConsentWaitPage,-2
1718904849.75,34.27,0.9675654147473569,0.9318030264038616,0.03576238832217749,ConsentWaitPage,-2
1718904850.0,34.25,0.9267700981891772,0.9304887392575266,-0.003718641089688838,ConsentWaitPage,-2
1718904850.25,34.25,0.9267700981891772,0.9289928049582331,-0.0022227067903977243,ConsentWaitPage,-2
1718904850.5,34.25,0.9267700981891772,0.9273231457175559,-0.000553047549703584,ConsentWaitPage,-2
1718904850.75,34.25,0.9267700981891772,0.9254902597647486,0.0012798384031403338,ConsentWaitPage,-2
1718904851.0,34.25,0.9267700981891772,0.9235070329381646,0.003263065229779962,ConsentWaitPage,-2
1718904851.25,34.25,0.9267700981891772,0.9213884956230903,0.005381602544927535,ConsentWaitPage,-2
1718904851.5,34.25,0.9267700981891772,0.9191515338172574,0.007618564350851509,ConsentWaitPage,-2
1718904851.75,34.25,0.9267700981891772,0.916814564314997,0.009955533853221437,ConsentWaitPage,-2
1718904852.0,34.23,0.8859747816309974,0.9143971847434507,-0.028422403133284008,ConsentWaitPage,-2
1718904852.25,34.23,0.8859747816309974,0.9119198094311373,-0.0259450278208228,ConsentWaitPage,-2
1718904852.5,34.23,0.8859747816309974,0.9094033018097011,-0.023428520199218393,ConsentWaitPage,-2
1718904852.75,34.23,0.8859747816309974,0.9068686132370313,-0.0208938316263605,ConsentWaitPage,-2
1718904853.0,34.23,0.8859747816309974,0.9043364368338072,-0.01836165522293036,ConsentWaitPage,-2
1718904853.25,34.23,0.8859747816309974,0.9018268832669863,-0.015852101655888975,ConsentWaitPage,-2
1718904853.5,34.23,0.8859747816309974,0.8993591835691035,-0.013384401957775183,ConsentWaitPage,-2
1718904853.75,34.23,0.8859747816309974,0.8969514222491644,-0.010976640637599747,ConsentWaitPage,-2
1718904854.0,34.25,0.9267700981891772,0.8946203023200249,0.032149795849956406,ConsentWaitPage,-2
1718904854.25,34.25,0.9267700981891772,0.8923809426056453,0.03438915556456869,ConsentWaitPage,-2
1718904854.5,34.25,0.9267700981891772,0.890246706927158,0.03652339124328036,ConsentWaitPage,-2
1718904854.75,34.25,0.9267700981891772,0.8882290645594543,0.038541033611196464,ConsentWaitPage,-2
1718904855.0,34.23,0.8859747816309974,0.8863374816601635,-0.00036270004749503273,ConsentWaitPage,-2
1718904855.25,34.23,0.8859747816309974,0.8845793440490319,0.0013954375638155145,ConsentWaitPage,-2
1718904855.5,34.23,0.8859747816309974,0.8829599125242781,0.003014869088725433,ConsentWaitPage,-2
1718904855.75,34.23,0.8859747816309974,0.8814823125901612,0.004492469022971157,ConsentWaitPage,-2
1718904856.0,34.21,0.8451794650728321,0.8801475608264441,-0.03496809577137928,ConsentWaitPage,-2
1718904856.25,34.21,0.8451794650728321,0.8789546300214838,-0.03377516496635438,ConsentWaitPage,-2
1718904856.5,34.21,0.8451794650728321,0.8779005545602906,-0.03272108950513158,ConsentWaitPage,-2
1718904856.75,34.21,0.8451794650728321,0.8769805764252044,-0.03180111137005166,ConsentWaitPage,-2
1718904857.0,34.23,0.8859747816309974,0.8761883306286258,0.009786450984650398,ConsentWaitPage,-2
1718904857.25,34.23,0.8859747816309974,0.875516067134612,0.010458714478588621,ConsentWaitPage,-2
1718904857.5,34.23,0.8859747816309974,0.8749549045697149,0.011019877043379901,ConsentWaitPage,-2
1718904857.75,34.23,0.8859747816309974,0.8744951094939455,0.011479672119015943,ConsentWaitPage,-2
1718904858.0,34.23,0.8859747816309974,0.8741263938509236,0.011848387761880168,ConsentWaitPage,-2
1718904858.25,34.23,0.8859747816309974,0.8738382224952993,0.012136559117326149,ConsentWaitPage,-2
1718904858.5,34.23,0.8859747816309974,0.8736201223745652,0.01235465923786518,ConsentWaitPage,-2
1718904858.75,34.23,0.8859747816309974,0.8734619849405224,0.012512796671700755,ConsentWaitPage,-2
1718904859.0,34.21,0.8451794650728321,0.873354353581276,-0.0281748885274336,ConsentWaitPage,-2
1718904859.25,34.21,0.8451794650728321,0.873288688192516,-0.028109223138894357,ConsentWaitPage,-2
1718904859.5,34.21,0.8451794650728321,0.8732575993553282,-0.02807813430192998,ConsentWaitPage,-2
1718904859.75,34.21,0.8451794650728321,0.8732550449076986,-0.028075579854523924,ConsentWaitPage,-2
1718904860.0,34.23,0.8859747816309974,0.8732764820152006,0.01269829959591796,ConsentWaitPage,-2
1718904860.25,34.23,0.8859747816309974,0.8733189682789573,0.012655813331944984,ConsentWaitPage,-2
1718904860.5,34.23,0.8859747816309974,0.8733812061423853,0.012593575468309255,ConsentWaitPage,-2
1718904860.75,34.23,0.8859747816309974,0.8734635260486466,0.012511255561853446,ConsentWaitPage,-2
1718904861.0,34.25,0.9267700981891772,0.8735678055725119,0.05320229259599134,ConsentWaitPage,-2
1718904861.25,34.25,0.9267700981891772,0.8736973241242996,0.0530727740440493,ConsentWaitPage,-2
1718904861.5,34.25,0.9267700981891772,0.8738565557263992,0.05291354244182008,ConsentWaitPage,-2
1718904861.75,34.25,0.9267700981891772,0.8740509056326765,0.052719192535438025,ConsentWaitPage,-2
1718904862.0,34.21,0.8451794650728321,0.8742863999425199,-0.029106934890831042,ConsentWaitPage,-2
1718904862.25,34.21,0.8451794650728321,0.874569340510168,-0.02938987545853638,ConsentWaitPage,-2
1718904862.5,34.21,0.8451794650728321,0.8749059399782607,-0.029726474926662968,ConsentWaitPage,-2
1718904862.75,34.21,0.8451794650728321,0.8753019533304534,-0.03012248827886642,ConsentWaitPage,-2
1718904863.0,34.21,0.8451794650728321,0.8757623227609664,-0.03058285770936761,ConsentWaitPage,-2
1718904863.25,34.21,0.8451794650728321,0.876290851884631,-0.0311113868329973,ConsentWaitPage,-2
1718904863.5,34.21,0.8451794650728321,0.8768899235034208,-0.03171045845172854,ConsentWaitPage,-2
1718904863.75,34.21,0.8451794650728321,0.8775602725411841,-0.03238080748940844,ConsentWaitPage,-2
1718904864.0,34.23,0.8859747816309974,0.8783008226306925,0.0076739589793581725,ConsentWaitPage,-2
1718904864.25,34.23,0.8859747816309974,0.8791085914676847,0.006866190142504145,ConsentWaitPage,-2
1718904864.5,34.23,0.8859747816309974,0.8799786667057167,0.005996114904640852,ConsentWaitPage,-2
1718904864.75,34.23,0.8859747816309974,0.8809042510847477,0.005070530525810257,ConsentWaitPage,-2
1718904865.0,34.23,0.8859747816309974,0.8818767728250222,0.004098008785767791,ConsentWaitPage,-2
1718904865.25,34.23,0.8859747816309974,0.8828860551486516,0.003088726462401047,ConsentWaitPage,-2
1718904865.5,34.23,0.8859747816309974,0.8839205371164283,0.0020542444949146216,ConsentWaitPage,-2
1718904865.75,34.23,0.8859747816309974,0.8849675367523124,0.0010072448593435573,ConsentWaitPage,-2
1718904866.0,34.23,0.8859747816309974,0.8860135466300005,-3.876501801464583e-05,ConsentWaitPage,-2
1718904866.25,34.23,0.8859747816309974,0.8870445516775642,-0.0010697700652391121,ConsentWaitPage,-2
1718904866.5,34.23,0.8859747816309974,0.8880463588887771,-0.002071577276110348,ConsentWaitPage,-2
1718904866.75,34.23,0.8859747816309974,0.8890049288943941,-0.0030301472813892127,ConsentWaitPage,-2
1718904867.0,34.25,0.9267700981891772,0.889906699933532,0.03686339823798106,ConsentWaitPage,-2
1718904867.25,34.25,0.9267700981891772,0.8907388956705061,0.03603120250131799,ConsentWaitPage,-2
1718904867.5,34.25,0.9267700981891772,0.8914898095148234,0.035280288657286954,ConsentWaitPage,-2
1718904867.75,34.25,0.9267700981891772,0.8921490595749034,0.03462103859746098,ConsentWaitPage,-2
1718904868.0,34.21,0.8451794650728321,0.8927078099943047,-0.04752834493806963,ConsentWaitPage,-2
1718904868.25,34.21,0.8451794650728321,0.8931589559895746,-0.04797949093316769,ConsentWaitPage,-2
1718904868.5,34.21,0.8451794650728321,0.893497271201113,-0.04831780614458266,ConsentWaitPage,-2
1718904868.75,34.21,0.8451794650728321,0.8937195168039601,-0.04854005174735907,ConsentWaitPage,-2
1718904869.0,34.25,0.9267700981891772,0.8938245121703055,0.032945586002654945,ConsentWaitPage,-2
1718904869.25,34.25,0.9267700981891772,0.8938131668772702,0.03295693129564576,ConsentWaitPage,-2
1718904869.5,34.25,0.9267700981891772,0.8936884737861965,0.03308162438661566,ConsentWaitPage,-2
1718904869.75,34.25,0.9267700981891772,0.8934554630604412,0.03331463511220935,ConsentWaitPage,-2
1718904870.0,34.23,0.8859747816309974,0.8931211174943688,-0.007146335880113434,ConsentWaitPage,-2
1718904870.25,34.23,0.8859747816309974,0.8926942503784445,-0.006719468764450934,ConsentWaitPage,-2
1718904870.5,34.23,0.8859747816309974,0.8921853481667835,-0.006210566553090138,ConsentWaitPage,-2
1718904870.75,34.23,0.8859747816309974,0.8916063812412699,-0.005631599627905916,ConsentWaitPage,-2
1718904871.0,34.23,0.8859747816309974,0.8909705869199408,-0.004995805306925747,ConsentWaitPage,-2
1718904871.25,34.23,0.8859747816309974,0.8902922294596052,-0.004317447846948118,ConsentWaitPage,-2
1718904871.5,34.23,0.8859747816309974,0.8895863421499227,-0.0036115605376221592,ConsentWaitPage,-2
1718904871.75,34.23,0.8859747816309974,0.8888684567247715,-0.0028936751128179755,ConsentWaitPage,-2
1718904872.0,34.23,0.8859747816309974,0.8881543252745024,-0.002179543662878213,ConsentWaitPage,-2
1718904872.25,34.23,0.8859747816309974,0.8874596396753678,-0.0014848580640484032,ConsentWaitPage,-2
1718904872.5,34.23,0.8859747816309974,0.8867997533000515,-0.0008249716890069781,ConsentWaitPage,-2
1718904872.75,34.23,0.8859747816309974,0.8861894094693523,-0.00021462785854865774,ConsentWaitPage,-2
1718904873.0,34.23,0.8859747816309974,0.8856424807767653,0.0003323008338344531,ConsentWaitPage,-2
1718904873.25,34.23,0.8859747816309974,0.8851717230855298,0.0008030585249041928,ConsentWaitPage,-2
1718904873.5,34.23,0.8859747816309974,0.8847885476759394,0.0011862339343676823,ConsentWaitPage,-2
1718904873.75,34.23,0.8859747816309974,0.8845028147175964,0.0014719668926221835,ConsentWaitPage,-2
1718904874.0,34.23,0.8859747816309974,0.8843226509596034,0.001652130650562539,ConsentWaitPage,-2
1718904874.25,34.23,0.8859747816309974,0.8842542942691747,0.0017204873409696782,ConsentWaitPage,-2
1718904874.5,34.23,0.8859747816309974,0.8843019673993473,0.0016728142108000177,ConsentWaitPage,-2
1718904874.75,34.23,0.8859747816309974,0.8844677831194223,0.0015069984907449038,ConsentWaitPage,-2
1718904875.0,34.23,0.8859747816309974,0.8847516825849582,0.001223099025237926,ConsentWaitPage,-2
1718904875.25,34.23,0.8859747816309974,0.8851514085434349,0.0008233730667906521,ConsentWaitPage,-2
1718904875.5,34.23,0.8859747816309974,0.8856625146523892,0.0003122669578576524,ConsentWaitPage,-2
1718904875.75,34.23,0.8859747816309974,0.8862784118146353,-0.0003036302043829199,ConsentWaitPage,-2
1718904876.0,34.23,0.8859747816309974,0.8869904519974366,-0.001015670387200874,ConsentWaitPage,-2
1718904876.25,34.23,0.8859747816309974,0.887788049489094,-0.0018132678789009207,ConsentWaitPage,-2
1718904876.5,34.23,0.8859747816309974,0.8886588389509655,-0.0026840573408438294,ConsentWaitPage,-2
1718904876.75,34.23,0.8859747816309974,0.8895888689437419,-0.0036140873337212366,ConsentWaitPage,-2
1718904877.0,34.23,0.8859747816309974,0.8905628288477921,-0.0045880472379012886,ConsentWaitPage,-2
1718904877.25,34.23,0.8859747816309974,0.8915643062690555,-0.005589524659319951,ConsentWaitPage,-2
1718904877.5,34.23,0.8859747816309974,0.8925760711420485,-0.006601289532490009,ConsentWaitPage,-2
1718904877.75,34.23,0.8859747816309974,0.8935803818358365,-0.007605600226470469,ConsentWaitPage,-2
1718904878.0,34.23,0.8859747816309974,0.894559307671506,-0.008584526062339348,ConsentWaitPage,-2
1718904878.25,34.23,0.8859747816309974,0.8954950614139479,-0.009520279804978615,ConsentWaitPage,-2
1718904878.5,34.23,0.8859747816309974,0.8963703345588997,-0.010395552950117433,ConsentWaitPage,-2
1718904878.75,34.23,0.8859747816309974,0.8971686276597429,-0.011193846051129571,ConsentWaitPage,-2
1718904879.0,34.25,0.9267700981891772,0.8978745675978396,0.028895530568810116,ConsentWaitPage,-2
1718904879.25,34.25,0.9267700981891772,0.8984742036707761,0.02829589449576122,ConsentWaitPage,-2
1718904879.5,34.25,0.9267700981891772,0.8989552747221157,0.027814823444343738,ConsentWaitPage,-2
1718904879.75,34.25,0.9267700981891772,0.8993074402948242,0.027462657871592275,ConsentWaitPage,-2
1718904880.0,34.23,0.8859747816309974,0.8995224699186894,-0.01354768831046211,ConsentWaitPage,-2
1718904880.25,34.23,0.8859747816309974,0.8995943860164504,-0.013619604408201019,ConsentWaitPage,-2
1718904880.5,34.23,0.8859747816309974,0.8995195573547572,-0.013544775746455871,ConsentWaitPage,-2
1718904880.75,34.23,0.8859747816309974,0.8992967412996106,-0.013321959691227719,ConsentWaitPage,-2
1718904881.0,34.23,0.8859747816309974,0.8989270742512799,-0.012952292642785515,ConsentWaitPage,-2
1718904881.25,34.23,0.8859747816309974,0.8984140105124935,-0.01243922890385568,ConsentWaitPage,-2
1718904881.5,34.23,0.8859747816309974,0.8977632105459138,-0.011788428937098343,ConsentWaitPage,-2
1718904881.75,34.23,0.8859747816309974,0.896982380206482,-0.011007598597451968,ConsentWaitPage,-2
1718904882.0,34.25,0.9267700981891772,0.8960810632093287,0.030689034958134992,ConsentWaitPage,-2
1718904882.25,34.25,0.9267700981891772,0.8950703899294067,0.031699708238349875,ConsentWaitPage,-2
1718904882.5,34.25,0.9267700981891772,0.8939627867185016,0.032807311449584,ConsentWaitPage,-2
1718904882.75,34.25,0.9267700981891772,0.8927716513119068,0.03399844685653826,ConsentWaitPage,-2
1718904883.0,34.23,0.8859747816309974,0.8915110015389903,-0.005536219928343845,ConsentWaitPage,-2
1718904883.25,34.23,0.8859747816309974,0.8901951063090129,-0.004220324697973711,ConsentWaitPage,-2
1718904883.5,34.23,0.8859747816309974,0.8888381095051046,-0.0028633278936727206,ConsentWaitPage,-2
1718904883.75,34.23,0.8859747816309974,0.8874536587643133,-0.0014788771525022061,ConsentWaitPage,-2
1718904884.0,34.23,0.8859747816309974,0.8860545519795482,-7.97703673863664e-05,ConsentWaitPage,-2
1718904884.25,34.23,0.8859747816309974,0.8846524146379048,0.0013223669745664594,ConsentWaitPage,-2
1718904884.5,34.23,0.8859747816309974,0.8832574207827257,0.0027173608300035124,ConsentWaitPage,-2
1718904884.75,34.23,0.8859747816309974,0.8818780694594189,0.004096712153509515,ConsentWaitPage,-2
1718904885.0,34.21,0.8451794650728321,0.8805210269874134,-0.03534156193251453,ConsentWaitPage,-2
1718904885.25,34.21,0.8451794650728321,0.8791910432971126,-0.03401157824214384,ConsentWaitPage,-2
1718904885.5,34.21,0.8451794650728321,0.8778909478898586,-0.03271148283488732,ConsentWaitPage,-2
1718904885.75,34.21,0.8451794650728321,0.8766217277610121,-0.031442262706106394,ConsentWaitPage,-2
1718904886.0,34.21,0.8451794650728321,0.8753826859768447,-0.03020322092206984,ConsentWaitPage,-2
1718904886.25,34.21,0.8451794650728321,0.8741716757017058,-0.028992210647122398,ConsentWaitPage,-2
1718904886.5,34.21,0.8451794650728321,0.8729854005852881,-0.027805935530950773,ConsentWaitPage,-2
1718904886.75,34.21,0.8451794650728321,0.871819768825638,-0.026640303771595403,ConsentWaitPage,-2
1718904887.0,34.25,0.9267700981891772,0.8706702852109148,0.05609981295913598,ConsentWaitPage,-2
1718904887.25,34.25,0.9267700981891772,0.8695324632855028,0.057237634884176034,ConsentWaitPage,-2
1718904887.5,34.25,0.9267700981891772,0.8684022387132305,0.05836785945604869,ConsentWaitPage,-2
1718904887.75,34.25,0.9267700981891772,0.8672763650510424,0.05949373311781763,ConsentWaitPage,-2
1718904888.0,34.21,0.8451794650728321,0.8661527744630219,-0.020973309410937002,ConsentWaitPage,-2
1718904888.25,34.21,0.8451794650728321,0.8650308881688948,-0.019851423117243083,ConsentWaitPage,-2
1718904888.5,34.21,0.8451794650728321,0.8639118642713731,-0.018732399220148674,ConsentWaitPage,-2
1718904888.75,34.21,0.8451794650728321,0.862798773670651,-0.01761930861983862,ConsentWaitPage,-2
1718904889.0,34.23,0.8859747816309974,0.8616966977916175,0.024278083816973255,ConsentWaitPage,-2
1718904889.25,34.23,0.8859747816309974,0.8606127447252356,0.025362036883002502,ConsentWaitPage,-2
1718904889.5,34.23,0.8859747816309974,0.8595559831537105,0.02641879845421809,ConsentWaitPage,-2
1718904889.75,34.23,0.8859747816309974,0.8585372961573399,0.027437485450329452,ConsentWaitPage,-2
1718904890.0,34.21,0.8451794650728321,0.857569159702599,-0.012389694653297725,ConsentWaitPage,-2
1718904890.25,34.21,0.8451794650728321,0.85666535320651,-0.011485888157350358,ConsentWaitPage,-2
1718904890.5,34.21,0.8451794650728321,0.8558406119115503,-0.010661146862466813,ConsentWaitPage,-2
1718904890.75,34.21,0.8451794650728321,0.8551102327283506,-0.00993076767927582,ConsentWaitPage,-2
1718904891.0,34.21,0.8451794650728321,0.854489646602355,-0.00931018155321939,ConsentWaitPage,-2
1718904891.25,34.21,0.8451794650728321,0.8539939713086474,-0.008814506259380848,ConsentWaitPage,-2
1718904891.5,34.21,0.8451794650728321,0.8536375589190432,-0.008458093869576012,ConsentWaitPage,-2
1718904891.75,34.21,0.8451794650728321,0.8534335520970542,-0.008254087047318077,ConsentWaitPage,-2
1718904892.0,34.23,0.8859747816309974,0.8533934629490134,0.03258131865922074,ConsentWaitPage,-2
1718904892.25,34.23,0.8859747816309974,0.8535267874773989,0.032447994131225684,ConsentWaitPage,-2
1718904892.5,34.23,0.8859747816309974,0.8538406678082786,0.032134113800785284,ConsentWaitPage,-2
1718904892.75,34.23,0.8859747816309974,0.854339613314119,0.031635168295422074,ConsentWaitPage,-2
1718904893.0,34.18,0.7839864902355699,0.855025290462249,-0.0710388002476337,ConsentWaitPage,-2
1718904893.25,34.18,0.7839864902355699,0.8558963895397108,-0.07190989932458436,ConsentWaitPage,-2
1718904893.5,34.18,0.7839864902355699,0.8569485741537367,-0.07296208393810362,ConsentWaitPage,-2
1718904893.75,34.18,0.7839864902355699,0.8581745164703031,-0.07418802625418179,ConsentWaitPage,-2
1718904894.0,34.23,0.8859747816309974,0.8595640176000306,0.026410764011974994,ConsentWaitPage,-2
1718904894.25,34.23,0.8859747816309974,0.8611042086676777,0.024870572944741993,ConsentWaitPage,-2
1718904894.5,34.23,0.8859747816309974,0.8627798243663296,0.02319495724645136,ConsentWaitPage,-2
1718904894.75,34.23,0.8859747816309974,0.8645735376675616,0.021401243945521557,ConsentWaitPage,-2
1718904895.0,34.23,0.8859747816309974,0.866466342159681,0.019508439453641863,ConsentWaitPage,-2
1718904895.25,34.23,0.8859747816309974,0.8684379673308139,0.017536814282684943,ConsentWaitPage,-2
1718904895.5,34.23,0.8859747816309974,0.8704673119351116,0.015507469678500203,ConsentWaitPage,-2
1718904895.75,34.23,0.8859747816309974,0.8725328812156157,0.013441900398048635,ConsentWaitPage,-2
1718904896.0,34.23,0.8859747816309974,0.8746132150179236,0.011361566595735867,ConsentWaitPage,-2
1718904896.25,34.23,0.8859747816309974,0.8766872955344619,0.009287486079138839,ConsentWaitPage,-2
1718904896.5,34.23,0.8859747816309974,0.8787349254068495,0.007239856206642869,ConsentWaitPage,-2
1718904896.75,34.23,0.8859747816309974,0.8807370690391774,0.005237712574161845,ConsentWaitPage,-2
1718904897.0,34.23,0.8859747816309974,0.8826761521127291,0.0032986295004175034,ConsentWaitPage,-2
1718904897.25,34.23,0.8859747816309974,0.884536316336581,0.0014384652763385006,ConsentWaitPage,-2
1718904897.5,34.23,0.8859747816309974,0.88630362833165,-0.00032884671898724717,ConsentWaitPage,-2
1718904897.75,34.23,0.8859747816309974,0.8879662431599868,-0.0019914615476049865,ConsentWaitPage,-2
1718904898.0,34.23,0.8859747816309974,0.8895145243268157,-0.0035397427147342013,ConsentWaitPage,-2
1718904898.25,34.23,0.8859747816309974,0.8909411230683104,-0.004966341456544413,ConsentWaitPage,-2
1718904898.5,34.23,0.8859747816309974,0.8922410203788478,-0.006266238767407645,ConsentWaitPage,-2
1718904898.75,34.23,0.8859747816309974,0.8934115355293676,-0.007436753918259233,ConsentWaitPage,-2
1718904899.0,34.23,0.8859747816309974,0.8944523048007691,-0.008477523189993948,ConsentWaitPage,-2
1718904899.25,34.23,0.8859747816309974,0.8953652338346114,-0.0093904522241659,ConsentWaitPage,-2
1718904899.5,34.23,0.8859747816309974,0.8961544264326663,-0.010179644822542949,ConsentWaitPage,-2
1718904899.75,34.23,0.8859747816309974,0.8968260918741073,-0.010851310264293713,ConsentWaitPage,-2
1718904900.0,34.23,0.8859747816309974,0.8973884319322133,-0.011413650322691177,ConsentWaitPage,-2
1718904900.25,34.23,0.8859747816309974,0.8978515078391034,-0.0118767262298484,ConsentWaitPage,-2
1718904900.5,34.23,0.8859747816309974,0.8982270865534262,-0.012252304944408519,ConsentWaitPage,-2
1718904900.75,34.23,0.8859747816309974,0.8985284649257674,-0.012553683316953848,ConsentWaitPage,-2
1718904901.0,34.25,0.9267700981891772,0.8987702698294998,0.02799982833732404,ConsentWaitPage,-2
1718904901.25,34.25,0.9267700981891772,0.8989682321321731,0.02780186603451681,ConsentWaitPage,-2
1718904901.5,34.25,0.9267700981891772,0.8991389326133737,0.027631165553219792,ConsentWaitPage,-2
1718904901.75,34.25,0.9267700981891772,0.8992995186373436,0.027470579529192914,ConsentWaitPage,-2
1718904902.0,34.23,0.8859747816309974,0.8994673915358484,-0.013492609927507858,ConsentWaitPage,-2
1718904902.25,34.23,0.8859747816309974,0.8996598661345779,-0.013685084526211692,ConsentWaitPage,-2
1718904902.5,34.23,0.8859747816309974,0.8998938054911669,-0.013919023882734301,ConsentWaitPage,-2
1718904902.75,34.23,0.8859747816309974,0.9001852355329734,-0.014210453924436314,ConsentWaitPage,-2
1718904903.0,34.25,0.9267700981891772,0.9005489457789353,0.026221152387920606,ConsentWaitPage,-2
1718904903.25,34.25,0.9267700981891772,0.9009980836811285,0.02577201448589747,ConsentWaitPage,-2
1718904903.5,34.25,0.9267700981891772,0.9015437513700039,0.02522634679722057,ConsentWaitPage,-2
1718904903.75,34.25,0.9267700981891772,0.9021946147770239,0.024575483390425854,ConsentWaitPage,-2
1718904904.0,34.23,0.8859747816309974,0.9029565362257591,-0.016981754616237577,ConsentWaitPage,-2
1718904904.25,34.23,0.8859747816309974,0.903832242530911,-0.017857460921112032,ConsentWaitPage,-2
1718904904.5,34.23,0.8859747816309974,0.904821041271017,-0.018846259660915604,ConsentWaitPage,-2
1718904904.75,34.23,0.8859747816309974,0.9059185980567478,-0.01994381644631963,ConsentWaitPage,-2
1718904905.0,34.25,0.9267700981891772,0.9071167872218591,0.0196533109470984,ConsentWaitPage,-2
1718904905.25,34.25,0.9267700981891772,0.9084036274305829,0.01836647073874533,ConsentWaitPage,-2
1718904905.5,34.25,0.9267700981891772,0.9097633123052459,0.017006785864472608,ConsentWaitPage,-2
1718904905.75,34.25,0.9267700981891772,0.9111763444220945,0.015593753748031436,ConsentWaitPage,-2
1718904906.0,34.23,0.8859747816309974,0.9126197789417434,-0.0266449973293756,ConsentWaitPage,-2
1718904906.25,34.23,0.8859747816309974,0.914067580698164,-0.028092799085364807,ConsentWaitPage,-2
1718904906.5,34.23,0.8859747816309974,0.9154910956823498,-0.029516314069116395,ConsentWaitPage,-2
1718904906.75,34.23,0.8859747816309974,0.9168596344518513,-0.03088485283818852,ConsentWaitPage,-2
1718904907.0,34.23,0.8859747816309974,0.9181411610776727,-0.03216637946359383,ConsentWaitPage,-2
1718904907.25,34.23,0.8859747816309974,0.9193030769111749,-0.03332829529670188,ConsentWaitPage,-2
1718904907.5,34.23,0.8859747816309974,0.9203130839121249,-0.03433830229728834,ConsentWaitPage,-2
1718904907.75,34.23,0.8859747816309974,0.9211401077789638,-0.0351653261638008,ConsentWaitPage,-2
1718904908.0,34.25,0.9267700981891772,0.9217552569465565,0.005014841227070774,ConsentWaitPage,-2
1718904908.25,34.25,0.9267700981891772,0.9221327899596017,0.004637308214265081,ConsentWaitPage,-2
1718904908.5,34.25,0.9267700981891772,0.9222510610800422,0.004519037094018437,ConsentWaitPage,-2
1718904908.75,34.25,0.9267700981891772,0.9220934124972119,0.004676685676996802,ConsentWaitPage,-2
1718904909.0,34.27,0.9675654147473569,0.921648981362012,0.04591643337047674,ConsentWaitPage,-2
1718904909.25,34.27,0.9675654147473569,0.920913391151,0.04665202358153926,ConsentWaitPage,-2
1718904909.5,34.27,0.9675654147473569,0.9198892995812562,0.04767611515128168,ConsentWaitPage,-2
1718904909.75,34.27,0.9675654147473569,0.9185867793522628,0.04897863538022026,ConsentWaitPage,-2
1718904910.0,34.25,0.9267700981891772,0.9170235132007175,0.009746584973477038,ConsentWaitPage,-2
1718904910.25,34.25,0.9267700981891772,0.9152247908342217,0.011545307339809137,ConsentWaitPage,-2
1718904910.5,34.25,0.9267700981891772,0.9132233019075681,0.013546796266243596,ConsentWaitPage,-2
1718904910.75,34.25,0.9267700981891772,0.9110587259588949,0.01571137221464249,ConsentWaitPage,-2
1718904911.0,34.25,0.9267700981891772,0.9087771268197018,0.01799297135350901,ConsentWaitPage,-2
1718904911.25,34.25,0.9267700981891772,0.906430165215729,0.020339932957107832,ConsentWaitPage,-2
1718904911.5,34.25,0.9267700981891772,0.9040741489094425,0.02269594926298128,ConsentWaitPage,-2
1718904911.75,34.25,0.9267700981891772,0.9017689446501614,0.025001153521821043,ConsentWaitPage,-2
1718904912.0,34.21,0.8451794650728321,0.8995767802433691,-0.05439731518819014,ConsentWaitPage,-2
1718904912.25,34.21,0.8451794650728321,0.8975609680655618,-0.052381503010847645,ConsentWaitPage,-2
1718904912.5,34.21,0.8451794650728321,0.8957845831867919,-0.050605118132538554,ConsentWaitPage,-2
1718904912.75,34.21,0.8451794650728321,0.8943091298394997,-0.04912966478569378,ConsentWaitPage,-2
1718904913.0,34.25,0.9267700981891772,0.8931932293436093,0.033576868826117545,ConsentWaitPage,-2
1718904913.25,34.25,0.9267700981891772,0.8924913609787555,0.03427873719058031,ConsentWaitPage,-2
1718904913.5,34.25,0.9267700981891772,0.8922526850041603,0.034517413164826295,ConsentWaitPage,-2
1718904913.75,34.25,0.9267700981891772,0.8925199743684208,0.03425012380026606,ConsentWaitPage,-2
1718904914.0,34.21,0.8451794650728321,0.8933286787935691,-0.04814921374147196,ConsentWaitPage,-2
1718904914.25,34.21,0.8451794650728321,0.8947061418461388,-0.0495266767942259,ConsentWaitPage,-2
1718904914.5,34.21,0.8451794650728321,0.8966709881805266,-0.05149152312873308,ConsentWaitPage,-2
1718904914.75,34.21,0.8451794650728321,0.8992326942128901,-0.05405322916114753,ConsentWaitPage,-2
1718904915.0,34.25,0.9267700981891772,0.9023913510382412,0.024378747129866762,ConsentWaitPage,-2
1718904915.25,34.25,0.9267700981891772,0.9061376236008141,0.020632474567387735,ConsentWaitPage,-2
1718904915.5,34.25,0.9267700981891772,0.9104529052647942,0.016317192903575854,ConsentWaitPage,-2
1718904915.75,34.25,0.9267700981891772,0.9153096623241364,0.011460435844474114,ConsentWaitPage,-2
1718904916.0,34.25,0.9267700981891772,0.9206719588526984,0.006098139316219501,ConsentWaitPage,-2
1718904916.25,34.25,0.9267700981891772,0.9264961486948593,0.00027394947442721876,ConsentWaitPage,-2
1718904916.5,34.25,0.9267700981891772,0.9327317182770695,-0.005961620107360715,ConsentWaitPage,-2
1718904916.75,34.25,0.9267700981891772,0.9393222611779996,-0.012552163007825714,ConsentWaitPage,-2
1718904917.0,34.25,0.9267700981891772,0.9462065629361475,-0.0194364647654791,ConsentWaitPage,-2
1718904917.25,34.25,0.9267700981891772,0.9533197723480965,-0.026549674176918815,ConsentWaitPage,-2
1718904917.5,34.25,0.9267700981891772,0.9605946335203045,-0.033824535348619233,ConsentWaitPage,-2
1718904917.75,34.25,0.9267700981891772,0.9679627512421198,-0.04119265306994645,ConsentWaitPage,-2
1718904918.0,34.29,1.0083607313055223,0.9753558609674946,0.03300487032147294,ConsentWaitPage,-2
1718904918.25,34.29,1.0083607313055223,0.982707074003537,0.025653657285822494,ConsentWaitPage,-2
1718904918.5,34.29,1.0083607313055223,0.989952068613683,0.01840866267599648,ConsentWaitPage,-2
1718904918.75,34.29,1.0083607313055223,0.997030198837831,0.011330532452085504,ConsentWaitPage,-2
1718904919.0,34.31,1.0491560478637019,1.003885495008625,0.04527055283961741,ConsentWaitPage,-2
1718904919.25,34.31,1.0491560478637019,1.0104675331766302,0.038688514671663024,ConsentWaitPage,-2
1718904919.5,34.31,1.0491560478637019,1.016732154816798,0.03242389303145006,ConsentWaitPage,-2
1718904919.75,34.31,1.0491560478637019,1.0226420230767892,0.026514024771319714,ConsentWaitPage,-2
1718904920.0,34.31,1.0491560478637019,1.0281670072006952,0.020989040647183512,ConsentWaitPage,-2
1718904920.25,34.31,1.0491560478637019,1.0332843923379822,0.01587165550958092,ConsentWaitPage,-2
1718904920.5,34.31,1.0491560478637019,1.037978917427695,0.011177130419474112,ConsentWaitPage,-2
1718904920.75,34.31,1.0491560478637019,1.0422426489461534,0.0069133989005519415,ConsentWaitPage,-2
1718904921.0,34.29,1.0083607313055223,1.0460747027750112,-0.037713971487008974,ConsentWaitPage,-2
1718904921.25,34.29,1.0083607313055223,1.0494808300894536,-0.04112009880202433,ConsentWaitPage,-2
1718904921.5,34.29,1.0083607313055223,1.0524728858512467,-0.04411215456442974,ConsentWaitPage,-2
1718904921.75,34.29,1.0083607313055223,1.0550682001744394,-0.04670746888826258,ConsentWaitPage,-2
1718904922.0,34.33,1.0899513644218672,1.057288873586031,0.03266249081583428,ConsentWaitPage,-2
1718904922.25,34.33,1.0899513644218672,1.0591610172252839,0.03079034717591913,ConsentWaitPage,-2
1718904922.5,34.33,1.0899513644218672,1.0607139585855117,0.02923740581503216,ConsentWaitPage,-2
1718904922.75,34.33,1.0899513644218672,1.0619794327566034,0.027971931643292838,ConsentWaitPage,-2
1718904923.0,34.31,1.0491560478637019,1.0629907784160848,-0.013834730574982159,ConsentWaitPage,-2
1718904923.25,34.31,1.0491560478637019,1.063782157023054,-0.014626109182553259,ConsentWaitPage,-2
1718904923.5,34.31,1.0491560478637019,1.0643878126534387,-0.015231764813506452,ConsentWaitPage,-2
1718904923.75,34.31,1.0491560478637019,1.0648413885075303,-0.015685340668126817,ConsentWaitPage,-2
1718904924.0,34.31,1.0491560478637019,1.0651753142093066,-0.01601926637038706,ConsentWaitPage,-2
1718904924.25,34.31,1.0491560478637019,1.0654202755854287,-0.01626422774694314,ConsentWaitPage,-2
1718904924.5,34.31,1.0491560478637019,1.065604775728897,-0.016448727890789938,ConsentWaitPage,-2
1718904924.75,34.31,1.0491560478637019,1.065754792937773,-0.01659874509998531,ConsentWaitPage,-2
1718904925.0,34.31,1.0491560478637019,1.0658935377140577,-0.01673748987652762,ConsentWaitPage,-2
1718904925.25,34.31,1.0491560478637019,1.0660413075598651,-0.016885259722531992,ConsentWaitPage,-2
1718904925.5,34.31,1.0491560478637019,1.0662154349685966,-0.01705938713140177,ConsentWaitPage,-2
1718904925.75,34.31,1.0491560478637019,1.0664303209309955,-0.01727427309388382,ConsentWaitPage,-2
1718904926.0,34.33,1.0899513644218672,1.0666975436142405,0.023253820781003746,ConsentWaitPage,-2
1718904926.25,34.33,1.0899513644218672,1.0670260297788217,0.022925334616434197,ConsentWaitPage,-2
1718904926.5,34.33,1.0899513644218672,1.0674222751099616,0.02252908928534328,ConsentWaitPage,-2
1718904926.75,34.33,1.0899513644218672,1.0678905990520393,0.022060765343343388,ConsentWaitPage,-2
1718904927.0,34.33,1.0899513644218672,1.06843341996416,0.021517944431320928,ConsentWaitPage,-2
1718904927.25,34.33,1.0899513644218672,1.0690515373898457,0.020899827005745514,ConsentWaitPage,-2
1718904927.5,34.33,1.0899513644218672,1.069744409806037,0.020206954589668816,ConsentWaitPage,-2
1718904927.75,34.33,1.0899513644218672,1.0705104181975094,0.019440946198307097,ConsentWaitPage,-2
1718904928.0,34.31,1.0491560478637019,1.0713471079918089,-0.022191060154058556,ConsentWaitPage,-2
1718904928.25,34.31,1.0491560478637019,1.0722514040913342,-0.02309535625350334,ConsentWaitPage,-2
1718904928.5,34.31,1.0491560478637019,1.0732197957798415,-0.024063747941954858,ConsentWaitPage,-2
1718904928.75,34.31,1.0491560478637019,1.0742484900380616,-0.02509244220014959,ConsentWaitPage,-2
1718904929.0,34.34,1.1103490227009642,1.075333533239648,0.03501548943551539,ConsentWaitPage,-2
1718904929.25,34.34,1.1103490227009642,1.0764709023725672,0.033878120302543904,ConsentWaitPage,-2
1718904929.5,34.34,1.1103490227009642,1.0776565679619399,0.03269245471307055,ConsentWaitPage,-2
1718904929.75,34.34,1.1103490227009642,1.0788865318646241,0.03146249081023105,ConsentWaitPage,-2
1718904930.0,34.31,1.0491560478637019,1.0801568440794627,-0.031000796242085703,ConsentWaitPage,-2
1718904930.25,34.31,1.0491560478637019,1.0814636035649994,-0.0323075557279046,ConsentWaitPage,-2
1718904930.5,34.31,1.0491560478637019,1.0828029485922737,-0.033646900755530056,ConsentWaitPage,-2
1718904930.75,34.31,1.0491560478637019,1.084171042208778,-0.03501499437245613,ConsentWaitPage,-2
1718904931.0,34.33,1.0899513644218672,1.0855640578787038,0.0043873065152914385,ConsentWaitPage,-2
1718904931.25,34.33,1.0899513644218672,1.0869781693651124,0.002973195028322901,ConsentWaitPage,-2
1718904931.5,34.33,1.0899513644218672,1.08840954761467,0.0015418167781414468,ConsentWaitPage,-2
1718904931.75,34.33,1.0899513644218672,1.0898543660128015,9.699837932808375e-05,ConsentWaitPage,-2
1718904932.0,34.33,1.0899513644218672,1.091308814074041,-0.0013574496826436406,ConsentWaitPage,-2
1718904932.25,34.33,1.0899513644218672,1.0927691185212667,-0.0028177541306415284,ConsentWaitPage,-2
1718904932.5,34.33,1.0899513644218672,1.0942315698263148,-0.004280205436489812,ConsentWaitPage,-2
1718904932.75,34.33,1.0899513644218672,1.0956925516397655,-0.005741187250755463,ConsentWaitPage,-2
1718904933.0,34.34,1.1103490227009642,1.0971485701325878,0.013200452534705092,ConsentWaitPage,-2
1718904933.25,34.34,1.1103490227009642,1.0985962801178837,0.011752742548611006,ConsentWaitPage,-2
1718904933.5,34.34,1.1103490227009642,1.100032504933127,0.010316517732601586,ConsentWaitPage,-2
1718904933.75,34.34,1.1103490227009642,1.1014542474492206,0.008894775215788988,ConsentWaitPage,-2
1718904934.0,34.34,1.1103490227009642,1.1028586902142017,0.007490332450151392,ConsentWaitPage,-2
1718904934.25,34.34,1.1103490227009642,1.104243183584918,0.0061058390788547336,ConsentWaitPage,-2
1718904934.5,34.34,1.1103490227009642,1.1056052216723937,0.00474380099088667,ConsentWaitPage,-2
1718904934.75,34.34,1.1103490227009642,1.1069424069398062,0.003406615723079931,ConsentWaitPage,-2
1718904935.0,34.34,1.1103490227009642,1.1082524052648257,0.0020966173977732417,ConsentWaitPage,-2
1718904935.25,34.34,1.1103490227009642,1.109532894140555,0.0008161285218690412,ConsentWaitPage,-2
1718904935.5,34.34,1.1103490227009642,1.1107815073841865,-0.00043248472182416935,ConsentWaitPage,-2
1718904935.75,34.34,1.1103490227009642,1.1119957802051832,-0.001646757542771226,ConsentWaitPage,-2
1718904936.0,34.34,1.1103490227009642,1.1131730987231694,-0.002824076060601627,ConsentWaitPage,-2
1718904936.25,34.34,1.1103490227009642,1.114310657999886,-0.003961635337064594,ConsentWaitPage,-2
1718904936.5,34.34,1.1103490227009642,1.1154054323515072,-0.005056409688346156,ConsentWaitPage,-2
1718904936.75,34.34,1.1103490227009642,1.1164541611409882,-0.006105138477416615,ConsentWaitPage,-2
1718904937.0,34.33,1.0899513644218672,1.1174533524300285,-0.027501988045088833,ConsentWaitPage,-2
1718904937.25,34.33,1.0899513644218672,1.118399305824644,-0.028447941439199854,ConsentWaitPage,-2
1718904937.5,34.33,1.0899513644218672,1.1192881546241404,-0.029336790238167248,ConsentWaitPage,-2
1718904937.75,34.33,1.0899513644218672,1.1201159260598716,-0.030164561673356828,ConsentWaitPage,-2
1718904938.0,34.37,1.1715419975382122,1.1208786171149816,0.050663380388422344,ConsentWaitPage,-2
1718904938.25,34.37,1.1715419975382122,1.1215722823255578,0.049969715178382654,ConsentWaitPage,-2
1718904938.5,34.37,1.1715419975382122,1.1221931292677783,0.04934886823668164,ConsentWaitPage,-2
1718904938.75,34.37,1.1715419975382122,1.1227376172665327,0.048804380238419355,ConsentWaitPage,-2
1718904939.0,34.33,1.0899513644218672,1.1232025552110985,-0.03325119082203707,ConsentWaitPage,-2
1718904939.25,34.33,1.0899513644218672,1.123585195054057,-0.033633830664588554,ConsentWaitPage,-2
1718904939.5,34.33,1.0899513644218672,1.1238833183059922,-0.03393195391617197,ConsentWaitPage,-2
1718904939.75,34.33,1.0899513644218672,1.1240953133316118,-0.034143948941500746,ConsentWaitPage,-2
1718904940.0,34.34,1.1103490227009642,1.1242202413413245,-0.013871218671888163,ConsentWaitPage,-2
1718904940.25,34.34,1.1103490227009642,1.124257888677051,-0.01390886600744738,ConsentWaitPage,-2
1718904940.5,34.34,1.1103490227009642,1.1242088024838157,-0.013859779814102347,ConsentWaitPage,-2
1718904940.75,34.34,1.1103490227009642,1.1240743063808472,-0.013725283711076095,ConsentWaitPage,-2
1718904941.0,34.37,1.1715419975382122,1.1238564925347205,0.04768550497231123,ConsentWaitPage,-2
1718904941.25,34.37,1.1715419975382122,1.123558186785909,0.047983810721099085,ConsentWaitPage,-2
1718904941.5,34.37,1.1715419975382122,1.1231828843192762,0.04835911318768114,ConsentWaitPage,-2
1718904941.75,34.37,1.1715419975382122,1.1227346548391781,0.04880734266771121,ConsentWaitPage,-2
1718904942.0,34.34,1.1103490227009642,1.1222180182253705,-0.011868995555805083,ConsentWaitPage,-2
1718904942.25,34.34,1.1103490227009642,1.1216377939823954,-0.011288771312905455,ConsentWaitPage,-2
1718904942.5,34.34,1.1103490227009642,1.1209989301331245,-0.01064990746370141,ConsentWaitPage,-2
1718904942.75,34.34,1.1103490227009642,1.120306319223787,-0.009957296554415603,ConsentWaitPage,-2
1718904943.0,34.34,1.1103490227009642,1.1195646105681478,-0.009215587898806717,ConsentWaitPage,-2
1718904943.25,34.34,1.1103490227009642,1.1187780286577944,-0.008429005988456311,ConsentWaitPage,-2
1718904943.5,34.34,1.1103490227009642,1.117950207810266,-0.007601185140901188,ConsentWaitPage,-2
1718904943.75,34.34,1.1103490227009642,1.1170840526845773,-0.006735030015155201,ConsentWaitPage,-2
1718904944.0,34.34,1.1103490227009642,1.116181633350751,-0.005832610681240578,ConsentWaitPage,-2
1718904944.25,34.34,1.1103490227009642,1.1152441222412923,-0.004895099571662119,ConsentWaitPage,-2
1718904944.5,34.34,1.1103490227009642,1.1142717786162644,-0.003922755946482774,ConsentWaitPage,-2
1718904944.75,34.34,1.1103490227009642,1.1132639842102994,-0.0029149615403342294,ConsentWaitPage,-2
1718904945.0,34.33,1.0899513644218672,1.1122193315621156,-0.022267967171032643,ConsentWaitPage,-2
1718904945.25,34.33,1.0899513644218672,1.111135764211008,-0.02118439981968105,ConsentWaitPage,-2
1718904945.5,34.33,1.0899513644218672,1.1100107655360216,-0.02005940114442587,ConsentWaitPage,-2
1718904945.75,34.33,1.0899513644218672,1.1088415905810522,-0.01889022618916701,ConsentWaitPage,-2
1718904946.0,34.34,1.1103490227009642,1.1076255328512996,0.0027234898199880384,ConsentWaitPage,-2
1718904946.25,34.34,1.1103490227009642,1.1063602159169545,0.003988806754647269,ConsentWaitPage,-2
1718904946.5,34.34,1.1103490227009642,1.105043897872855,0.005305124799062579,ConsentWaitPage,-2
1718904946.75,34.34,1.1103490227009642,1.1036757754216964,0.006673247250531239,ConsentWaitPage,-2
1718904947.0,34.34,1.1103490227009642,1.1022562736752388,0.008092748997286736,ConsentWaitPage,-2
1718904947.25,34.34,1.1103490227009642,1.1007873077483825,0.009561714924423058,ConsentWaitPage,-2
1718904947.5,34.34,1.1103490227009642,1.0992725028499133,0.011076519823148417,ConsentWaitPage,-2
1718904947.75,34.34,1.1103490227009642,1.0977173608114246,0.012631661861864176,ConsentWaitPage,-2
1718904948.0,34.34,1.1103490227009642,1.0961293627815587,0.014219659891926237,ConsentWaitPage,-2
1718904948.25,34.34,1.1103490227009642,1.0945180000703487,0.01583102260330202,ConsentWaitPage,-2
1718904948.5,34.34,1.1103490227009642,1.0928947277683048,0.017454294905482448,ConsentWaitPage,-2
1718904948.75,34.34,1.1103490227009642,1.0912728386830934,0.019076183990802395,ConsentWaitPage,-2
1718904949.0,34.33,1.0899513644218672,1.0896672582151037,0.0002841061797783824,ConsentWaitPage,-2
1718904949.25,34.33,1.0899513644218672,1.0880942639009132,0.0018571004940295451,ConsentWaitPage,-2
1718904949.5,34.33,1.0899513644218672,1.086571136353161,0.0033802280418227786,ConsentWaitPage,-2
1718904949.75,34.33,1.0899513644218672,1.0851157510863998,0.004835613308606624,ConsentWaitPage,-2
1718904950.0,34.33,1.0899513644218672,1.0837461231350438,0.00620524125996852,ConsentWaitPage,-2
1718904950.25,34.33,1.0899513644218672,1.082479918367477,0.007471446027526865,ConsentWaitPage,-2
1718904950.5,34.33,1.0899513644218672,1.0813339469302943,0.008617417464689501,ConsentWaitPage,-2
1718904950.75,34.33,1.0899513644218672,1.080323655277311,0.009627709117643995,ConsentWaitPage,-2
1718904951.0,34.31,1.0491560478637019,1.0794626337035835,-0.030306585866829647,ConsentWaitPage,-2
1718904951.25,34.31,1.0491560478637019,1.0787621561624132,-0.02960610832570076,ConsentWaitPage,-2
1718904951.5,34.31,1.0491560478637019,1.0782307683456251,-0.02907472050895759,ConsentWaitPage,-2
1718904951.75,34.31,1.0491560478637019,1.0778739385409124,-0.028717890704291756,ConsentWaitPage,-2
1718904952.0,34.33,1.0899513644218672,1.0776937836997555,0.012257580694982353,ConsentWaitPage,-2
1718904952.25,34.33,1.0899513644218672,1.0776888805924822,0.012262483802205567,ConsentWaitPage,-2
1718904952.5,34.33,1.0899513644218672,1.077854169085508,0.012097195309124564,ConsentWaitPage,-2
1718904952.75,34.33,1.0899513644218672,1.078180951636836,0.011770412757731902,ConsentWaitPage,-2
1718904953.0,34.31,1.0491560478637019,1.0786569901923608,-0.029500942356036536,ConsentWaitPage,-2
1718904953.25,34.31,1.0491560478637019,1.0792666988122894,-0.030110650976061443,ConsentWaitPage,-2
1718904953.5,34.31,1.0491560478637019,1.0799914275378397,-0.030835379701730406,ConsentWaitPage,-2
1718904953.75,34.31,1.0491560478637019,1.0808098301985107,-0.03165378236254634,ConsentWaitPage,-2
1718904954.0,34.33,1.0899513644218672,1.0816983060987613,0.00825305829519448,ConsentWaitPage,-2
1718904954.25,34.33,1.0899513644218672,1.0826315029395575,0.00731986145419449,ConsentWaitPage,-2
1718904954.5,34.33,1.0899513644218672,1.0835828661210944,0.006368498272424232,ConsentWaitPage,-2
1718904954.75,34.33,1.0899513644218672,1.084525217940724,0.005426146452533929,ConsentWaitPage,-2
1718904955.0,34.34,1.1103490227009642,1.0854313492932026,0.024917673378868445,ConsentWaitPage,-2
1718904955.25,34.34,1.1103490227009642,1.0862746063634212,0.024074416308347953,ConsentWaitPage,-2
1718904955.5,34.34,1.1103490227009642,1.0870294554617204,0.023319567209735513,ConsentWaitPage,-2
1718904955.75,34.34,1.1103490227009642,1.0876720105172515,0.02267701215388679,ConsentWaitPage,-2
1718904956.0,34.33,1.0899513644218672,1.0881805096970574,0.001770854694670039,ConsentWaitPage,-2
1718904956.25,34.33,1.0899513644218672,1.0885357299984466,0.001415634392980196,ConsentWaitPage,-2
1718904956.5,34.33,1.0899513644218672,1.0887213312872115,0.0012300331039388455,ConsentWaitPage,-2
1718904956.75,34.33,1.0899513644218672,1.0887241239484218,0.0012272404424868363,ConsentWaitPage,-2
1718904957.0,34.33,1.0899513644218672,1.0885342569404994,0.0014171074502120178,ConsentWaitPage,-2
1718904957.25,34.33,1.0899513644218672,1.0881453255071338,0.0018060388834348264,ConsentWaitPage,-2
1718904957.5,34.33,1.0899513644218672,1.0875544000574318,0.002396964333058759,ConsentWaitPage,-2
1718904957.75,34.33,1.0899513644218672,1.0867619797485022,0.0031893846419860476,ConsentWaitPage,-2
1718904958.0,34.33,1.0899513644218672,1.0857718760807205,0.004179488309852715,ConsentWaitPage,-2
1718904958.25,34.33,1.0899513644218672,1.0845910333284796,0.005360331062274031,ConsentWaitPage,-2
1718904958.5,34.33,1.0899513644218672,1.0832292938591295,0.0067220705319043245,ConsentWaitPage,-2
1718904958.75,34.33,1.0899513644218672,1.0816991173152994,0.008252247076113384,ConsentWaitPage,-2
1718904959.0,34.31,1.0491560478637019,1.0800152632192226,-0.030859215385503007,ConsentWaitPage,-2
1718904959.25,34.31,1.0491560478637019,1.078194446764891,-0.02903839893061594,ConsentWaitPage,-2
1718904959.5,34.31,1.0491560478637019,1.076254977363553,-0.027098929528649996,ConsentWaitPage,-2
1718904959.75,34.31,1.0491560478637019,1.0742163889009764,-0.02506034106538542,ConsentWaitPage,-2
1718904960.0,34.33,1.0899513644218672,1.0720990697154134,0.017852294679077486,ConsentWaitPage,-2
1718904960.25,34.33,1.0899513644218672,1.0699238991521536,0.02002746524310472,ConsentWaitPage,-2
1718904960.5,34.33,1.0899513644218672,1.0677118963773706,0.022239468018673453,ConsentWaitPage,-2
1718904960.75,34.33,1.0899513644218672,1.065483886106213,0.024467478290621666,ConsentWaitPage,-2
1718904961.0,34.31,1.0491560478637019,1.0632601851034935,-0.014104137264041992,ConsentWaitPage,-2
1718904961.25,34.31,1.0491560478637019,1.0610603127298686,-0.011904264889655814,ConsentWaitPage,-2
1718904961.5,34.31,1.0491560478637019,1.0589027283309282,-0.009746680489986573,ConsentWaitPage,-2
1718904961.75,34.31,1.0491560478637019,1.056804597779639,-0.007648549938010613,ConsentWaitPage,-2
1718904962.0,34.31,1.0491560478637019,1.0547815909033564,-0.005625543061092487,ConsentWaitPage,-2
1718904962.25,34.31,1.0491560478637019,1.0528477108439267,-0.0036916630010869885,ConsentWaitPage,-2
1718904962.5,34.31,1.0491560478637019,1.0510151556593665,-0.0018591078160180774,ConsentWaitPage,-2
1718904962.75,34.31,1.0491560478637019,1.0492942117491055,-0.00013816390532129033,ConsentWaitPage,-2
1718904963.0,34.31,1.0491560478637019,1.0476931780399796,0.0014628698041620027,ConsentWaitPage,-2
1718904963.25,34.31,1.0491560478637019,1.046218319360248,0.002937728484169228,ConsentWaitPage,-2
1718904963.5,34.31,1.0491560478637019,1.044873847089495,0.004282200755114061,ConsentWaitPage,-2
1718904963.75,34.31,1.0491560478637019,1.0436619250220456,0.005494122822670051,ConsentWaitPage,-2
1718904964.0,34.31,1.0491560478637019,1.042582698423115,0.006573349421620323,ConsentWaitPage,-2
1718904964.25,34.31,1.0491560478637019,1.0416343444781582,0.007521703366509232,ConsentWaitPage,-2
1718904964.5,34.31,1.0491560478637019,1.0408131427108434,0.008342905133669556,ConsentWaitPage,-2
1718904964.75,34.31,1.0491560478637019,1.040113564435333,0.00904248340894218,ConsentWaitPage,-2
1718904965.0,34.31,1.0491560478637019,1.0395283808643356,0.009627666979623558,ConsentWaitPage,-2
1718904965.25,34.31,1.0491560478637019,1.0390487900558598,0.010107257787712619,ConsentWaitPage,-2
1718904965.5,34.31,1.0491560478637019,1.0386645633799958,0.010491484463127747,ConsentWaitPage,-2
1718904965.75,34.31,1.0491560478637019,1.0383642125459178,0.010791835296705365,ConsentWaitPage,-2
1718904966.0,34.29,1.0083607313055223,1.0381351783658888,-0.029774447081984692,ConsentWaitPage,-2
1718904966.25,34.29,1.0083607313055223,1.0379640422628287,-0.029603310979488272,ConsentWaitPage,-2
1718904966.5,34.29,1.0083607313055223,1.0378367609785297,-0.02947602969576012,ConsentWaitPage,-2
1718904966.75,34.29,1.0083607313055223,1.037738923979362,-0.029378192697151754,ConsentWaitPage,-2
1718904967.0,34.31,1.0491560478637019,1.0376560317285826,0.01150001611127812,ConsentWaitPage,-2
1718904967.25,34.31,1.0491560478637019,1.0375737914301166,0.0115822564092634,ConsentWaitPage,-2
1718904967.5,34.31,1.0491560478637019,1.0374784252385092,0.01167762260045833,ConsentWaitPage,-2
1718904967.75,34.31,1.0491560478637019,1.037356984462882,0.011799063375761334,ConsentWaitPage,-2
1718904968.0,34.29,1.0083607313055223,1.0371976620963377,-0.028836930816090626,ConsentWaitPage,-2
1718904968.25,34.29,1.0083607313055223,1.0369900951162547,-0.02862936383610217,ConsentWaitPage,-2
1718904968.5,34.29,1.0083607313055223,1.0367256474033353,-0.0283649161231439,ConsentWaitPage,-2
1718904968.75,34.29,1.0083607313055223,1.0363976637950463,-0.028036932514675046,ConsentWaitPage,-2
1718904969.0,34.33,1.0899513644218672,1.0360016857585945,0.0539496786384454,ConsentWaitPage,-2
1718904969.25,34.33,1.0899513644218672,1.0355356195570602,0.054415744840445056,ConsentWaitPage,-2
1718904969.5,34.33,1.0899513644218672,1.0349998487492844,0.0549515156488196,ConsentWaitPage,-2
1718904969.75,34.33,1.0899513644218672,1.0343972845219107,0.055554079876912285,ConsentWaitPage,-2
1718904970.0,34.29,1.0083607313055223,1.0337333496710917,-0.02537261838779252,ConsentWaitPage,-2
1718904970.25,34.29,1.0083607313055223,1.0330158948222827,-0.024655163538082885,ConsentWaitPage,-2
1718904970.5,34.29,1.0083607313055223,1.032255048363015,-0.02389431707786044,ConsentWaitPage,-2
1718904970.75,34.29,1.0083607313055223,1.0314630042243786,-0.02310227293824173,ConsentWaitPage,-2
1718904971.0,34.31,1.0491560478637019,1.0306537538577536,0.018502293987546593,ConsentWaitPage,-2
1718904971.25,34.31,1.0491560478637019,1.0298427704598856,0.019313277386374984,ConsentWaitPage,-2
1718904971.5,34.31,1.0491560478637019,1.0290466547796506,0.020109393067524916,ConsentWaitPage,-2
1718904971.75,34.31,1.0491560478637019,1.0282827528093863,0.02087329503863884,ConsentWaitPage,-2
1718904972.0,34.29,1.0083607313055223,1.0275687563865963,-0.019208025095983332,ConsentWaitPage,-2
1718904972.25,34.29,1.0083607313055223,1.0269222981823198,-0.01856156689103386,ConsentPage,-2
1718904972.5,34.29,1.0083607313055223,1.0263605526366724,-0.017999821344814492,ConsentPage,-2
1718904972.75,34.29,1.0083607313055223,1.025899854018929,-0.01753912272660117,ConsentPage,-2
1718904973.0,34.29,1.0083607313055223,1.0255553418924177,-0.017194610599717997,ConsentPage,-2
1718904973.25,34.29,1.0083607313055223,1.0253406428903176,-0.01697991159733843,ConsentPage,-2
1718904973.5,34.29,1.0083607313055223,1.0252675959660402,-0.016906864672868498,ConsentPage,-2
1718904973.75,34.29,1.0083607313055223,1.02534602631958,-0.016985295026296934,ConsentPage,-2
1718904974.0,34.31,1.0491560478637019,1.0255835711796784,0.023572476671818776,ConsentPage,-2
1718904974.25,34.31,1.0491560478637019,1.0259855586984308,0.02317048915302634,ConsentPage,-2
1718904974.5,34.31,1.0491560478637019,1.026554939529387,0.022601108321956193,ConsentPage,-2
1718904974.75,34.31,1.0491560478637019,1.0272922693064042,0.021863778544751706,ConsentPage,-2
1718904975.0,34.29,1.0083607313055223,1.0281957392357146,-0.01983500794299705,ConsentPage,-2
1718904975.25,34.29,1.0083607313055223,1.0292612512873691,-0.0209005199949777,ConsentPage,-2
1718904975.5,34.29,1.0083607313055223,1.0304825338963335,-0.022121802604331484,ConsentPage,-2
1718904975.75,34.29,1.0083607313055223,1.0318512935352762,-0.023490562243722805,ConsentPage,-2
1718904976.0,34.31,1.0491560478637019,1.0333573969455878,0.015798650903642717,ConsentPage,-2
1718904976.25,34.31,1.0491560478637019,1.034989078250191,0.014166969598489702,ConsentPage,-2
1718904976.5,34.31,1.0491560478637019,1.0367331647318652,0.012422883116225346,ConsentPage,-2
1718904976.75,34.31,1.0491560478637019,1.0385753148660826,0.010580732981386048,ConsentPage,-2
1718904977.0,34.31,1.0491560478637019,1.0405002623209385,0.008655785525885898,ConsentPage,-2
1718904977.25,34.31,1.0491560478637019,1.0424920600758572,0.006663987770310494,PreMarketWait,1
1718904977.5,34.31,1.0491560478637019,1.0445343194998367,0.004621728345670088,PreMarketWait,1
1718904977.75,34.31,1.0491560478637019,1.0466104400750775,0.002545607769769845,PreMarketWait,1
1718904978.0,34.31,1.0491560478637019,1.0487038263591784,0.0004522214850149857,PreMarketWait,1
1718904978.25,34.31,1.0491560478637019,1.0507980896690325,-0.0016420418254835967,PreMarketWait,1
1718904978.5,34.31,1.0491560478637019,1.05287723278049,-0.0037211849375719573,PreMarketWait,1
1718904978.75,34.31,1.0491560478637019,1.0549258166270208,-0.005769768784715657,PreMarketWait,1
1718904979.0,34.31,1.0491560478637019,1.0569291085244472,-0.007773060682732372,PreMarketWait,1
1718904979.25,34.31,1.0491560478637019,1.0588732118431106,-0.009717164001958073,PreMarketWait,1
1718904979.5,34.31,1.0491560478637019,1.0607451773087504,-0.011589129468127337,PreMarketWait,1
1718904979.75,34.31,1.0491560478637019,1.0625330962732933,-0.013377048433163173,PreMarketWait,1
1718904980.0,34.33,1.0899513644218672,1.0642261764096355,0.025725187988206517,PreMarketWait,1
1718904980.25,34.33,1.0899513644218672,1.0658148004181573,0.024136563979272534,PreMarketWait,1
1718904980.5,34.33,1.0899513644218672,1.0672905685561747,0.022660795840884998,PreMarketWait,1
1718904980.75,34.33,1.0899513644218672,1.0686463261565697,0.021305038240162416,PreMarketWait,1
1718904981.0,34.31,1.0491560478637019,1.0698761777690478,-0.02072012993076467,PreMarketWait,1
1718904981.25,34.31,1.0491560478637019,1.0709754900431168,-0.021819442205073123,PreMarketWait,1
1718904981.5,34.31,1.0491560478637019,1.0719408858356376,-0.02278483799778839,PreMarketWait,1
1718904981.75,34.31,1.0491560478637019,1.0727702321409704,-0.023614184303269805,PreMarketWait,1
1718904982.0,34.33,1.0899513644218672,1.073462624255283,0.01648874014047793,PreMarketWait,1
1718904982.25,34.33,1.0899513644218672,1.0740183681431332,0.015932996252562438,PreMarketWait,1
1718904982.5,34.33,1.0899513644218672,1.074438962389818,0.015512402005847838,PreMarketWait,1
1718904982.75,34.33,1.0899513644218672,1.0747270805220746,0.015224283873594995,PreMarketWait,1
1718904983.0,34.31,1.0491560478637019,1.0748865539340782,-0.025730506096537216,PreMarketWait,1
1718904983.25,34.31,1.0491560478637019,1.0749223551570888,-0.02576630731947746,PreMarketWait,1
1718904983.5,34.31,1.0491560478637019,1.0748405806955028,-0.025684532857786768,PreMarketWait,1
1718904983.75,34.31,1.0491560478637019,1.0746484320594223,-0.025492384221566078,PreMarketWait,1
1718904984.0,34.33,1.0899513644218672,1.0743541929577982,0.015597171438400125,PreMarketWait,1
1718904984.25,34.33,1.0899513644218672,1.0739671999682392,0.0159841644281727,PreMarketWait,1
1718904984.5,34.33,1.0899513644218672,1.073497803522599,0.016453560874061527,PreMarketWait,1
1718904984.75,34.33,1.0899513644218672,1.072957315893668,0.016994048503274045,PreMarketWait,1
1718904985.0,34.33,1.0899513644218672,1.0723579431268442,0.017593421270409196,PreMarketWait,1
1718904985.25,34.33,1.0899513644218672,1.0717126985280616,0.01823866586952881,PreMarketWait,1
1718904985.5,34.33,1.0899513644218672,1.0710352963107848,0.01891606808716295,PreMarketWait,1
1718904985.75,34.33,1.0899513644218672,1.0703400251869324,0.01961133921138651,PreMarketWait,1
1718904986.0,34.31,1.0491560478637019,1.0696416029043063,-0.02048555506377351,PreMarketWait,1
1718904986.25,34.31,1.0491560478637019,1.0689550138261585,-0.019798965985245026,PreMarketWait,1
1718904986.5,34.31,1.0491560478637019,1.0682953324671252,-0.019139284625837923,PreMarketWait,1
1718904986.75,34.31,1.0491560478637019,1.0676775363325413,-0.018521488490896465,PreMarketWait,1
1718904987.0,34.31,1.0491560478637019,1.0671163114155613,-0.01796026357358467,PreMarketWait,1
1718904987.25,34.31,1.0491560478637019,1.0666258533363941,-0.017469805494120992,PreMarketWait,1
1718904987.5,34.31,1.0491560478637019,1.0662196664799788,-0.01706361863745245,PreMarketWait,1
1718904987.75,34.31,1.0491560478637019,1.0659103627609345,-0.016754314918205036,PreMarketWait,1
1718904988.0,34.33,1.0899513644218672,1.0657094609867095,0.024241903414333923,PreMarketWait,1
1718904988.25,34.33,1.0899513644218672,1.0656271873655567,0.024324177035577918,PreMarketWait,1
1718904988.5,34.33,1.0899513644218672,1.0656722776585286,0.0242790867426365,PreMarketWait,1
1718904988.75,34.33,1.0899513644218672,1.0658517818990612,0.024099582502068173,PreMarketWait,1
1718904989.0,34.33,1.0899513644218672,1.0661708735140318,0.023780490886991093,PreMarketWait,1
1718904989.25,34.33,1.0899513644218672,1.066632665995022,0.023318698405820674,PreMarketWait,1
1718904989.5,34.33,1.0899513644218672,1.0672380418277958,0.022713322572792315,PreMarketWait,1
1718904989.75,34.33,1.0899513644218672,1.0679854999873972,0.021965864412863585,PreMarketWait,1
1718904990.0,34.31,1.0491560478637019,1.0688710297269017,-0.019714981885203042,PreMarketWait,1
1718904990.25,34.31,1.0491560478637019,1.0698880194138225,-0.020731971572584936,PreMarketWait,1
1718904990.5,34.31,1.0491560478637019,1.0710272096042734,-0.02187116176355324,PreMarketWait,1
1718904990.75,34.31,1.0491560478637019,1.0722766992462882,-0.023120651406131898,PreMarketWait,1
1718904991.0,34.31,1.0491560478637019,1.0736220128102794,-0.02446596497072455,PreMarketWait,1
1718904991.25,34.31,1.0491560478637019,1.075046234298506,-0.02589018645958216,PreMarketWait,1
1718904991.5,34.31,1.0491560478637019,1.0765302116160878,-0.027374163777817245,PreMarketWait,1
1718904991.75,34.31,1.0491560478637019,1.0780528318781988,-0.028896784040598075,PreMarketWait,1
1718904992.0,34.33,1.0899513644218672,1.0795913650940734,0.010359999301013174,PreMarketWait,1
1718904992.25,34.33,1.0899513644218672,1.0811218705331973,0.008829493861208435,PreMarketWait,1
1718904992.5,34.33,1.0899513644218672,1.0826196571641264,0.007331707229606814,PreMarketWait,1
1718904992.75,34.33,1.0899513644218672,1.0840597870522815,0.005891577340799374,PreMarketWait,1
1718904993.0,34.33,1.0899513644218672,1.0854176086362073,0.004533755756252714,PreMarketWait,1
1718904993.25,34.33,1.0899513644218672,1.0866693054189132,0.0032820589729698835,PreMarketWait,1
1718904993.5,34.33,1.0899513644218672,1.0877924447946543,0.0021589195967069916,PreMarketWait,1
1718904993.75,34.33,1.0899513644218672,1.0887665114336083,0.001184852957297207,PreMarketWait,1
1718904994.0,34.33,1.0899513644218672,1.089573409815457,0.00037795457506880313,PreMarketWait,1
1718904994.25,34.33,1.0899513644218672,1.0901979210947346,-0.0002465567045025572,PreMarketWait,1
1718904994.5,34.33,1.0899513644218672,1.0906281004638112,-0.0006767360737772975,PreMarketWait,1
1718904994.75,34.33,1.0899513644218672,1.090855602531668,-0.0009042381417273667,PreMarketWait,1
1718904995.0,34.34,1.1103490227009642,1.0908759239450037,0.01947309872405147,PreMarketWait,1
1718904995.25,34.34,1.1103490227009642,1.0906885545350162,0.019660468134169055,PreMarketWait,1
1718904995.5,34.34,1.1103490227009642,1.090297030668057,0.02005199200136835,PreMarketWait,1
1718904995.75,34.34,1.1103490227009642,1.0897088871825105,0.02064013548725816,PreMarketWait,1
1718904996.0,34.33,1.0899513644218672,1.0889355072421625,0.001015857148946208,PreMarketWait,1
1718904996.25,34.33,1.0899513644218672,1.0879918725176185,0.001959491874011182,PreMarketWait,1
1718904996.5,34.33,1.0899513644218672,1.0868962191792537,0.003055145212969107,PreMarketWait,1
1718904996.75,34.33,1.0899513644218672,1.085669608101414,0.004281756291460443,PreMarketWait,1
1718904997.0,34.33,1.0899513644218672,1.084335420317112,0.005615944076458943,PreMarketWait,1
1718904997.25,34.33,1.0899513644218672,1.0829187910422433,0.007032573352055535,PreMarketWait,1
1718904997.5,34.33,1.0899513644218672,1.081445997455606,0.008505366939438506,PreMarketWait,1
1718904997.75,34.33,1.0899513644218672,1.0799438168352897,0.010007547560504563,PreMarketWait,1
1718904998.0,34.31,1.0491560478637019,1.0784388725704126,-0.029282824732045933,PreMarketWait,1
1718904998.25,34.31,1.0491560478637019,1.076956985940258,-0.027800938101182816,PreMarketWait,1
1718904998.5,34.31,1.0491560478637019,1.0755225513351017,-0.02636650349536342,PreMarketWait,1
1718904998.75,34.31,1.0491560478637019,1.074157951770153,-0.025001903929812008,PreMarketWait,1
1718904999.0,34.33,1.0899513644218672,1.0728830301657832,0.017068334233250708,PreMarketWait,1
1718904999.25,34.33,1.0899513644218672,1.0717146300595608,0.018236734339914372,PreMarketWait,1
1718904999.5,34.33,1.0899513644218672,1.0706662173523347,0.019285147047485924,PreMarketWait,1
1718904999.75,34.33,1.0899513644218672,1.069747592532399,0.020203771867663835,PreMarketWait,1
1718905000.0,34.31,1.0491560478637019,1.068964700655755,-0.01980865281372416,PreMarketWait,1
1718905000.25,34.31,1.0491560478637019,1.0683195441758426,-0.019163496333789158,PreMarketWait,1
1718905000.5,34.31,1.0491560478637019,1.0678102014302453,-0.018654153588277794,PreMarketWait,1
1718905000.75,34.31,1.0491560478637019,1.0674309511125346,-0.018274903270755427,PreMarketWait,1
1718905001.0,34.31,1.0491560478637019,1.0671725003451968,-0.018016452503699962,PreMarketWait,1
1718905001.25,34.31,1.0491560478637019,1.0670223110678063,-0.017866263226676157,PreMarketWait,1
1718905001.5,34.31,1.0491560478637019,1.0669650164782805,-0.017808968637590416,PreMarketWait,1
1718905001.75,34.31,1.0491560478637019,1.0669829163689841,-0.01782686852879369,PreMarketWait,1
1718905002.0,34.33,1.0899513644218672,1.0670565375511822,0.02289482684663037,PreMarketWait,1
1718905002.25,34.33,1.0899513644218672,1.0671652433258614,0.02278612107138321,PreMarketWait,1
1718905002.5,34.33,1.0899513644218672,1.0672878742832623,0.02266349011340916,PreMarketWait,1
1718905002.75,34.33,1.0899513644218672,1.067403401699276,0.02254796269683859,PreMarketWait,1
1718905003.0,34.31,1.0491560478637019,1.0674915744680142,-0.01833552663058282,PreMarketWait,1
1718905003.25,34.31,1.0491560478637019,1.0675335408007107,-0.018377492963736766,PreMarketWait,1
1718905003.5,34.31,1.0491560478637019,1.0675124267053626,-0.018356378868767412,PreMarketWait,1
1718905003.75,34.31,1.0491560478637019,1.0674138544138099,-0.018257806577499848,PreMarketWait,1
1718905004.0,34.33,1.0899513644218672,1.067226385379745,0.022724979014551654,PreMarketWait,1
1718905004.25,34.33,1.0899513644218672,1.0669418742558188,0.023009490138416973,PreMarketWait,1
1718905004.5,34.33,1.0899513644218672,1.06655572245511,0.0233956419391905,PreMarketWait,1
1718905004.75,34.33,1.0899513644218672,1.066067022595957,0.023884341798537663,PreMarketWait,1
1718905005.0,34.33,1.0899513644218672,1.0654785883412738,0.024472776053541877,PreMarketWait,1
1718905005.25,34.33,1.0899513644218672,1.0647968678039388,0.02515449659131696,PreMarketWait,1
1718905005.5,34.33,1.0899513644218672,1.0640317426481058,0.025919621747698324,PreMarketWait,1
1718905005.75,34.33,1.0899513644218672,1.0631962190736213,0.026755145322827658,PreMarketWait,1
1718905006.0,34.31,1.0491560478637019,1.0623060208074568,-0.013149972968444796,PreMarketWait,1
1718905006.25,34.31,1.0491560478637019,1.0613790978171305,-0.012223049977320304,PreMarketWait,1
1718905006.5,34.31,1.0491560478637019,1.0604350674915077,-0.01127901965084573,PreMarketWait,1
1718905006.75,34.31,1.0491560478637019,1.0594946073268523,-0.010338559485304596,PreMarketWait,1
1718905007.0,34.31,1.0491560478637019,1.0585788196036747,-0.009422771761229895,PreMarketWait,1
1718905007.25,34.31,1.0491560478637019,1.0577085891215958,-0.008552541278267479,PreMarketWait,1
1718905007.5,34.31,1.0491560478637019,1.0569039548235648,-0.007747906979392595,PreMarketWait,1
1718905007.75,34.31,1.0491560478637019,1.0561835151718437,-0.007027467326893199,PreMarketWait,1
1718905008.0,34.31,1.0491560478637019,1.0555638855289287,-0.006407837683288623,PreMarketWait,1
1718905008.25,34.31,1.0491560478637019,1.0550592236351155,-0.00590317578889412,PreMarketWait,1
1718905008.5,34.31,1.0491560478637019,1.054680836641364,-0.005524788794683539,PreMarketWait,1
1718905008.75,34.31,1.0491560478637019,1.0544368801247463,-0.005280832277738939,PreMarketWait,1
1718905009.0,34.29,1.0083607313055223,1.054332156151244,-0.045971424862227446,PreMarketWait,1
1718905009.25,34.29,1.0083607313055223,1.0543680138221987,-0.04600728253313367,PreMarketWait,1
1718905009.5,34.29,1.0083607313055223,1.0545423519237374,-0.04618162063476181,PreMarketWait,1
1718905009.75,34.29,1.0083607313055223,1.0548497194115496,-0.046488988122794714,PreMarketWait,1
1718905010.0,34.33,1.0899513644218672,1.0552815057002376,0.034669858704520475,PreMarketWait,1
1718905010.25,34.33,1.0899513644218672,1.0558262093661108,0.03412515503819634,PreMarketWait,1
1718905010.5,34.33,1.0899513644218672,1.0564697712387612,0.03348159316499907,PreMarketWait,1
1718905010.75,34.33,1.0899513644218672,1.0571959562309494,0.03275540817218465,PreMarketWait,1
1718905011.0,34.33,1.0899513644218672,1.0579867677824712,0.03196459661997619,PreMarketWait,1
1718905011.25,34.33,1.0899513644218672,1.058822879436166,0.031128484965553895,PreMarketWait,1
1718905011.5,34.33,1.0899513644218672,1.0596840696365386,0.030267294764433877,PreMarketWait,1
1718905011.75,34.33,1.0899513644218672,1.060549648073633,0.0294017163265929,PreMarketWait,1
1718905012.0,34.31,1.0491560478637019,1.0613988644903438,-0.01224281664900878,PreMarketWait,1
1718905012.25,34.31,1.0491560478637019,1.0622112935372128,-0.013055245696562613,PreMarketWait,1
1718905012.5,34.31,1.0491560478637019,1.0629671917254562,-0.013811143885431958,PreMarketWait,1
1718905012.75,34.31,1.0491560478637019,1.0636478245794527,-0.014491776739980203,PreMarketWait,1
1718905013.0,34.31,1.0491560478637019,1.064235763593078,-0.015079715754070442,PreMarketWait,1
1718905013.25,34.31,1.0491560478637019,1.0647151535204042,-0.015559105681767079,PreMarketWait,1
1718905013.5,34.31,1.0491560478637019,1.0650719509361712,-0.015915903097804697,PreMarketWait,1
1718905013.75,34.31,1.0491560478637019,1.0652941349922869,-0.01613808715409016,PreMarketWait,1
1718905014.0,34.33,1.0899513644218672,1.0653718910032275,0.02457947339306294,PreMarketWait,1
1718905014.25,34.33,1.0899513644218672,1.065297767050597,0.024653597345714456,PreMarketWait,1
1718905014.5,34.33,1.0899513644218672,1.065066803328304,0.024884561068114118,PreMarketWait,1
1718905014.75,34.33,1.0899513644218672,1.0646766335363773,0.02527473086022451,PreMarketWait,1
1718905015.0,34.29,1.0083607313055223,1.0641275572795523,-0.055766825999043944,PreMarketWait,1
1718905015.25,34.29,1.0083607313055223,1.0634225820569219,-0.055061850776104856,PreMarketWait,1
1718905015.5,34.29,1.0083607313055223,1.0625674329163208,-0.05420670163514761,PreMarketWait,1
1718905015.75,34.29,1.0083607313055223,1.0615705271092704,-0.053209795827701106,PreMarketWait,1
1718905016.0,34.33,1.0899513644218672,1.0604429101719473,0.029508454226394858,PreMarketWait,1
1718905016.25,34.33,1.0899513644218672,1.0591981489986317,0.03075321540016189,PreMarketWait,1
1718905016.5,34.33,1.0899513644218672,1.0578521770061464,0.032099187393115326,PreMarketWait,1
1718905016.75,34.33,1.0899513644218672,1.0564230867427737,0.03352827765696539,PreMarketWait,1
1718905017.0,34.33,1.0899513644218672,1.0549308664729693,0.03502049792724952,PreMarketWait,1
1718905017.25,34.33,1.0899513644218672,1.0533970793793954,0.03655428502129879,PreMarketWait,1
1718905017.5,34.33,1.0899513644218672,1.051844486909062,0.038106877492099026,PreMarketWait,1
1718905017.75,34.33,1.0899513644218672,1.05029662119168,0.03965474320993637,PreMarketWait,1
1718905018.0,34.31,1.0491560478637019,1.048777315070563,0.0003787327733283802,PreMarketWait,1
1718905018.25,34.31,1.0491560478637019,1.0473102017869471,0.0018458460573661621,PreMarketWait,1
1718905018.5,34.31,1.0491560478637019,1.045918199426798,0.003237848417914878,PreMarketWait,1
1718905018.75,34.31,1.0491560478637019,1.04462299758482,0.004533050260266441,PreMarketWait,1
1718905019.0,34.29,1.0083607313055223,1.0434445650975175,-0.03508383381026722,PreMarketWait,1
1718905019.25,34.29,1.0083607313055223,1.0424006980034068,-0.03403996671584604,PreMarketWait,1
1718905019.5,34.29,1.0083607313055223,1.0415066260428192,-0.03314589475498226,PreMarketWait,1
1718905019.75,34.29,1.0083607313055223,1.040774694027713,-0.032413962739634414,PreMarketWait,1
1718905020.0,34.29,1.0083607313055223,1.040214131392025,-0.031853400103738494,PreMarketWait,1
1718905020.25,34.29,1.0083607313055223,1.0398309193604796,-0.03147018807201664,PreMarketWait,1
1718905020.5,34.29,1.0083607313055223,1.0396277607024957,-0.03126702941388681,PreMarketWait,1
1718905020.75,34.29,1.0083607313055223,1.039604152258388,-0.031243420969662858,PreMarketWait,1
1718905021.0,34.31,1.0491560478637019,1.0397565556375377,0.009399492209454498,PreMarketWait,1
1718905021.25,34.31,1.0491560478637019,1.0400786569876006,0.009077390859450862,PreMarketWait,1
1718905021.5,34.31,1.0491560478637019,1.0405617027951506,0.008594345051933464,PreMarketWait,1
1718905021.75,34.31,1.0491560478637019,1.0411948955299506,0.007961152317139609,PreMarketWait,1
1718905022.0,34.31,1.0491560478637019,1.0419658307374549,0.007190217109613182,PreMarketWait,1
1718905022.25,34.31,1.0491560478637019,1.0428609559749413,0.0062950918720725835,PreMarketWait,1
1718905022.5,34.31,1.0491560478637019,1.0438660317584465,0.005290016088476712,PreMarketWait,1
1718905022.75,34.31,1.0491560478637019,1.0449665753827602,0.004189472464031577,PreMarketWait,1
1718905023.0,34.33,1.0899513644218672,1.046148270026126,0.043803094378656385,PreMarketWait,1
1718905023.25,34.33,1.0899513644218672,1.0473973238855925,0.04255404051897132,PreMarketWait,1
1718905023.5,34.33,1.0899513644218672,1.0487007671298596,0.041250597274442156,PreMarketWait,1
1718905023.75,34.33,1.0899513644218672,1.0500466780902273,0.03990468631377139,PreMarketWait,1
1718905024.0,34.31,1.0491560478637019,1.0514243341555292,-0.002268286310034756,PreMarketWait,1
1718905024.25,34.31,1.0491560478637019,1.0528242870332398,-0.0036682391881134244,PreMarketWait,1
1718905024.5,34.31,1.0491560478637019,1.0542383660759487,-0.005082318231211462,PreMarketWait,1
1718905024.75,34.31,1.0491560478637019,1.0556596169517753,-0.006503569107440708,PreMarketWait,1
1718905025.0,34.31,1.0491560478637019,1.05708218583456,-0.007926137990634022,PreMarketWait,1
1718905025.25,34.31,1.0491560478637019,1.0585011613830546,-0.009345113539536293,PreMarketWait,1
1718905025.5,34.31,1.0491560478637019,1.0599123880368204,-0.010756340193702515,PreMarketWait,1
1718905025.75,34.31,1.0491560478637019,1.0613122646068225,-0.012156216764094192,PreMarketWait,1
1718905026.0,34.31,1.0491560478637019,1.0626975418374407,-0.013541493995088917,PreMarketWait,1
1718905026.25,34.31,1.0491560478637019,1.0640651316373668,-0.014909083795377349,PreMarketWait,1
1718905026.5,34.31,1.0491560478637019,1.0654119391067987,-0.016255891265157724,PreMarketWait,1
1718905026.75,34.31,1.0491560478637019,1.0667347264277542,-0.017578678586450184,PreMarketWait,1
1718905027.0,34.31,1.0491560478637019,1.068030015246526,-0.018873967405549297,PreMarketWait,1
1718905027.25,34.31,1.0491560478637019,1.0692940314884891,-0.020137983647831,PreMarketWait,1
1718905027.5,34.31,1.0491560478637019,1.0705226937446117,-0.02136664590426336,PreMarketWait,1
1718905027.75,34.31,1.0491560478637019,1.0717116436075704,-0.022555595767522592,PreMarketWait,1
1718905028.0,34.33,1.0899513644218672,1.0728563137767513,0.017095050621171018,PreMarketWait,1
1718905028.25,34.33,1.0899513644218672,1.0739520275673693,0.015999336830271122,PreMarketWait,1
1718905028.5,34.33,1.0899513644218672,1.0749941218162202,0.01495724258114468,PreMarketWait,1
1718905028.75,34.33,1.0899513644218672,1.075978084208733,0.01397328018835966,PreMarketWait,1
1718905029.0,34.34,1.1103490227009642,1.0768996958253279,0.03344932685058873,PreMarketWait,1
1718905029.25,34.34,1.1103490227009642,1.077755170200957,0.0325938524746833,PreMarketWait,1
1718905029.5,34.34,1.1103490227009642,1.0785412813151571,0.03180774136020195,PreMarketWait,1
1718905029.75,34.34,1.1103490227009642,1.0792554745287926,0.031093548146280042,PreMarketWait,1
1718905030.0,34.31,1.0491560478637019,1.0798959563595651,-0.030739908522046604,PreMarketWait,1
1718905030.25,34.31,1.0491560478637019,1.080461760906607,-0.031305713069384865,PreMarketWait,1
1718905030.5,34.31,1.0491560478637019,1.080952792453903,-0.031796744616981995,PreMarketWait,1
1718905030.75,34.31,1.0491560478637019,1.0813698451137659,-0.03221379727714852,PreMarketWait,1
1718905031.0,34.34,1.1103490227009642,1.081714601240765,0.028634421432810316,PreMarketWait,1
1718905031.25,34.34,1.1103490227009642,1.08198961081826,0.02835941185501157,PreMarketWait,1
1718905031.5,34.34,1.1103490227009642,1.0821982542559208,0.028150768417049242,PreMarketWait,1
1718905031.75,34.34,1.1103490227009642,1.082344691203913,0.02800433146876034,PreMarketWait,1
1718905032.0,34.31,1.0491560478637019,1.0824337981667551,-0.03327775033163214,PreMarketWait,1
1718905032.25,34.31,1.0491560478637019,1.0824710978400016,-0.03331505000515497,PreMarketWait,1
1718905032.5,34.31,1.0491560478637019,1.0824626830597985,-0.033306635225213946,PreMarketWait,1
1718905032.75,34.31,1.0491560478637019,1.0824151379148717,-0.033259090080531996,PreMarketWait,1
1718905033.0,34.33,1.0899513644218672,1.0823354578816675,0.007615906510610938,PreMarketWait,1
1718905033.25,34.33,1.0899513644218672,1.0822309698973653,0.0077203944947058685,PreMarketWait,1
1718905033.5,34.33,1.0899513644218672,1.0821092522737636,0.007842112118118869,PreMarketWait,1
1718905033.75,34.33,1.0899513644218672,1.0819780534914278,0.007973310900282244,PreMarketWait,1
1718905034.0,34.33,1.0899513644218672,1.0818452083583632,0.00810615603318817,PreMarketWait,1
1718905034.25,34.33,1.0899513644218672,1.0817185498424808,0.00823281454892443,PreMarketWait,1
1718905034.5,34.33,1.0899513644218672,1.0816058150854329,0.00834554930583822,PreMarketWait,1
1718905034.75,34.33,1.0899513644218672,1.081514544624519,0.00843681976662854,PreMarketWait,1
1718905035.0,34.33,1.0899513644218672,1.081451974618936,0.008499389772096598,PreMarketWait,1
1718905035.25,34.33,1.0899513644218672,1.081424922821433,0.00852644156949264,PreMarketWait,1
1718905035.5,34.33,1.0899513644218672,1.0814396700797364,0.00851169431109169,PreMarketWait,1
1718905035.75,34.33,1.0899513644218672,1.0815018402162808,0.00844952417446128,PreMarketWait,1
1718905036.0,34.33,1.0899513644218672,1.0816162821413764,0.008335082249293009,PreMarketWait,1
1718905036.25,34.33,1.0899513644218672,1.0817869589250324,0.008164405465578287,PreMarketWait,1
1718905036.5,34.33,1.0899513644218672,1.08201684920712,0.007934515183445609,PreMarketWait,1
1718905036.75,34.33,1.0899513644218672,1.0823078666854873,0.007643497705046898,PreMarketWait,1
1718905037.0,34.31,1.0491560478637019,1.0826608034091272,-0.03350475557677592,PreMarketWait,1
1718905037.25,34.31,1.0491560478637019,1.0830753021454815,-0.033919254313134084,PreMarketWait,1
1718905037.5,34.31,1.0491560478637019,1.0835498621327229,-0.0343938143003648,PreMarketWait,1
1718905037.75,34.31,1.0491560478637019,1.0840818810614865,-0.034925833229104045,PreMarketWait,1
1718905038.0,34.33,1.0899513644218672,1.084667734228591,0.005283630161992289,PreMarketWait,1
1718905038.25,34.33,1.0899513644218672,1.0853028896336039,0.004648474757021268,PreMarketWait,1
1718905038.5,34.33,1.0899513644218672,1.0859820555787718,0.003969308811894478,PreMarketWait,1
1718905038.75,34.33,1.0899513644218672,1.0866993553192863,0.0032520090714125045,PreMarketWait,1
1718905039.0,34.33,1.0899513644218672,1.0874485216731338,0.0025028427175798063,PreMarketWait,1
1718905039.25,34.33,1.0899513644218672,1.088223103332316,0.0017282610583859957,PreMarketWait,1
1718905039.5,34.33,1.0899513644218672,1.0890166739425804,0.0009346904480753582,PreMarketWait,1
1718905039.75,34.33,1.0899513644218672,1.0898230348212123,0.0001283295693559573,PreMarketWait,1
1718905040.0,34.34,1.1103490227009642,1.0906364024357964,0.019712620233734164,PreMarketWait,1
1718905040.25,34.34,1.1103490227009642,1.0914515724464413,0.01889745022290154,PreMarketWait,1
1718905040.5,34.34,1.1103490227009642,1.0922640531934316,0.01808496947566729,PreMarketWait,1
1718905040.75,34.34,1.1103490227009642,1.0930701629503279,0.017278859718471044,PreMarketWait,1
1718905041.0,34.33,1.0899513644218672,1.0938670869864795,-0.003915722597129863,PreMarketWait,1
1718905041.25,34.33,1.0899513644218672,1.094652892382554,-0.00470152799360303,PreMarketWait,1
1718905041.5,34.33,1.0899513644218672,1.09542650048474,-0.0054751360962273475,PreMarketWait,1
1718905041.75,34.33,1.0899513644218672,1.0961876187419608,-0.006236254353917979,PreMarketWait,1
1718905042.0,34.34,1.1103490227009642,1.0969366353579892,0.013412387308658139,PreMarketWait,1
1718905042.25,34.34,1.1103490227009642,1.0976744816695758,0.012674540996567656,PreMarketWait,1
1718905042.5,34.34,1.1103490227009642,1.0984024684331841,0.011946554232456339,PreMarketWait,1
1718905042.75,34.34,1.1103490227009642,1.0991221032745229,0.011226919390626236,PreMarketWait,1
1718905043.0,34.33,1.0899513644218672,1.099834897411195,-0.009883533025612536,PreMarketWait,1
1718905043.25,34.33,1.0899513644218672,1.10054217034775,-0.010590805962606448,PreMarketWait,1
1718905043.5,34.33,1.0899513644218672,1.101244861488946,-0.011293497104201128,PreMarketWait,1
1718905043.75,34.33,1.0899513644218672,1.101943357452604,-0.011991993068208289,PreMarketWait,1
1718905044.0,34.33,1.0899513644218672,1.102637343257021,-0.012685978872915012,PreMarketWait,1
1718905044.25,34.33,1.0899513644218672,1.1033256845300874,-0.013374320146201952,PreMarketWait,1
1718905044.5,34.33,1.0899513644218672,1.104006346504136,-0.01405498212039279,PreMarketWait,1
1718905044.75,34.33,1.0899513644218672,1.1046763539170763,-0.014724989533391299,PreMarketWait,1
1718905045.0,34.34,1.1103490227009642,1.1053317941462257,0.0050172285165850025,PreMarketWait,1
1718905045.25,34.34,1.1103490227009642,1.1059678640725445,0.004381158590383261,PreMarketWait,1
1718905045.5,34.34,1.1103490227009642,1.106578959424072,0.003770063239061438,PreMarketWait,1
1718905045.75,34.34,1.1103490227009642,1.1071588037766111,0.0031902188868145774,PreMarketWait,1
1718905046.0,34.34,1.1103490227009642,1.1077006130626073,0.002648409601191411,PreMarketWait,1
1718905046.25,34.34,1.1103490227009642,1.108197290380444,0.0021517322837994106,PreMarketWait,1
1718905046.5,34.34,1.1103490227009642,1.1086416450975531,0.0017073775671956944,PreMarketWait,1
1718905046.75,34.34,1.1103490227009642,1.1090266296766638,0.0013223929886404988,PreMarketWait,1
1718905047.0,34.34,1.1103490227009642,1.1093455872970166,0.001003435368883138,PreMarketWait,1
1718905047.25,34.34,1.1103490227009642,1.1095925031663803,0.0007565195001461231,PreMarketWait,1
1718905047.5,34.34,1.1103490227009642,1.1097622524045216,0.0005867702626534453,PreMarketWait,1
1718905047.75,34.34,1.1103490227009642,1.1098508375077762,0.0004981851600598299,PreMarketWait,1
1718905048.0,34.34,1.1103490227009642,1.1098556086644236,0.0004934140040743686,PreMarketWait,1
1718905048.25,34.34,1.1103490227009642,1.1097754605714985,0.0005735620976494368,PreMarketWait,1
1718905048.5,34.34,1.1103490227009642,1.1096109998974957,0.0007380227722742138,PreMarketWait,1
1718905048.75,34.34,1.1103490227009642,1.109364678135751,0.0009843445345953106,PreMarketWait,1
1718905049.0,34.34,1.1103490227009642,1.1090408852944647,0.0013081373763953697,PreMarketWait,1
1718905049.25,34.34,1.1103490227009642,1.1086460006658077,0.0017030220054880842,PreMarketWait,1
1718905049.5,34.34,1.1103490227009642,1.1081883978019766,0.0021606248696640134,PreMarketWait,1
1718905049.75,34.34,1.1103490227009642,1.1076784017926098,0.0026706208792730826,PreMarketWait,1
1718905050.0,34.34,1.1103490227009642,1.1071281979755647,0.0032208246964467316,PreMarketWait,1
1718905050.25,34.34,1.1103490227009642,1.1065516923086522,0.003797330363365695,PreMarketWait,1
1718905050.5,34.34,1.1103490227009642,1.1059643247668993,0.0043846979049990565,PreMarketWait,1
1718905050.75,34.34,1.1103490227009642,1.105382838287516,0.004966184384138425,PreMarketWait,1
1718905051.0,34.34,1.1103490227009642,1.1048250069375711,0.00552401573372301,PreMarketWait,1
1718905051.25,34.34,1.1103490227009642,1.1043093280970695,0.0060396945737628245,PreMarketWait,1
1718905051.5,34.34,1.1103490227009642,1.1038546844970984,0.006494338173188863,PreMarketWait,1
1718905051.75,34.34,1.1103490227009642,1.10347998288813,0.00686903978154927,PreMarketWait,1
1718905052.0,34.33,1.0899513644218672,1.103203776891506,-0.013252412501575269,PreMarketWait,1
1718905052.25,34.33,1.0899513644218672,1.1030438821585877,-0.013092517769335302,PreMarketWait,1
1718905052.5,34.33,1.0899513644218672,1.103016992281754,-0.013065627893192254,PreMarketWait,1
1718905052.75,34.33,1.0899513644218672,1.1031383039424052,-0.013186939554533218,PreMarketWait,1
1718905053.0,34.34,1.1103490227009642,1.1034211595520058,0.006927863114288009,PreMarketWait,1
1718905053.25,34.34,1.1103490227009642,1.103876715194206,0.00647230747144203,PreMarketWait,1
1718905053.5,34.34,1.1103490227009642,1.1045136410898504,0.005835381575196228,PreMarketWait,1
1718905053.75,34.34,1.1103490227009642,1.1053378611627735,0.005011161501729573,PreMarketWait,1
1718905054.0,34.34,1.1103490227009642,1.1063523376338287,0.003996685030200269,PreMarketWait,1
1718905054.25,34.34,1.1103490227009642,1.1075569059225365,0.0027921167410967958,PreMarketWait,1
1718905054.5,34.34,1.1103490227009642,1.1089481644644759,0.0014008581988484586,PreMarketWait,1
1718905054.75,34.34,1.1103490227009642,1.11051942331617,-0.00017040065305948824,PreMarketWait,1
1718905055.0,34.34,1.1103490227009642,1.112260714575221,-0.0019116919122218207,PreMarketWait,1
1718905055.25,34.34,1.1103490227009642,1.1141588666568885,-0.0038098439938922786,PreMarketWait,1
1718905055.5,34.34,1.1103490227009642,1.116197643315279,-0.005848620652173682,PreMarketWait,1
1718905055.75,34.34,1.1103490227009642,1.1183579469668208,-0.008008924303491545,PreMarketWait,1
1718905056.0,34.34,1.1103490227009642,1.1206180843692999,-0.01026906170563047,PreMarketWait,1
1718905056.25,34.34,1.1103490227009642,1.122954091051089,-0.012605068386963573,PreMarketWait,1
1718905056.5,34.34,1.1103490227009642,1.1253401091094974,-0.014991086444804742,PreMarketWait,1
1718905056.75,34.34,1.1103490227009642,1.1277488111604232,-0.017399788495060086,PreMarketWait,1
1718905057.0,34.34,1.1103490227009642,1.130151861399591,-0.019802838733465652,PreMarketWait,1
1718905057.25,34.34,1.1103490227009642,1.1325204030253886,-0.022171380358424083,PreMarketWait,1
1718905057.5,34.34,1.1103490227009642,1.1348255597928973,-0.024476537125033,PreMarketWait,1
1718905057.75,34.34,1.1103490227009642,1.1370389383583572,-0.026689915689552392,PreMarketWait,1
1718905058.0,34.39,1.212337314096392,1.1391331174944783,0.07320419657071306,PreMarketWait,1
1718905058.25,34.39,1.212337314096392,1.1410821103839122,0.07125520368223556,PreMarketWait,1
1718905058.5,34.39,1.212337314096392,1.142861787185026,0.06947552688205509,PreMarketWait,1
1718905058.75,34.39,1.212337314096392,1.144450246974676,0.06788706709329505,PreMarketWait,1
1718905059.0,34.34,1.1103490227009642,1.1458281308967562,-0.03547910822338571,PreMarketWait,1
1718905059.25,34.34,1.1103490227009642,1.1469788715669382,-0.03662984889282001,PreMarketWait,1
1718905059.5,34.34,1.1103490227009642,1.1478888770517763,-0.03753985437700175,PreMarketWait,1
1718905059.75,34.34,1.1103490227009642,1.148547650619128,-0.03819862794379772,PreMarketWait,1
1718905060.0,34.37,1.1715419975382122,1.1489478496790064,0.02259414783402068,PreMarketWait,1
1718905060.25,34.37,1.1715419975382122,1.1490852888639917,0.02245670864937457,PreMarketWait,1
1718905060.5,34.37,1.1715419975382122,1.1489588931804906,0.022583104333104655,PreMarketWait,1
1718905060.75,34.37,1.1715419975382122,1.1485706077937214,0.022971389719993598,PreMarketWait,1
1718905061.0,34.34,1.1103490227009642,1.1479252714189083,-0.03757624874242861,PreMarketWait,1
1718905061.25,34.34,1.1103490227009642,1.147030460485372,-0.03668143780898418,PreMarketWait,1
1718905061.5,34.34,1.1103490227009642,1.145896311135721,-0.03554728845952627,PreMarketWait,1
1718905061.75,34.34,1.1103490227009642,1.1445353256347404,-0.03418630295883823,PreMarketWait,1
1718905062.0,34.37,1.1715419975382122,1.1429621688953422,0.02857982861741888,PreMarketWait,1
1718905062.25,34.37,1.1715419975382122,1.1411934597090356,0.030348537803246006,PreMarketWait,1
1718905062.5,34.37,1.1715419975382122,1.1392475601060583,0.032294437405661486,PreMarketWait,1
1718905062.75,34.37,1.1715419975382122,1.1371443652653643,0.03439763224572175,PreMarketWait,1
1718905063.0,34.34,1.1103490227009642,1.1349050956428406,-0.024556072969695145,PreMarketWait,1
1718905063.25,34.34,1.1103490227009642,1.1325520924392818,-0.022203069766872047,PreMarketWait,1
1718905063.5,34.34,1.1103490227009642,1.1301086170318237,-0.019759594360173723,PreMarketWait,1
1718905063.75,34.34,1.1103490227009642,1.1275986543698464,-0.017249631698959815,PreMarketWait,1
1718905064.0,34.33,1.0899513644218672,1.1250467194877676,-0.03509535509672408,PreMarketWait,1
1718905064.25,34.33,1.0899513644218672,1.1224776652278299,-0.03252630083749384,PreMarketWait,1
1718905064.5,34.33,1.0899513644218672,1.119916488114409,-0.029965123724723614,PreMarketWait,1
1718905064.75,34.33,1.0899513644218672,1.117388128262711,-0.027436763873603956,PreMarketWait,1
1718905065.0,34.37,1.1715419975382122,1.1149172584644254,0.056624739040534215,PreMarketWait,1
1718905065.25,34.37,1.1715419975382122,1.112528057417883,0.05901394008668093,PreMarketWait,1
1718905065.5,34.37,1.1715419975382122,1.110243962689895,0.06129803481437752,PreMarketWait,1
1718905065.75,34.37,1.1715419975382122,1.1080874005494976,0.06345459695459048,PreMarketWait,1
1718905066.0,34.34,1.1103490227009642,1.106079492268518,0.0042695303982430086,PreMarketWait,1
1718905066.25,34.34,1.1103490227009642,1.104239739605574,0.006109283061208025,PreMarketWait,1
1718905066.5,34.34,1.1103490227009642,1.1025856955913047,0.0077633270755921545,PreMarketWait,1
1718905066.75,34.34,1.1103490227009642,1.1011326299823545,0.00921639268474305,PreMarketWait,1
1718905067.0,34.33,1.0899513644218672,1.0998932014829566,-0.009941837094679076,PreMarketWait,1
1718905067.25,34.33,1.0899513644218672,1.098877150795413,-0.008925786406793607,PreMarketWait,1
1718905067.5,34.33,1.0899513644218672,1.0980910296117063,-0.008139665222692721,PreMarketWait,1
1718905067.75,34.33,1.0899513644218672,1.0975379807292382,-0.007586616339788706,PreMarketWait,1
1718905068.0,34.31,1.0491560478637019,1.0972175835467162,-0.048061535714964104,PreMarketWait,1
1718905068.25,34.31,1.0491560478637019,1.0971257772986809,-0.04796972946643728,PreMarketWait,1
1718905068.5,34.31,1.0491560478637019,1.0972548715931414,-0.048098823760389334,PreMarketWait,1
1718905068.75,34.31,1.0491560478637019,1.0975936502600148,-0.04843760242674433,PreMarketWait,1
1718905069.0,34.34,1.1103490227009642,1.0981275704130267,0.012221452258026358,PreMarketWait,1
1718905069.25,34.34,1.1103490227009642,1.0988390542758601,0.01150996839570742,PreMarketWait,1
1718905069.5,34.34,1.1103490227009642,1.0997078670783147,0.01064115559375299,PreMarketWait,1
1718905069.75,34.34,1.1103490227009642,1.1007115705225288,0.009637452150014884,PreMarketWait,1
1718905070.0,34.34,1.1103490227009642,1.101826038187915,0.008522984485070318,PreMarketWait,1
1718905070.25,34.34,1.1103490227009642,1.103026016889307,0.007323005784075694,PreMarketWait,1
1718905070.5,34.34,1.1103490227009642,1.1042857164184754,0.006063306255251508,PreMarketWait,1
1718905070.75,34.34,1.1103490227009642,1.105579409218099,0.004769613455910088,PreMarketWait,1
1718905071.0,34.33,1.0899513644218672,1.1068820212771247,-0.01693065688200048,PreMarketWait,1
1718905071.25,34.33,1.0899513644218672,1.1081696958212277,-0.018218331425968737,PreMarketWait,1
1718905071.5,34.33,1.0899513644218672,1.1094203121445592,-0.01946894774924757,PreMarketWait,1
1718905071.75,34.33,1.0899513644218672,1.1106139431656472,-0.02066257877036752,PreMarketWait,1
1718905072.0,34.37,1.1715419975382122,1.1117332370178419,0.05980876049366661,PreMarketWait,1
1718905072.25,34.37,1.1715419975382122,1.1127637102809753,0.058778287230334236,PreMarketWait,1
1718905072.5,34.37,1.1715419975382122,1.113693943421233,0.05784805408979636,PreMarketWait,1
1718905072.75,34.37,1.1715419975382122,1.1145156726703662,0.05702632484030256,PreMarketWait,1
1718905073.0,34.34,1.1103490227009642,1.1152237768467617,-0.004874754173779222,PreMarketWait,1
1718905073.25,34.34,1.1103490227009642,1.1158161622332117,-0.005467139560740665,PreMarketWait,1
1718905073.5,34.34,1.1103490227009642,1.1162935531918028,-0.005944530519908193,PreMarketWait,1
1718905073.75,34.34,1.1103490227009642,1.1166592003136846,-0.006310177642419644,PreMarketWait,1
1718905074.0,34.34,1.1103490227009642,1.1169185212604456,-0.0065694985898501175,PreMarketWait,1
1718905074.25,34.34,1.1103490227009642,1.1170786918839961,-0.006729669214094571,PreMarketWait,1
1718905074.5,34.34,1.1103490227009642,1.1171482066647422,-0.0067991839955438,PreMarketWait,1
1718905074.75,34.34,1.1103490227009642,1.117136428006412,-0.0067874053379131695,PreMarketWait,1
1718905075.0,34.33,1.0899513644218672,1.1170531435218838,-0.027101779133166998,PreMarketWait,1
1718905075.25,34.33,1.0899513644218672,1.1169081491994313,-0.026956784811374278,PreMarketWait,1
1718905075.5,34.33,1.0899513644218672,1.1167108743251346,-0.026759509937702163,PreMarketWait,1
1718905075.75,34.33,1.0899513644218672,1.1164700613500727,-0.02651869696322008,PreMarketWait,1
1718905076.0,34.34,1.1103490227009642,1.1161935106644256,-0.00584448799899949,PreMarketWait,1
1718905076.25,34.34,1.1103490227009642,1.1158878966532293,-0.005538873988258534,PreMarketWait,1
1718905076.5,34.34,1.1103490227009642,1.1155586576681744,-0.005209635003579554,PreMarketWait,1
1718905076.75,34.34,1.1103490227009642,1.1152099588626412,-0.004860936198334283,PreMarketWait,1
1718905077.0,34.33,1.0899513644218672,1.1148447233766525,-0.024893358991637422,PreMarketWait,1
1718905077.25,34.33,1.0899513644218672,1.1144647242524408,-0.02451335986752427,PreMarketWait,1
1718905077.5,34.33,1.0899513644218672,1.1140707268044387,-0.024119362419522887,PreMarketWait,1
1718905077.75,34.33,1.0899513644218672,1.1136626690512652,-0.02371130466625103,PreMarketWait,1
1718905078.0,34.37,1.1715419975382122,1.1132398663599408,0.058302131141614616,PreMarketWait,1
1718905078.25,34.37,1.1715419975382122,1.1128012258065836,0.058740771695262414,PreMarketWait,1
1718905078.5,34.37,1.1715419975382122,1.1123454560774821,0.059196541424742746,PreMarketWait,1
1718905078.75,34.37,1.1715419975382122,1.111871260103403,0.05967073739928033,PreMarketWait,1
1718905079.0,34.34,1.1103490227009642,1.1113774999708335,-0.0010284773048704829,PreMarketWait,1
1718905079.25,34.34,1.1103490227009642,1.1108633267351844,-0.0005143040686363398,PreMarketWait,1
1718905079.5,34.34,1.1103490227009642,1.110328271186375,2.0751480802938538e-05,PreMarketWait,1
1718905079.75,34.34,1.1103490227009642,1.1097722949736721,0.0005767276941660328,PreMarketWait,1
1718905080.0,34.33,1.0899513644218672,1.1091958044505932,-0.019244440061177173,PreMarketWait,1
1718905080.25,34.33,1.0899513644218672,1.1085996319489089,-0.018648267558820417,PreMarketWait,1
1718905080.5,34.33,1.0899513644218672,1.1079849908501007,-0.018033626459358375,PreMarketWait,1
1718905080.75,34.33,1.0899513644218672,1.1073534117940584,-0.017402047402696023,PreMarketWait,1
1718905081.0,34.34,1.1103490227009642,1.1067066677082296,0.003642354962803275,PreMarketWait,1
1718905081.25,34.34,1.1103490227009642,1.1060466951608552,0.004302327510692799,PreMarketWait,1
1718905081.5,34.34,1.1103490227009642,1.1053755189701189,0.004973503701875043,PreMarketWait,1
1718905081.75,34.34,1.1103490227009642,1.1046951861619847,0.005653836510375654,PreMarketWait,1
1718905082.0,34.33,1.0899513644218672,1.1040077143518592,-0.014056349958318903,PreMarketWait,1
1718905082.25,34.33,1.0899513644218672,1.1033150584684697,-0.013363694074751367,PreMarketWait,1
1718905082.5,34.33,1.0899513644218672,1.1026190984453472,-0.012667734051557005,PreMarketWait,1
1718905082.75,34.33,1.0899513644218672,1.1019216490726413,-0.011970284678887866,PreMarketWait,1
1718905083.0,34.33,1.0899513644218672,1.101224491650638,-0.011273127257027324,PreMarketWait,1
1718905083.25,34.33,1.0899513644218672,1.1005294254758808,-0.010578061082510566,PreMarketWait,1
1718905083.5,34.33,1.0899513644218672,1.0998383356131796,-0.009886971220134232,PreMarketWait,1
1718905083.75,34.33,1.0899513644218672,1.099153271969874,-0.009201907577222718,PreMarketWait,1
1718905084.0,34.34,1.1103490227009642,1.0984765335020226,0.011872489169279202,PreMarketWait,1
1718905084.25,34.34,1.1103490227009642,1.097810750548728,0.012538272122090207,PreMarketWait,1
1718905084.5,34.34,1.1103490227009642,1.097158957899,0.013190064771310864,PreMarketWait,1
1718905084.75,34.34,1.1103490227009642,1.0965246513050215,0.013824371364770095,PreMarketWait,1
1718905085.0,34.34,1.1103490227009642,1.0959118207806486,0.014437201888622058,PreMarketWait,1
1718905085.25,34.34,1.1103490227009642,1.0953249551255237,0.01502406754323352,PreMarketWait,1
1718905085.5,34.34,1.1103490227009642,1.094769013609144,0.015580009059115489,PreMarketWait,1
1718905085.75,34.34,1.1103490227009642,1.0942493625231013,0.01609966014468283,PreMarketWait,1
1718905086.0,34.33,1.0899513644218672,1.09377167623691,-0.0038203118486698565,PreMarketWait,1
1718905086.25,34.33,1.0899513644218672,1.093341804341127,-0.0033904399533003556,PreMarketWait,1
1718905086.5,34.33,1.0899513644218672,1.0929656083013652,-0.003014243913914175,PreMarketWait,1
1718905086.75,34.33,1.0899513644218672,1.0926487726660115,-0.002697408278893379,PreMarketWait,1
1718905087.0,34.33,1.0899513644218672,1.09239659719095,-0.0024452328041194484,PreMarketWait,1
1718905087.25,34.33,1.0899513644218672,1.09221377723082,-0.0022624128442299903,PreMarketWait,1
1718905087.5,34.33,1.0899513644218672,1.0921041803978224,-0.002152816011425061,PreMarketWait,1
1718905087.75,34.33,1.0899513644218672,1.0920706278242793,-0.002119263438026992,PreMarketWait,1
1718905088.0,34.33,1.0899513644218672,1.0921146884079151,-0.002163324021762363,PreMarketWait,1
1718905088.25,34.33,1.0899513644218672,1.0922364941926141,-0.00228512980651891,PreMarketWait,1
1718905088.5,34.33,1.0899513644218672,1.0924345845641903,-0.002483220178114024,PreMarketWait,1
1718905088.75,34.33,1.0899513644218672,1.092705786241458,-0.0027544218553646766,PreMarketWait,1
1718905089.0,34.33,1.0899513644218672,1.0930451351382993,-0.00309377075215464,PreMarketWait,1
1718905089.25,34.33,1.0899513644218672,1.0934458450835773,-0.0034944806973482875,PreMarketWait,1
1718905089.5,34.33,1.0899513644218672,1.0938993271348632,-0.003947962748518,PreMarketWait,1
1718905089.75,34.33,1.0899513644218672,1.0943952618330388,-0.00444389744654752,PreMarketWait,1
1718905090.0,34.33,1.0899513644218672,1.0949217252444288,-0.00497036085776235,PreMarketWait,1
1718905090.25,34.33,1.0899513644218672,1.0954653680547668,-0.005514003667894814,PreMarketWait,1
1718905090.5,34.33,1.0899513644218672,1.0960116453482622,-0.006060280961152785,PreMarketWait,1
1718905090.75,34.33,1.0899513644218672,1.0965450930626401,-0.006593728675259465,PreMarketWait,1
1718905091.0,34.33,1.0899513644218672,1.0970496454991026,-0.00709828111141472,PreMarketWait,1
1718905091.25,34.33,1.0899513644218672,1.097508986731315,-0.007557622343281743,PreMarketWait,1
1718905091.5,34.33,1.0899513644218672,1.0979069273512512,-0.007955562962832459,PreMarketWait,1
1718905091.75,34.33,1.0899513644218672,1.0982277967684557,-0.00827643237961161,PreMarketWait,1
1718905092.0,34.34,1.1103490227009642,1.0984568403040427,0.011892182364363233,PreMarketWait,1
1718905092.25,34.34,1.1103490227009642,1.0985806096552235,0.011768413013682812,PreMarketWait,1
1718905092.5,34.34,1.1103490227009642,1.0985873350097988,0.011761687659638314,PreMarketWait,1
1718905092.75,34.34,1.1103490227009642,1.0984672672034672,0.011881755466523173,PreMarketWait,1
1718905093.0,34.33,1.0899513644218672,1.098212978840648,-0.008261614449188232,PreMarketWait,1
1718905093.25,34.33,1.0899513644218672,1.097819614203335,-0.00786824981130667,PreMarketWait,1
1718905093.5,34.33,1.0899513644218672,1.097285078984244,-0.007333714591658293,PreMarketWait,1
1718905093.75,34.33,1.0899513644218672,1.0966101623320512,-0.006658797938931813,PreMarketWait,1
1718905094.0,34.34,1.1103490227009642,1.0957985853489975,0.014550437323716086,PreMarketWait,1
1718905094.25,34.34,1.1103490227009642,1.094856972036472,0.01549205063669117,PreMarketWait,1
1718905094.5,34.34,1.1103490227009642,1.0937947407710158,0.0165542819025391,PreMarketWait,1
1718905094.75,34.34,1.1103490227009642,1.0926239167352572,0.017725105938623014,PreMarketWait,1
1718905095.0,34.34,1.1103490227009642,1.091358868312316,0.018990154361817536,PreMarketWait,1
1718905095.25,34.34,1.1103490227009642,1.0900159732124846,0.020333049461828376,PreMarketWait,1
1718905095.5,34.34,1.1103490227009642,1.0886132229242027,0.021735799750214755,PreMarketWait,1
1718905095.75,34.34,1.1103490227009642,1.087169776822124,0.02317924585232532,PreMarketWait,1
1718905096.0,34.33,1.0899513644218672,1.0857054797590542,0.004245884636261854,PreMarketWait,1
1718905096.25,34.33,1.0899513644218672,1.0842403590398266,0.0057110053553906855,PreMarketWait,1
1718905096.5,34.33,1.0899513644218672,1.0827941181436338,0.00715724625142861,PreMarketWait,1
1718905096.75,34.33,1.0899513644218672,1.0813856452563049,0.0085657191385538,PreMarketWait,1
1718905097.0,34.29,1.0083607313055223,1.0800325544514031,-0.07167182317313328,PreMarketWait,1
1718905097.25,34.29,1.0083607313055223,1.0787507761155597,-0.07039004483756646,PreMarketWait,1
1718905097.5,34.29,1.0083607313055223,1.0775542109050034,-0.06919347962731252,PreMarketWait,1
1718905097.75,34.29,1.0083607313055223,1.0764544582008828,-0.0680937269235123,PreMarketWait,1
1718905098.0,34.33,1.0899513644218672,1.075460625905732,0.014490738487652435,PreMarketWait,1
1718905098.25,34.33,1.0899513644218672,1.074579223866729,0.01537214052632109,PreMarketWait,1
1718905098.5,34.33,1.0899513644218672,1.073814138708771,0.016137225683948396,PreMarketWait,1
1718905098.75,34.33,1.0899513644218672,1.0731666838863518,0.0167846805060469,PreMarketWait,1
1718905099.0,34.33,1.0899513644218672,1.0726357156593864,0.01731564873270907,PreMarketWait,1
1718905099.25,34.33,1.0899513644218672,1.0722178036168708,0.017733560774945627,PreMarketWait,1
1718905099.5,34.33,1.0899513644218672,1.0719074433023694,0.01804392108919972,PreMarketWait,1
1718905099.75,34.33,1.0899513644218672,1.0716972983291129,0.018254066062247745,PreMarketWait,1
1718905100.0,34.33,1.0899513644218672,1.0715784599628364,0.018372904428359305,PreMarketWait,1
1718905100.25,34.33,1.0899513644218672,1.0715407133377717,0.018410651053306287,PreMarketWait,1
1718905100.5,34.33,1.0899513644218672,1.0715728010911139,0.018378563299896043,PreMarketWait,1
1718905100.75,34.33,1.0899513644218672,1.0716626770865396,0.018288687304452614,PreMarketWait,1
1718905101.0,34.31,1.0491560478637019,1.071797744878967,-0.02264169704610941,PreMarketWait,1
1718905101.25,34.31,1.0491560478637019,1.0719650774842302,-0.022809029651296817,PreMarketWait,1
1718905101.5,34.31,1.0491560478637019,1.0721516167084488,-0.02299556887539868,PreMarketWait,1
1718905101.75,34.31,1.0491560478637019,1.072344351657175,-0.02318830382397149,PreMarketWait,1
1718905102.0,34.33,1.0899513644218672,1.0725304770568642,0.0174208873346895,PreMarketWait,1
1718905102.25,34.33,1.0899513644218672,1.0726975327449493,0.017253831646816993,PreMarketWait,1
1718905102.5,34.33,1.0899513644218672,1.0728335262466524,0.017117838145349312,PreMarketWait,1
1718905102.75,34.33,1.0899513644218672,1.0729270408851457,0.01702432350710841,PreMarketWait,1
1718905103.0,34.33,1.0899513644218672,1.0729673324354825,0.016984031957034417,PreMarketWait,1
1718905103.25,34.33,1.0899513644218672,1.0729444179122214,0.017006946480563032,PreMarketWait,1
1718905103.5,34.33,1.0899513644218672,1.0728491605798773,0.017102203813175777,PreMarketWait,1
1718905103.75,34.33,1.0899513644218672,1.072673355554784,0.017278008838538732,PreMarketWait,1
1718905104.0,34.29,1.0083607313055223,1.0724098202719325,-0.0640490889946819,PreMarketWait,1
1718905104.25,34.29,1.0083607313055223,1.0720524934701237,-0.06369176219259252,PreMarketWait,1
1718905104.5,34.29,1.0083607313055223,1.0715965450853788,-0.06323581380755561,PreMarketWait,1
1718905104.75,34.29,1.0083607313055223,1.071038497506336,-0.06267776622820559,PreMarketWait,1
1718905105.0,34.33,1.0899513644218672,1.0703763561603525,0.019575008234448146,PreMarketWait,1
1718905105.25,34.33,1.0899513644218672,1.0696097446668056,0.020341619728339873,PreMarketWait,1
1718905105.5,34.33,1.0899513644218672,1.0687400372355018,0.021211327160007787,PreMarketWait,1
1718905105.75,34.33,1.0899513644218672,1.0677704790197693,0.022180885376122457,PreMarketWait,1
1718905106.0,34.33,1.0899513644218672,1.0667062840443315,0.02324508035195956,PreMarketWait,1
1718905106.25,34.33,1.0899513644218672,1.0655547002198795,0.024396664176828967,PreMarketWait,1
1718905106.5,34.33,1.0899513644218672,1.0643250317691886,0.0256263326279579,PreMarketWait,1
1718905106.75,34.33,1.0899513644218672,1.0630286109661513,0.026922753431456406,PreMarketWait,1
1718905107.0,34.31,1.0491560478637019,1.0616787132296106,-0.012522665389682795,PreMarketWait,1
1718905107.25,34.31,1.0491560478637019,1.0602904121051968,-0.01113436426476063,PreMarketWait,1
1718905107.5,34.31,1.0491560478637019,1.058880373302663,-0.009724325461698359,PreMarketWait,1
1718905107.75,34.31,1.0491560478637019,1.057466589558941,-0.008310541717432552,PreMarketWait,1
1718905108.0,34.33,1.0899513644218672,1.0560680605595352,0.03388330384069048,PreMarketWait,1
1718905108.25,34.33,1.0899513644218672,1.0547044244417467,0.03524693995903131,PreMarketWait,1
1718905108.5,34.33,1.0899513644218672,1.0533955495399903,0.03655581486133263,PreMarketWait,1
1718905108.75,34.33,1.0899513644218672,1.0521610970205975,0.03779026738125587,PreMarketWait,1
1718905109.0,34.29,1.0083607313055223,1.051020066821833,-0.04265933553581445,PreMarketWait,1
1718905109.25,34.29,1.0083607313055223,1.0499903406998627,-0.041629609413360164,PreMarketWait,1
1718905109.5,34.29,1.0083607313055223,1.0490882369617929,-0.040727505674838474,PreMarketWait,1
1718905109.75,34.29,1.0083607313055223,1.04832809145399,-0.03996736016662073,PreMarketWait,1
1718905110.0,34.31,1.0491560478637019,1.047721878506825,0.0014341693390994906,PreMarketWait,1
1718905110.25,34.31,1.0491560478637019,1.047278883924456,0.0018771639218015668,PreMarketWait,1
1718905110.5,34.31,1.0491560478637019,1.0470054399886572,0.002150607857887416,PreMarketWait,1
1718905110.75,34.31,1.0491560478637019,1.0469047300937326,0.00225131775304906,PreMarketWait,1
1718905111.0,34.31,1.0491560478637019,1.0469766682684016,0.002179379578563208,PreMarketWait,1
1718905111.25,34.31,1.0491560478637019,1.0472178566015173,0.00193819124557285,PreMarketWait,1
1718905111.5,34.31,1.0491560478637019,1.0476216215214766,0.0015344263256773026,PreMarketWait,1
1718905111.75,34.31,1.0491560478637019,1.0481781279869404,0.0009779198602117949,PreMarketWait,1
1718905112.0,34.31,1.0491560478637019,1.0488745689140835,0.0002814789329976795,PreMarketWait,1
1718905112.25,34.31,1.0491560478637019,1.0496954255750113,-0.0005393777280746342,PreMarketWait,1
1718905112.5,34.31,1.0491560478637019,1.0506227932370047,-0.0014667453902889732,PreMarketWait,1
1718905112.75,34.31,1.0491560478637019,1.0516367649603198,-0.002480717113901388,PreMarketWait,1
1718905113.0,34.31,1.0491560478637019,1.0527158652258657,-0.003559817379815003,PreMarketWait,1
1718905113.25,34.31,1.0491560478637019,1.0538375239220266,-0.004681476076402307,PreMarketWait,1
1718905113.5,34.31,1.0491560478637019,1.054978580188444,-0.0058225323432901125,PreMarketWait,1
1718905113.75,34.31,1.0491560478637019,1.0561158047084331,-0.006959756863776689,PreMarketWait,1
1718905114.0,34.31,1.0491560478637019,1.0572264282847745,-0.00807038044062262,PreMarketWait,1
1718905114.25,34.31,1.0491560478637019,1.0582886639596267,-0.009132616115966892,PreMarketWait,1
1718905114.5,34.31,1.0491560478637019,1.0592822095922059,-0.010126161749004985,PreMarketWait,1
1718905114.75,34.31,1.0491560478637019,1.0601887177419347,-0.011032669899139712,PreMarketWait,1
1718905115.0,34.33,1.0899513644218672,1.0609922199843276,0.02895914441629847,PreMarketWait,1
1718905115.25,34.33,1.0899513644218672,1.0616794934826126,0.028271870917766916,PreMarketWait,1
1718905115.5,34.33,1.0899513644218672,1.0622403588136426,0.027711005586589753,PreMarketWait,1
1718905115.75,34.33,1.0899513644218672,1.0626678997300967,0.027283464670095018,PreMarketWait,1
1718905116.0,34.31,1.0491560478637019,1.062958597690928,-0.013802549848833744,PreMarketWait,1
1718905116.25,34.31,1.0491560478637019,1.0631123764844532,-0.013956328642184601,PreMarketWait,1
1718905116.5,34.31,1.0491560478637019,1.0631325549242825,-0.013976507081739158,PreMarketWait,1
1718905116.75,34.31,1.0491560478637019,1.0630257082435228,-0.013869660400614135,PreMarketWait,1
1718905117.0,34.33,1.0899513644218672,1.062801441338339,0.027149923063179097,PreMarketWait,1
1718905117.25,34.33,1.0899513644218672,1.0624720793980194,0.027479285004007457,PreMarketWait,1
1718905117.5,34.33,1.0899513644218672,1.0620522837476465,0.027899080654938384,PreMarketWait,1
1718905117.75,34.33,1.0899513644218672,1.0615586029640263,0.028392761439150933,PreMarketWait,1
1718905118.0,34.31,1.0491560478637019,1.061008971486538,-0.011852923640913893,PreMarketWait,1
1718905118.25,34.31,1.0491560478637019,1.0604221699246466,-0.011266122078402685,PreMarketWait,1
1718905118.5,34.31,1.0491560478637019,1.0598172628916493,-0.010661215044790147,PreMarketWait,1
1718905118.75,34.31,1.0491560478637019,1.0592130312948307,-0.010056983447372842,PreMarketWait,1
1718905119.0,34.31,1.0491560478637019,1.0586274164674656,-0.00947136861943805,PreMarketWait,1
1718905119.25,34.31,1.0491560478637019,1.0580769933051108,-0.00892094545655531,PreMarketWait,1
1718905119.5,34.31,1.0491560478637019,1.0575764887068446,-0.008420440857815872,PreMarketWait,1
1718905119.75,34.31,1.0491560478637019,1.0571383602002666,-0.007982312350829603,PreMarketWait,1
1718905120.0,34.31,1.0491560478637019,1.056772447737148,-0.007616399887374668,PreMarketWait,1
1718905120.25,34.31,1.0491560478637019,1.0564857093730937,-0.007329661523059992,PreMarketWait,1
1718905120.5,34.31,1.0491560478637019,1.0562820489732834,-0.0071260011230662845,PreMarketWait,1
1718905120.75,34.31,1.0491560478637019,1.0561622412966176,-0.007006193446292521,PreMarketWait,1
1718905121.0,34.31,1.0491560478637019,1.056123956877758,-0.0069679090273978665,PreMarketWait,1
1718905121.25,34.31,1.0491560478637019,1.0561618861226327,-0.007005838272306381,PreMarketWait,1
1718905121.5,34.31,1.0491560478637019,1.0562679590273398,-0.007111911177111922,PreMarketWait,1
1718905121.75,34.31,1.0491560478637019,1.056431653990534,-0.007275606140463543,PreMarketWait,1
1718905122.0,34.31,1.0491560478637019,1.0566403863816383,-0.007484338531777255,PreMarketWait,1
1718905122.25,34.31,1.0491560478637019,1.0568799649175313,-0.00772391706792422,PreMarketWait,1
1718905122.5,34.31,1.0491560478637019,1.0571351015548904,-0.007979053705573558,PreMarketWait,1
1718905122.75,34.31,1.0491560478637019,1.0573899585911777,-0.008233910742179034,PreMarketWait,1
1718905123.0,34.31,1.0491560478637019,1.0576287150527859,-0.008472667204124755,PreMarketWait,1
1718905123.25,34.31,1.0491560478637019,1.0578361333043316,-0.008680085456019228,PreMarketWait,1
1718905123.5,34.31,1.0491560478637019,1.057998106210779,-0.008842058362820492,PreMarketWait,1
1718905123.75,34.31,1.0491560478637019,1.0581021651984939,-0.00894611735089072,PreMarketWait,1
1718905124.0,34.33,1.0899513644218672,1.0581379302687635,0.031813434136649575,PreMarketWait,1
1718905124.25,34.33,1.0899513644218672,1.0580974844924296,0.03185387991262945,PreMarketWait,1
1718905124.5,34.33,1.0899513644218672,1.0579756578167467,0.031975706587961346,PreMarketWait,1
1718905124.75,34.33,1.0899513644218672,1.057770208161836,0.032181156242526994,PreMarketWait,1
1718905125.0,34.33,1.0899513644218672,1.0574818917133058,0.03246947269072398,PreMarketWait,1
1718905125.25,34.33,1.0899513644218672,1.0571144188754604,0.03283694552825443,PreMarketWait,1
1718905125.5,34.33,1.0899513644218672,1.0566742973031744,0.03327706710025155,PreMarketWait,1
1718905125.75,34.33,1.0899513644218672,1.0561705685013034,0.033780795901867215,PreMarketWait,1
1718905126.0,34.31,1.0491560478637019,1.0556144493715474,-0.006458401526759111,PreMarketWait,1
1718905126.25,34.31,1.0491560478637019,1.0550188944983951,-0.005862846653783539,PreMarketWait,1
1718905126.5,34.31,1.0491560478637019,1.0543980986116022,-0.0052420507671270145,PreMarketWait,1
1718905126.75,34.31,1.0491560478637019,1.05376696129666,-0.004610913452282394,PreMarketWait,1
1718905127.0,34.29,1.0083607313055223,1.0531405374748724,-0.04477980618873534,PreMarketWait,1
1718905127.25,34.29,1.0083607313055223,1.0525334973613318,-0.044172766075223024,PreMarketWait,1
1718905127.5,34.29,1.0083607313055223,1.0519596185421034,-0.04359888725599562,PreMarketWait,1
1718905127.75,34.29,1.0083607313055223,1.051431330584707,-0.043070599298579156,PreMarketWait,1
1718905128.0,34.31,1.0491560478637019,1.05095932939076,-0.0018032815464177135,PreMarketWait,1
1718905128.25,34.31,1.0491560478637019,1.0505522745866271,-0.0013962267422413799,PreMarketWait,1
1718905128.5,34.31,1.0491560478637019,1.050216578953603,-0.0010605311091702145,PreMarketWait,1
1718905128.75,34.31,1.0491560478637019,1.0499562945447798,-0.0008002467002990211,PreMarketWait,1
1718905129.0,34.31,1.0491560478637019,1.049773095976403,-0.0006170481318759531,PreMarketWait,1
1718905129.25,34.31,1.0491560478637019,1.0496663575779839,-0.000510309733414066,PreMarketWait,1
1718905129.5,34.31,1.0491560478637019,1.0496333177169928,-0.00047726987238513353,PreMarketWait,1
1718905129.75,34.31,1.0491560478637019,1.0496693207122338,-0.0005132728675953766,PreMarketWait,1
1718905130.0,34.31,1.0491560478637019,1.0497681243274286,-0.000612076482767219,PreMarketWait,1
1718905130.25,34.31,1.0491560478637019,1.0499222589001231,-0.0007662110554454869,PreMarketWait,1
1718905130.5,34.31,1.0491560478637019,1.0501234227164076,-0.0009673748717180181,PreMarketWait,1
1718905130.75,34.31,1.0491560478637019,1.0503628972943395,-0.001206849449638796,PreMarketWait,1
1718905131.0,34.31,1.0491560478637019,1.0506319657939112,-0.0014759179491969435,PreMarketWait,1
1718905131.25,34.31,1.0491560478637019,1.0509223178352607,-0.001766269990528575,PreMarketWait,1
1718905131.5,34.31,1.0491560478637019,1.051226424587281,-0.002070376742525701,PreMarketWait,1
1718905131.75,34.31,1.0491560478637019,1.0515378690953203,-0.0023818212505365838,PreMarketWait,1
1718905132.0,34.33,1.0899513644218672,1.051851618460533,0.03809974594244888,PreMarketWait,1
1718905132.25,34.33,1.0899513644218672,1.0521642266745657,0.03778713772845299,PreMarketWait,1
1718905132.5,34.33,1.0899513644218672,1.052473959647478,0.03747740475557973,PreMarketWait,1
1718905132.75,34.33,1.0899513644218672,1.0527808371980816,0.03717052720501442,PreMarketWait,1
1718905133.0,34.31,1.0491560478637019,1.0530865903832884,-0.003930542538324949,PreMarketWait,1
1718905133.25,34.31,1.0491560478637019,1.0533945363185773,-0.004238488473594277,PreMarketWait,1
1718905133.5,34.31,1.0491560478637019,1.0537093763188097,-0.004553328473827684,PreMarketWait,1
1718905133.75,34.31,1.0491560478637019,1.0540369265037244,-0.00488087865877093,PreMarketWait,1
1718905134.0,34.31,1.0491560478637019,1.0543837927661877,-0.005227744921296226,PreMarketWait,1
1718905134.25,34.31,1.0491560478637019,1.0547570040871819,-0.005600956242392041,PreMarketWait,1
1718905134.5,34.31,1.0491560478637019,1.0551636195737895,-0.006007571729146468,PreMarketWait,1
1718905134.75,34.31,1.0491560478637019,1.0556103253168987,-0.00645427747245177,PreMarketWait,1
1718905135.0,34.31,1.0491560478637019,1.0561030372557334,-0.006946989411534064,PreMarketWait,1
1718905135.25,34.31,1.0491560478637019,1.0566465257453252,-0.00749047790142595,PreMarketWait,1
1718905135.5,34.31,1.0491560478637019,1.0572440765033744,-0.008088028659827558,PreMarketWait,1
1718905135.75,34.31,1.0491560478637019,1.0578972011211472,-0.008741153278003538,PreMarketWait,1
1718905136.0,34.31,1.0491560478637019,1.0586054084199008,-0.00944936057720835,PreMarketWait,1
1718905136.25,34.31,1.0491560478637019,1.0593660456852596,-0.010209997843063819,PreMarketWait,1
1718905136.5,34.31,1.0491560478637019,1.0601742162875376,-0.011018168445880843,PreMarketWait,1
1718905136.75,34.31,1.0491560478637019,1.0610227774723473,-0.011866729631269305,PreMarketWait,1
1718905137.0,34.31,1.0491560478637019,1.061902419265203,-0.012746371424741408,PreMarketWait,1
1718905137.25,34.31,1.0491560478637019,1.0628018225650127,-0.013645774725203078,PreMarketWait,1
1718905137.5,34.31,1.0491560478637019,1.063707891700228,-0.014551843861102217,PreMarketWait,1
1718905137.75,34.31,1.0491560478637019,1.0646060540913018,-0.01545000625288639,PreMarketWait,1
1718905138.0,34.33,1.0899513644218672,1.0654806173147537,0.024470747081096988,PreMarketWait,1
1718905138.25,34.33,1.0899513644218672,1.0663151719126844,0.023636192482426877,PreMarketWait,1
1718905138.5,34.33,1.0899513644218672,1.0670930268436365,0.022858337550737625,PreMarketWait,1
1718905138.75,34.33,1.0899513644218672,1.0677976635965927,0.02215370079706046,PreMarketWait,1
1718905139.0,34.31,1.0491560478637019,1.0684131946903563,-0.019257146855557995,PreMarketWait,1
1718905139.25,34.31,1.0491560478637019,1.0689248124743482,-0.019768764640191873,PreMarketWait,1
1718905139.5,34.31,1.0491560478637019,1.0693192146989177,-0.02016316686534009,PreMarketWait,1
1718905139.75,34.31,1.0491560478637019,1.069584994105663,-0.02042894627258608,PreMarketWait,1
1718905140.0,34.33,1.0899513644218672,1.0697129802404026,0.020238384150429643,PreMarketWait,1
1718905140.25,34.33,1.0899513644218672,1.0696965228446373,0.02025484154588519,PreMarketWait,1
1718905140.5,34.33,1.0899513644218672,1.0695317076324957,0.020419656757824957,PreMarketWait,1
1718905140.75,34.33,1.0899513644218672,1.069217497109724,0.020733867280507995,PreMarketWait,1
1718905141.0,34.33,1.0899513644218672,1.0687557913807426,0.021195573009516026,PreMarketWait,1
1718905141.25,34.33,1.0899513644218672,1.068151406571722,0.021799957818677284,PreMarketWait,1
1718905141.5,34.33,1.0899513644218672,1.0674119714466808,0.022539392943967174,PreMarketWait,1
1718905141.75,34.33,1.0899513644218672,1.0665477458382668,0.023403618552729887,PreMarketWait,1
1718905142.0,34.31,1.0491560478637019,1.0655713674643088,-0.016415319631038844,PreMarketWait,1
1718905142.25,34.31,1.0491560478637019,1.0644975363604108,-0.015341488526625372,PreMarketWait,1
1718905142.5,34.31,1.0491560478637019,1.06334264834352,-0.014186600509156346,PreMarketWait,1
1718905142.75,34.31,1.0491560478637019,1.062124390485136,-0.012968342650146805,PreMarketWait,1
1718905143.0,34.31,1.0491560478637019,1.0608613124394335,-0.011705264603787,PreMarketWait,1
1718905143.25,34.31,1.0491560478637019,1.0595723876495888,-0.01041633981326803,PreMarketWait,1
1718905143.5,34.31,1.0491560478637019,1.058276578021864,-0.009120530184864539,PreMarketWait,1
1718905143.75,34.31,1.0491560478637019,1.056992414722383,-0.007836366884712323,PreMarketWait,1
1718905144.0,34.31,1.0491560478637019,1.055737606432502,-0.006581558594177462,PreMarketWait,1
1718905144.25,34.31,1.0491560478637019,1.054528684803806,-0.005372636964855102,PreMarketWait,1
1718905144.5,34.31,1.0491560478637019,1.0533806950802553,-0.004224647240712826,PreMarketWait,1
1718905144.75,34.31,1.0491560478637019,1.0523069379880767,-0.0031508901479841856,PreMarketWait,1
1718905145.0,34.31,1.0491560478637019,1.0513187671072128,-0.0021627192666196365,PreMarketWait,1
1718905145.25,34.31,1.0491560478637019,1.0504254440934129,-0.0012693962523764625,PreMarketWait,1
1718905145.5,34.31,1.0491560478637019,1.0496340523682601,-0.0004780045268444749,PreMarketWait,1
1718905145.75,34.31,1.0491560478637019,1.048949468275871,0.00020657956585467966,PreMarketWait,1
1718905146.0,34.31,1.0491560478637019,1.0483743872500768,0.0007816605918861518,PreMarketWait,1
1718905146.25,34.31,1.0491560478637019,1.0479094012658836,0.0012466465762402585,PreMarketWait,1
1718905146.5,34.31,1.0491560478637019,1.0475531227769466,0.0016029250652606448,PreMarketWait,1
1718905146.75,34.31,1.0491560478637019,1.0473023494723526,0.0018536983698594035,PreMarketWait,1
1718905147.0,34.31,1.0491560478637019,1.0471522635205688,0.0020037843215697767,PreMarketWait,1
1718905147.25,34.31,1.0491560478637019,1.0470966584999013,0.0020593893420875926,PreMarketWait,1
1718905147.5,34.31,1.0491560478637019,1.0471281869328883,0.002027860908876386,PreMarketWait,1
1718905147.75,34.31,1.0491560478637019,1.0472386212329532,0.00191742660851448,PreMarketWait,1
1718905148.0,34.31,1.0491560478637019,1.0474191209192356,0.0017369269218645506,PreMarketWait,1
1718905148.25,34.31,1.0491560478637019,1.0476604991421934,0.0014955486984719862,PreMarketWait,1
1718905148.5,34.31,1.0491560478637019,1.0479534818701073,0.00120256597005944,PreMarketWait,1
1718905148.75,34.31,1.0491560478637019,1.0482889534970177,0.000867094342590578,PreMarketWait,1
1718905149.0,34.31,1.0491560478637019,1.0486581831287856,0.0004978647102090641,PreMarketWait,1
1718905149.25,34.31,1.0491560478637019,1.0490530263703932,0.00010302146793928196,PreMarketWait,1
1718905149.5,34.31,1.0491560478637019,1.049466098060929,-0.00031005022329646127,PreMarketWait,1
1718905149.75,34.31,1.0491560478637019,1.049890912072203,-0.0007348642352952594,PreMarketWait,1
1718905150.0,34.31,1.0491560478637019,1.0503219849949295,-0.0011659371587558502,PreMarketWait,1
1718905150.25,34.31,1.0491560478637019,1.0507549012785216,-0.0015988534430741472,PreMarketWait,1
1718905150.5,34.31,1.0491560478637019,1.051186338166056,-0.0020302903313070856,PreMarketWait,1
1718905150.75,34.31,1.0491560478637019,1.0516140495778878,-0.002458001743789129,PreMarketWait,1
1718905151.0,34.31,1.0491560478637019,1.0520368089527024,-0.002880761119186976,PreMarketWait,1
1718905151.25,34.31,1.0491560478637019,1.0524543119643663,-0.003298264131352505,PreMarketWait,1
1718905151.5,34.31,1.0491560478637019,1.0528670410117156,-0.0037109931791094557,PreMarketWait,1
1718905151.75,34.31,1.0491560478637019,1.0532760944452888,-0.004120046612987451,PreMarketWait,1
1718905152.0,34.33,1.0899513644218672,1.0536829846725408,0.036268379717729525,PreMarketWait,1
1718905152.25,34.33,1.0899513644218672,1.0540894105939622,0.035861953796224935,PreMarketWait,1
1718905152.5,34.33,1.0899513644218672,1.0544970112767083,0.03545435311351169,PreMarketWait,1
1718905152.75,34.33,1.0899513644218672,1.0549071093389686,0.03504425505140036,PreMarketWait,1
1718905153.0,34.31,1.0491560478637019,1.0553204540926098,-0.006164406260144868,PreMarketWait,1
1718905153.25,34.31,1.0491560478637019,1.055736975882674,-0.006580928049842758,PreMarketWait,1
1718905153.5,34.31,1.0491560478637019,1.0561555640216105,-0.006999516188318532,PreMarketWait,1
1718905153.75,34.31,1.0491560478637019,1.0565738809989993,-0.007417833165166804,PreMarketWait,1
1718905154.0,34.29,1.0083607313055223,1.0569882250748728,-0.04862749379861737,PreMarketWait,1
1718905154.25,34.29,1.0083607313055223,1.0573934518550447,-0.04903272057814551,PreMarketWait,1
1718905154.5,34.29,1.0083607313055223,1.0577829630169462,-0.04942223173938427,PreMarketWait,1
1718905154.75,34.29,1.0083607313055223,1.05814876711429,-0.04978803583606792,PreMarketWait,1
1718905155.0,34.31,1.0491560478637019,1.0584816135467487,-0.00932556570971007,PreMarketWait,1
1718905155.25,34.31,1.0491560478637019,1.058771196642562,-0.009615148804927448,PreMarketWait,1
1718905155.5,34.31,1.0491560478637019,1.0590064227388434,-0.009850374900668906,PreMarketWait,1
1718905155.75,34.31,1.0491560478637019,1.0591757295311761,-0.010019681692529384,PreMarketWait,1
1718905156.0,34.34,1.1103490227009642,1.0592674441170435,0.05108157855926069,PreMarketWait,1
1718905156.25,34.34,1.1103490227009642,1.0592701643003568,0.05107885837625911,PreMarketWait,1
1718905156.5,34.34,1.1103490227009642,1.0591731469801497,0.0511758756966912,PreMarketWait,1
1718905156.75,34.34,1.1103490227009642,1.0589666878292436,0.05138233484773352,PreMarketWait,1
1718905157.0,34.31,1.0491560478637019,1.05864247786029,-0.009486430020528035,PreMarketWait,1
1718905157.25,34.31,1.0491560478637019,1.0581939246210015,-0.009037876781280312,PreMarketWait,1
1718905157.5,34.31,1.0491560478637019,1.0576164283090195,-0.008460380469425065,PreMarketWait,1
1718905157.75,34.31,1.0491560478637019,1.0569076057001343,-0.007751557860747264,PreMarketWait,1
1718905158.0,34.31,1.0491560478637019,1.0560674571818922,-0.0069114093427849,PreMarketWait,1
1718905158.25,34.31,1.0491560478637019,1.0550984742503609,-0.005942426411594434,PreMarketWait,1
1718905158.5,34.31,1.0491560478637019,1.0540056865456358,-0.0048496387072584565,PreMarketWait,1
1718905158.75,34.31,1.0491560478637019,1.0527966489178109,-0.003640601079856574,PreMarketWait,1
1718905159.0,34.31,1.0491560478637019,1.0514813701942922,-0.0023253223567784214,PreMarketWait,1
1718905159.25,34.31,1.0491560478637019,1.0500721863239977,-0.0009161384869240266,PreMarketWait,1
1718905159.5,34.31,1.0491560478637019,1.0485835814581974,0.000572466378453592,PreMarketWait,1
1718905159.75,34.31,1.0491560478637019,1.04703196133544,0.002124086500821503,PreMarketWait,1
1718905160.0,34.31,1.0491560478637019,1.0454353841019381,0.003720663733981753,PreMarketWait,1
1718905160.25,34.31,1.0491560478637019,1.0438132544395806,0.005342793396058599,PreMarketWait,1
1718905160.5,34.31,1.0491560478637019,1.0421859875990378,0.006970060236391434,PreMarketWait,1
1718905160.75,34.31,1.0491560478637019,1.04057465063916,0.00858139719613743,PreMarketWait,1
1718905161.0,34.31,1.0491560478637019,1.0390005888356773,0.010155458999570585,PreMarketWait,1
1718905161.25,34.31,1.0491560478637019,1.0374850458070897,0.011671002028191919,PreMarketWait,1
1718905161.5,34.31,1.0491560478637019,1.0360487863636332,0.013107261471764194,PreMarketWait,1
1718905161.75,34.31,1.0491560478637019,1.0347117313514496,0.014444316484142905,PreMarketWait,1
1718905162.0,34.29,1.0083607313055223,1.0334926137592622,-0.02513188248157993,PreMarketWait,1
1718905162.25,34.29,1.0083607313055223,1.032408664988947,-0.024047933710926207,PreMarketWait,1
1718905162.5,34.29,1.0083607313055223,1.0314753393771492,-0.02311460809872742,PreMarketWait,1
1718905162.75,34.29,1.0083607313055223,1.0307060837368145,-0.022345352457939244,PreMarketWait,1
1718905163.0,34.29,1.0083607313055223,1.0301121568752354,-0.021751425595865594,PreMarketWait,1
1718905163.25,34.29,1.0083607313055223,1.0297025018315844,-0.021341770551690738,PreMarketWait,1
1718905163.5,34.29,1.0083607313055223,1.029483671122728,-0.021122939842293027,PreMarketWait,1
1718905163.75,34.29,1.0083607313055223,1.0294598027882262,-0.021099071507244195,PreMarketWait,1
1718905164.0,34.31,1.0491560478637019,1.0296326426900138,0.019523405149690712,PreMarketWait,1
1718905164.25,34.31,1.0491560478637019,1.0300016065500583,0.01915444129017482,PreMarketWait,1
1718905164.5,34.31,1.0491560478637019,1.0305638737809333,0.018592174059804546,PreMarketWait,1
1718905164.75,34.31,1.0491560478637019,1.0313145044137058,0.017841543427502587,PreMarketWait,1
1718905165.0,34.31,1.0491560478637019,1.0322465704105364,0.016909477431101196,PreMarketWait,1
1718905165.25,34.31,1.0491560478637019,1.033351293329472,0.015804754512549,PreMarketWait,1
1718905165.5,34.31,1.0491560478637019,1.0346181815749995,0.01453786626735845,PreMarketWait,1
1718905165.75,34.31,1.0491560478637019,1.036035162169424,0.013120885673225984,PreMarketWait,1
1718905166.0,34.31,1.0491560478637019,1.0375887039567113,0.011567343886187378,PreMarketWait,1
1718905166.25,34.31,1.0491560478637019,1.0392639312465861,0.00989211659652032,PreMarketWait,1
1718905166.5,34.31,1.0491560478637019,1.0410447289767435,0.00811131886653252,PreMarketWait,1
1718905166.75,34.31,1.0491560478637019,1.0429138423810482,0.0062422054623641424,PreMarketWait,1
1718905167.0,34.31,1.0491560478637019,1.0448529757806373,0.004303072062881908,PreMarketWait,1
1718905167.25,34.31,1.0491560478637019,1.0468428963563665,0.00231315148723237,PreMarketWait,1
1718905167.5,34.31,1.0491560478637019,1.0488635495238792,0.00029249831977361165,PreMarketWait,1
1718905167.75,34.31,1.0491560478637019,1.0508941927420674,-0.0017381448983854993,PreMarketWait,1
1718905168.0,34.29,1.0083607313055223,1.0529135541847334,-0.04455282289922537,PreMarketWait,1
1718905168.25,34.29,1.0083607313055223,1.0549000216583448,-0.046539290372851636,PreMarketWait,1
1718905168.5,34.29,1.0083607313055223,1.056831865455516,-0.04847113417005433,PreMarketWait,1
1718905168.75,34.29,1.0083607313055223,1.0586874965570614,-0.050326765271644966,PreMarketWait,1
1718905169.0,34.33,1.0899513644218672,1.0604457588940865,0.0295056055076173,PreMarketWait,1
1718905169.25,34.33,1.0899513644218672,1.0620862515193823,0.02786511288225224,PreMarketWait,1
1718905169.5,34.33,1.0899513644218672,1.0635896738411075,0.026361690560444885,PreMarketWait,1
1718905169.75,34.33,1.0899513644218672,1.0649381848412576,0.0250131795601964,PreMarketWait,1
1718905170.0,34.31,1.0491560478637019,1.0661157656145719,-0.016959717771401792,PreMarketWait,1
1718905170.25,34.31,1.0491560478637019,1.0671085736343513,-0.017952525791322217,PreMarketWait,1
1718905170.5,34.31,1.0491560478637019,1.0679052767701638,-0.018749228927297523,PreMarketWait,1
1718905170.75,34.31,1.0491560478637019,1.068497355107821,-0.019341307265135076,PreMarketWait,1
1718905171.0,34.33,1.0899513644218672,1.0688793589701875,0.02107200543047296,PreMarketWait,1
1718905171.25,34.33,1.0899513644218672,1.0690491122176193,0.020902252182848344,PreMarketWait,1
1718905171.5,34.33,1.0899513644218672,1.0690078509981578,0.020943513402122905,PreMarketWait,1
1718905171.75,34.33,1.0899513644218672,1.0687602897064026,0.02119107469370371,PreMarketWait,1
1718905172.0,34.33,1.0899513644218672,1.0683146080267394,0.021636756373210744,PreMarketWait,1
1718905172.25,34.33,1.0899513644218672,1.0676823555253039,0.02226900887451335,PreMarketWait,1
1718905172.5,34.33,1.0899513644218672,1.0668782731836262,0.02307309121608459,PreMarketWait,1
1718905172.75,34.33,1.0899513644218672,1.0659200343582156,0.024031330041413664,PreMarketWait,1
1718905173.0,34.31,1.0491560478637019,1.0648279107087797,-0.015671862867375874,PreMarketWait,1
1718905173.25,34.31,1.0491560478637019,1.0636243714636002,-0.014468323622241843,PreMarketWait,1
1718905173.5,34.31,1.0491560478637019,1.0623336267947996,-0.013177578953482223,PreMarketWait,1
1718905173.75,34.31,1.0491560478637019,1.0609811279070727,-0.011825080065802542,PreMarketWait,1
1718905174.0,34.31,1.0491560478637019,1.059593037618593,-0.010436989777386219,PreMarketWait,1
1718905174.25,34.31,1.0491560478637019,1.058195685733698,-0.00903963789258044,PreMarketWait,1
1718905174.5,34.31,1.0491560478637019,1.056815023442222,-0.007658975601226267,PreMarketWait,1
1718905174.75,34.31,1.0491560478637019,1.0554760904314173,-0.0063200425905799214,PreMarketWait,1
1718905175.0,34.31,1.0491560478637019,1.0542025074692218,-0.005046459628580004,PreMarketWait,1
1718905175.25,34.31,1.0491560478637019,1.053016006009111,-0.003859958168699504,PreMarketWait,1
1718905175.5,34.31,1.0491560478637019,1.0519360049615096,-0.0027799571213581956,PreMarketWait,1
1718905175.75,34.31,1.0491560478637019,1.05097924324671,-0.0018231954068419261,PreMarketWait,1
1718905176.0,34.31,1.0491560478637019,1.050159475149204,-0.0010034273096366066,PreMarketWait,1
1718905176.25,34.31,1.0491560478637019,1.049487233881401,-0.00033118604214424276,PreMarketWait,1
1718905176.5,34.31,1.0491560478637019,1.0489696671731195,0.0001863806658228685,PreMarketWait,1
1718905176.75,34.31,1.0491560478637019,1.0486104471594122,0.0005456006792172532,PreMarketWait,1
1718905177.0,34.31,1.0491560478637019,1.0484097553617813,0.0007462924765414456,PreMarketWait,1
1718905177.25,34.31,1.0491560478637019,1.0483643421577478,0.0007917056802787086,PreMarketWait,1
1718905177.5,34.31,1.0491560478637019,1.0484676588159314,0.0006883890218124184,PreMarketWait,1
1718905177.75,34.31,1.0491560478637019,1.048710058938361,0.0004459888991147241,PreMarketWait,1
1718905178.0,34.31,1.0491560478637019,1.049079064995411,7.698284180987676e-05,PreMarketWait,1
1718905178.25,34.31,1.0491560478637019,1.0495596945563606,-0.0004036467193835377,PreMarketWait,1
1718905178.5,34.31,1.0491560478637019,1.0501348398044388,-0.0009787919676961148,PreMarketWait,1
1718905178.75,34.31,1.0491560478637019,1.0507856929745274,-0.0016296451380114364,PreMarketWait,1
1718905179.0,34.31,1.0491560478637019,1.0514922094617414,-0.0023361616254467506,PreMarketWait,1
1718905179.25,34.31,1.0491560478637019,1.0522335995204644,-0.0030775516843868376,PreMarketWait,1
1718905179.5,34.31,1.0491560478637019,1.0529888387109443,-0.0038327908750790543,PreMarketWait,1
1718905179.75,34.31,1.0491560478637019,1.0537371865642753,-0.004581138728617105,PreMarketWait,1
1718905180.0,34.31,1.0491560478637019,1.0544587023423606,-0.0053026545069025195,PreMarketWait,1
1718905180.25,34.31,1.0491560478637019,1.0551347462894674,-0.005978698454199338,PreMarketWait,1
1718905180.5,34.31,1.0491560478637019,1.055748454435169,-0.006592406600076078,PreMarketWait,1
1718905180.75,34.31,1.0491560478637019,1.0562851748505062,-0.007129127015567565,PreMarketWait,1
1718905181.0,34.31,1.0491560478637019,1.0567328533225635,-0.007576805487752378,PreMarketWait,1
1718905181.25,34.31,1.0491560478637019,1.0570823567463241,-0.007926308911607624,PreMarketWait,1
1718905181.5,34.31,1.0491560478637019,1.0573277231917386,-0.008171675357078549,PreMarketWait,1
1718905181.75,34.31,1.0491560478637019,1.057466328649083,-0.008310280814437337,PreMarketWait,1
1718905182.0,34.33,1.0899513644218672,1.0574989619520465,0.032452402440794864,PreMarketWait,1
1718905182.25,34.33,1.0899513644218672,1.057429801391095,0.032521563001823565,PreMarketWait,1
1718905182.5,34.33,1.0899513644218672,1.05726628911148,0.03268507528156345,PreMarketWait,1
1718905182.75,34.33,1.0899513644218672,1.057018902550404,0.032932461842811976,PreMarketWait,1
1718905183.0,34.33,1.0899513644218672,1.0567008258391177,0.03325053855431868,PreMarketWait,1
1718905183.25,34.33,1.0899513644218672,1.0563275281175288,0.033623836276175476,PreMarketWait,1
1718905183.5,34.33,1.0899513644218672,1.055916259842045,0.03403510455197278,PreMarketWait,1
1718905183.75,34.33,1.0899513644218672,1.055485482126548,0.03446588226782489,PreMarketWait,1
1718905184.0,34.29,1.0083607313055223,1.055054247638205,-0.04669351635978695,PreMarketWait,1
1718905184.25,34.29,1.0083607313055223,1.0546415542717715,-0.046280822992935955,PreMarketWait,1
1718905184.5,34.29,1.0083607313055223,1.0542656944754347,-0.04590496319616233,PreMarketWait,1
1718905184.75,34.29,1.0083607313055223,1.0539436235110597,-0.04558289223133816,PreMarketWait,1
1718905185.0,34.31,1.0491560478637019,1.053690369066911,-0.004534321228552865,PreMarketWait,1
1718905185.25,34.31,1.0491560478637019,1.053518502646436,-0.0043624548076160174,PreMarketWait,1
1718905185.5,34.31,1.0491560478637019,1.0534376903132587,-0.004281642473973356,PreMarketWait,1
1718905185.75,34.31,1.0491560478637019,1.0534543370021847,-0.004298289162432033,PreMarketWait,1
1718905186.0,34.31,1.0491560478637019,1.0535713349833562,-0.004415287143136982,PreMarketWait,1
1718905186.25,34.31,1.0491560478637019,1.0537879233778014,-0.004631875537120196,PreMarketWait,1
1718905186.5,34.31,1.0491560478637019,1.0540996619747154,-0.004943614133580862,PreMarketWait,1
1718905186.75,34.31,1.0491560478637019,1.054498519055813,-0.005342471214239103,PreMarketWait,1
1718905187.0,34.31,1.0491560478637019,1.0549730695353774,-0.005817021693385363,PreMarketWait,1
1718905187.25,34.31,1.0491560478637019,1.0555087965189214,-0.006352748676539631,PreMarketWait,1
1718905187.5,34.31,1.0491560478637019,1.056088486413002,-0.006932438570266134,PreMarketWait,1
1718905187.75,34.31,1.0491560478637019,1.056692705030857,-0.0075366571878078955,PreMarketWait,1
1718905188.0,34.31,1.0491560478637019,1.05730033978387,-0.008144291940551638,PreMarketWait,1
1718905188.25,34.31,1.0491560478637019,1.057889191082458,-0.008733143238916174,PreMarketWait,1
1718905188.5,34.31,1.0491560478637019,1.0584365945515937,-0.009280546707875478,PreMarketWait,1
1718905188.75,34.31,1.0491560478637019,1.0589200546608324,-0.009764006816982836,PreMarketWait,1
1718905189.0,34.33,1.0899513644218672,1.0593178699464099,0.03063349445569566,PreMarketWait,1
1718905189.25,34.33,1.0899513644218672,1.0596097302354728,0.03034163416668958,PreMarketWait,1
1718905189.5,34.33,1.0899513644218672,1.0597772672299715,0.030174097172221016,PreMarketWait,1
1718905189.75,34.33,1.0899513644218672,1.0598045414906567,0.03014682291154737,PreMarketWait,1
1718905190.0,34.31,1.0491560478637019,1.0596784512269248,-0.010522403382883766,PreMarketWait,1
1718905190.25,34.31,1.0491560478637019,1.059389051206414,-0.010233003362371672,PreMarketWait,1
1718905190.5,34.31,1.0491560478637019,1.0589297733508636,-0.009773725506813272,PreMarketWait,1
1718905190.75,34.31,1.0491560478637019,1.0582975439847555,-0.009141496140682484,PreMarketWait,1
1718905191.0,34.33,1.0899513644218672,1.0574927961147558,0.03245856828752636,PreMarketWait,1
1718905191.25,34.33,1.0899513644218672,1.0565193784900349,0.033431985912316525,PreMarketWait,1
1718905191.5,34.33,1.0899513644218672,1.0553843665334244,0.0345669978690229,PreMarketWait,1
1718905191.75,34.33,1.0899513644218672,1.054097783544052,0.03585358085851712,PreMarketWait,1
1718905192.0,34.31,1.0491560478637019,1.0526722437896336,-0.003516195945083511,PreMarketWait,1
1718905192.25,34.31,1.0491560478637019,1.0511225320733166,-0.001966484228599184,PreMarketWait,1
1718905192.5,34.31,1.0491560478637019,1.0494651368481662,-0.0003090890032654593,PreMarketWait,1
1718905192.75,34.31,1.0491560478637019,1.0477177557238941,0.0014382921211988017,PreMarketWait,1
1718905193.0,34.29,1.0083607313055223,1.0458987930769483,-0.037538061789843605,PreMarketWait,1
1718905193.25,34.29,1.0083607313055223,1.0440268693289096,-0.035666138041623434,PreMarketWait,1
1718905193.5,34.29,1.0083607313055223,1.0421203602717395,-0.03375962898428861,PreMarketWait,1
1718905193.75,34.29,1.0083607313055223,1.0401969826382726,-0.031836251350679336,PreMarketWait,1
1718905194.0,34.29,1.0083607313055223,1.0382734390676653,-0.02991270777995608,PreMarketWait,1
1718905194.25,34.29,1.0083607313055223,1.0363651319041645,-0.028004400616369135,PreMarketWait,1
1718905194.5,34.29,1.0083607313055223,1.0344859511606654,-0.02612521987281754,PreMarketWait,1
1718905194.75,34.29,1.0083607313055223,1.032648137770207,-0.02428740648234352,PreMarketWait,1
1718905195.0,34.31,1.0491560478637019,1.0308622192315473,0.01829382861447136,PreMarketWait,1
1718905195.25,34.31,1.0491560478637019,1.0291370112042404,0.02001903664171075,PreMarketWait,1
1718905195.5,34.31,1.0491560478637019,1.0274796757651248,0.021676372080713494,PreMarketWait,1
1718905195.75,34.31,1.0491560478637019,1.0258958250807466,0.023260222764931178,PreMarketWait,1
1718905196.0,34.31,1.0491560478637019,1.0243896582627545,0.024766389582714488,PreMarketWait,1
1718905196.25,34.31,1.0491560478637019,1.0229641191291832,0.026191928716028875,PreMarketWait,1
1718905196.5,34.31,1.0491560478637019,1.0216210633731544,0.02753498447175355,PreMarketWait,1
1718905196.75,34.31,1.0491560478637019,1.0203614250611721,0.028794622783386632,PreMarketWait,1
1718905197.0,34.29,1.0083607313055223,1.0191853742340895,-0.010824642948101267,PreMarketWait,1
1718905197.25,34.29,1.0083607313055223,1.0180924594391747,-0.009731728153614928,PreMarketWait,1
1718905197.5,34.29,1.0083607313055223,1.0170817310587608,-0.008720999773662644,PreMarketWait,1
1718905197.75,34.29,1.0083607313055223,1.0161518431291041,-0.0077911118444956035,PreMarketWait,1
1718905198.0,34.29,1.0083607313055223,1.0153011328380237,-0.0069404015539276075,PreMarketWait,1
1718905198.25,34.29,1.0083607313055223,1.0145276780100994,-0.0061669467265329184,PreMarketWait,1
1718905198.5,34.29,1.0083607313055223,1.0138293336600244,-0.005468602376998425,PreMarketWait,1
1718905198.75,34.29,1.0083607313055223,1.0132037491796686,-0.004843017897186705,PreMarketWait,1
1718905199.0,34.29,1.0083607313055223,1.0126483679920777,-0.004287636710134696,PreMarketWait,1
1718905199.25,34.29,1.0083607313055223,1.0121604116213294,-0.0037996803399096704,PreMarketWait,1
1718905199.5,34.29,1.0083607313055223,1.0117368501493411,-0.003376118868415972,PreMarketWait,1
1718905199.75,34.29,1.0083607313055223,1.0113743610112644,-0.0030136297307922577,PreMarketWait,1
1718905200.0,34.29,1.0083607313055223,1.0110692780660675,-0.002708546785994563,PreMarketWait,1
1718905200.25,34.29,1.0083607313055223,1.0108175329090734,-0.0024568016293351116,PreMarketWait,1
1718905200.5,34.29,1.0083607313055223,1.010614590504837,-0.0022538592253594407,PreMarketWait,1
1718905200.75,34.29,1.0083607313055223,1.0104553814440331,-0.002094650164735288,PreMarketWait,1
1718905201.0,34.31,1.0491560478637019,1.010334233495411,0.03882181434197163,PreMarketWait,1
1718905201.25,34.31,1.0491560478637019,1.010244805655169,0.038911242182203494,PreMarketWait,1
1718905201.5,34.31,1.0491560478637019,1.010180028593993,0.03897601924345031,PreMarketWait,1
1718905201.75,34.31,1.0491560478637019,1.0101320562225669,0.039023991615022055,PreMarketWait,1
1718905202.0,34.27,0.9675654147473569,1.0100922339167813,-0.0425268191953261,PreMarketWait,1
1718905202.25,34.27,0.9675654147473569,1.0100510895538355,-0.042485674832115135,PreMarketWait,1
1718905202.5,34.27,0.9675654147473569,1.0099983536540669,-0.04243293893203939,PreMarketWait,1
1718905202.75,34.27,0.9675654147473569,1.0099230143887272,-0.04235759966636102,PreMarketWait,1
1718905203.0,34.29,1.0083607313055223,1.009813411927691,-0.0014526806467984217,PreMarketWait,1
1718905203.25,34.29,1.0083607313055223,1.0096573746693696,-0.0012966433881019777,PreMarketWait,1
1718905203.5,34.29,1.0083607313055223,1.0094423975626519,-0.001081666281001703,PreMarketWait,1
1718905203.75,34.29,1.0083607313055223,1.0091558602862631,-0.0007951290042281772,PreMarketWait,1
1718905204.0,34.29,1.0083607313055223,1.0087852807378184,-0.00042454945539722837,PreMarketWait,1
1718905204.25,34.29,1.0083607313055223,1.008318597258861,4.213402395041206e-05,PreMarketWait,1
1718905204.5,34.29,1.0083607313055223,1.0077444713602282,0.0006162599229825702,PreMarketWait,1
1718905204.75,34.29,1.0083607313055223,1.0070526014442303,0.0013081298393931597,PreMarketWait,1
1718905205.0,34.29,1.0083607313055223,1.0062340371569374,0.002126694127115962,PreMarketWait,1
1718905205.25,34.29,1.0083607313055223,1.0052814835485135,0.0030792477359900205,PreMarketWait,1
1718905205.5,34.29,1.0083607313055223,1.004189584170429,0.0041711471145469605,PreMarketWait,1
1718905205.75,34.29,1.0083607313055223,1.002955172588367,0.005405558697101407,PreMarketWait,1
1718905206.0,34.29,1.0083607313055223,1.0015774825250527,0.006783248760923467,PreMarketWait,1
1718905206.25,34.29,1.0083607313055223,1.0000583079466487,0.008302423339842569,PreMarketWait,1
1718905206.5,34.29,1.0083607313055223,0.9984021058394502,0.009958625447553625,PreMarketWait,1
1718905206.75,34.29,1.0083607313055223,0.9966160361497554,0.011744695137747698,PreMarketWait,1
1718905207.0,34.29,1.0083607313055223,0.9947099353268799,0.013650795961097986,PreMarketWait,1
1718905207.25,34.29,1.0083607313055223,0.9926962220523664,0.015664509236052365,PreMarketWait,1
1718905207.5,34.29,1.0083607313055223,0.990589735978405,0.01777099531041268,PreMarketWait,1
1718905207.75,34.29,1.0083607313055223,0.9884075125408797,0.019953218748289706,PreMarketWait,1
1718905208.0,34.27,0.9675654147473569,0.9861684990466114,-0.01860308431530782,PreMarketWait,1
1718905208.25,34.27,0.9675654147473569,0.9838932191357157,-0.016327804404169186,PreMarketWait,1
1718905208.5,34.27,0.9675654147473569,0.9816033942620215,-0.01403797953029144,PreMarketWait,1
1718905208.75,34.27,0.9675654147473569,0.9793215319159149,-0.011756117184061974,PreMarketWait,1
1718905209.0,34.27,0.9675654147473569,0.9770704908914051,-0.009505076159488366,PreMarketWait,1
1718905209.25,34.27,0.9675654147473569,0.9748730340023445,-0.007307619270420139,PreMarketWait,1
1718905209.5,34.27,0.9675654147473569,0.9727513783683885,-0.005185963636509696,PreMarketWait,1
1718905209.75,34.27,0.9675654147473569,0.970726752829766,-0.003161338097981279,PreMarketWait,1
1718905210.0,34.27,0.9675654147473569,0.9688189713172579,-0.0012535565856110365,PreMarketWait,1
1718905210.25,34.27,0.9675654147473569,0.9670460301889611,0.0005193845425089955,PreMarketWait,1
1718905210.5,34.27,0.9675654147473569,0.9654237367175152,0.0021416780137433495,PreMarketWait,1
1718905210.75,34.27,0.9675654147473569,0.9639653751200601,0.0036000396109565147,PreMarketWait,1
1718905211.0,34.27,0.9675654147473569,0.9626814157991064,0.004883998931643395,PreMarketWait,1
1718905211.25,34.27,0.9675654147473569,0.9615792728190298,0.005986141911435315,PreMarketWait,1
1718905211.5,34.27,0.9675654147473569,0.9606631140769242,0.006902300653246195,PreMarketWait,1
1718905211.75,34.27,0.9675654147473569,0.9599337281199768,0.007631686609897,PreMarketWait,1
1718905212.0,34.27,0.9675654147473569,0.9593884510827606,0.00817696364682126,PreMarketWait,1
1718905212.25,34.27,0.9675654147473569,0.9590211567233979,0.008544258005901747,PreMarketWait,1
1718905212.5,34.27,0.9675654147473569,0.9588223119736822,0.008743102755348113,PreMarketWait,1
1718905212.75,34.27,0.9675654147473569,0.9587790997226953,0.008786315006080923,PreMarketWait,1
1718905213.0,34.25,0.9267700981891772,0.9588756096574597,-0.03210551148710022,PreMarketWait,1
1718905213.25,34.25,0.9267700981891772,0.9590930968175488,-0.03232299864740841,PreMarketWait,1
1718905213.5,34.25,0.9267700981891772,0.9594103060263367,-0.032640207856397783,PreMarketWait,1
1718905213.75,34.25,0.9267700981891772,0.9598038585253473,-0.03303376035559277,PreMarketWait,1
1718905214.0,34.27,0.9675654147473569,0.9602486950227319,0.00731671970503486,PreMarketWait,1
1718905214.25,34.27,0.9675654147473569,0.9607185671257388,0.00684684760187736,PreMarketWait,1
1718905214.5,34.27,0.9675654147473569,0.9611865669767536,0.006378847750728571,PreMarketWait,1
1718905214.75,34.27,0.9675654147473569,0.9616256830723993,0.005939731654967236,PreMarketWait,1
1718905215.0,34.27,0.9675654147473569,0.9620093688766079,0.005556045850663664,PreMarketWait,1
1718905215.25,34.27,0.9675654147473569,0.9623121100167051,0.005253304710496862,PreMarketWait,1
1718905215.5,34.27,0.9675654147473569,0.962509975577871,0.005055439149291099,PreMarketWait,1
1718905215.75,34.27,0.9675654147473569,0.9625811392468329,0.004984275480322219,PreMarketWait,1
1718905216.0,34.27,0.9675654147473569,0.9625063567482747,0.005059057978907951,PreMarketWait,1
1718905216.25,34.27,0.9675654147473569,0.962269387114806,0.005296027612438783,PreMarketWait,1
1718905216.5,34.27,0.9675654147473569,0.9618573467831527,0.005708067944187142,PreMarketWait,1
1718905216.75,34.27,0.9675654147473569,0.9612609872668578,0.00630442746060675,PreMarketWait,1
1718905217.0,34.27,0.9675654147473569,0.960474889170998,0.007090525556616684,PreMarketWait,1
1718905217.25,34.27,0.9675654147473569,0.95949756753812,0.00806784718966475,PreMarketWait,1
1718905217.5,34.27,0.9675654147473569,0.9583314858953348,0.00923392883263495,PreMarketWait,1
1718905217.75,34.27,0.9675654147473569,0.9569829788548333,0.010582435873330989,PreMarketWait,1
1718905218.0,34.27,0.9675654147473569,0.9554620856429844,0.012103329085378015,PreMarketWait,1
1718905218.25,34.27,0.9675654147473569,0.9537822994282279,0.013783115300330124,PreMarketWait,1
1718905218.5,34.27,0.9675654147473569,0.9519602397076801,0.015605175021065393,PreMarketWait,1
1718905218.75,34.27,0.9675654147473569,0.9500152572084268,0.01755015752049294,PreMarketWait,1
1718905219.0,34.25,0.9267700981891772,0.9479689826614734,-0.021198884490575734,PreMarketWait,1
1718905219.25,34.25,0.9267700981891772,0.9458448323035039,-0.019074734132467325,PreMarketWait,1
1718905219.5,34.25,0.9267700981891772,0.9436674839445035,-0.016897385773347654,PreMarketWait,1
1718905219.75,34.25,0.9267700981891772,0.9414623378262544,-0.014692239654998069,PreMarketWait,1
1718905220.0,34.25,0.9267700981891772,0.9392549762662844,-0.01248487809494403,PreMarketWait,1
1718905220.25,34.25,0.9267700981891772,0.9370706352874663,-0.010300537116053894,PreMarketWait,1
1718905220.5,34.25,0.9267700981891772,0.9349337001871344,-0.008163602015657342,PreMarketWait,1
1718905220.75,34.25,0.9267700981891772,0.932867235437908,-0.006097137266368093,PreMarketWait,1
1718905221.0,34.25,0.9267700981891772,0.9308925575684059,-0.004122459396800074,PreMarketWait,1
1718905221.25,34.25,0.9267700981891772,0.9290288578621817,-0.0022587596905030514,PreMarketWait,1
1718905221.5,34.25,0.9267700981891772,0.9272928799341817,-0.0005227817624212667,PreMarketWait,1
1718905221.75,34.25,0.9267700981891772,0.9256986555728769,0.0010714425989762208,PreMarketWait,1
1718905222.0,34.25,0.9267700981891772,0.924257300730895,0.002512797441062144,PreMarketWait,1
1718905222.25,34.25,0.9267700981891772,0.9229768722472856,0.0037932259247853385,PreMarketWait,1
1718905222.5,34.25,0.9267700981891772,0.9218622848130182,0.004907813359173801,PreMarketWait,1
1718905222.75,34.25,0.9267700981891772,0.920915286854464,0.005854811317853162,PreMarketWait,1
1718905223.0,34.25,0.9267700981891772,0.9201344933992267,0.006635604773214983,PreMarketWait,1
1718905223.25,34.25,0.9267700981891772,0.9195154735831541,0.007254624589405506,PreMarketWait,1
1718905223.5,34.25,0.9267700981891772,0.9190508902231833,0.007719207949480876,PreMarketWait,1
1718905223.75,34.25,0.9267700981891772,0.9187306887739778,0.008039409398770327,PreMarketWait,1
1718905224.0,34.25,0.9267700981891772,0.9185423329543593,0.008227765218444297,PreMarketWait,1
1718905224.25,34.25,0.9267700981891772,0.918471084312252,0.008299013860571863,PreMarketWait,1
1718905224.5,34.25,0.9267700981891772,0.9185003229282965,0.008269775244507973,PreMarketWait,1
1718905224.75,34.25,0.9267700981891772,0.9186119062680626,0.008158191904678985,PreMarketWait,1
1718905225.0,34.23,0.8859747816309974,0.9187865628077483,-0.0328117811932959,PreMarketWait,1
1718905225.25,34.23,0.8859747816309974,0.9190043164070214,-0.033029534792725794,PreMarketWait,1
1718905225.5,34.23,0.8859747816309974,0.9192449364297527,-0.03327015481566093,PreMarketWait,1
1718905225.75,34.23,0.8859747816309974,0.9194884073080387,-0.033513625694194915,PreMarketWait,1
1718905226.0,34.25,0.9267700981891772,0.9197154096748453,0.007054688496891642,PreMarketWait,1
1718905226.25,34.25,0.9267700981891772,0.9199078035150071,0.006862294656411267,PreMarketWait,1
1718905226.5,34.25,0.9267700981891772,0.9200491022255279,0.006720995945547604,PreMarketWait,1
1718905226.75,34.25,0.9267700981891772,0.9201249252584717,0.00664517291224423,PreMarketWait,1
1718905227.0,34.25,0.9267700981891772,0.9201234163082614,0.006646681862085689,PreMarketWait,1
1718905227.25,34.25,0.9267700981891772,0.9200356138768432,0.006734484293134151,PreMarketWait,1
1718905227.5,34.25,0.9267700981891772,0.91985576150573,0.006914336663883369,PreMarketWait,1
1718905227.75,34.25,0.9267700981891772,0.9195815459607684,0.007188552208491805,PreMarketWait,1
1718905228.0,34.25,0.9267700981891772,0.9192142531347092,0.007555845034210848,PreMarketWait,1
1718905228.25,34.25,0.9267700981891772,0.918758833331675,0.00801126483691947,PreMarketWait,1
1718905228.5,34.25,0.9267700981891772,0.9182238698524515,0.008546228315835,PreMarketWait,1
1718905228.75,34.25,0.9267700981891772,0.9176214473445752,0.009148650823424913,PreMarketWait,1
1718905229.0,34.25,0.9267700981891772,0.9169669191482684,0.009803179019470434,PreMarketWait,1
1718905229.25,34.25,0.9267700981891772,0.9162785757868368,0.010491522380670517,PreMarketWait,1
1718905229.5,34.25,0.9267700981891772,0.9155772197424817,0.011192878424829413,PreMarketWait,1
1718905229.75,34.25,0.9267700981891772,0.9148856546450727,0.011884443522085031,PreMarketWait,1
1718905230.0,34.25,0.9267700981891772,0.9142280998962382,0.012541998270817386,PreMarketWait,1
1718905230.25,34.25,0.9267700981891772,0.9136295444622949,0.013140553704719286,PreMarketWait,1
1718905230.5,34.25,0.9267700981891772,0.9131150559989395,0.013655042168102057,PreMarketWait,1
1718905230.75,34.25,0.9267700981891772,0.9127090635139234,0.01406103465321835,PreMarketWait,1
1718905231.0,34.23,0.8859747816309974,0.9124346333209343,-0.026459851711797953,PreMarketWait,1
1718905231.25,34.23,0.8859747816309974,0.9123127589763012,-0.02633797736691766,PreMarketWait,1
1718905231.5,34.23,0.8859747816309974,0.9123616861190816,-0.026386904509381803,PreMarketWait,1
1718905231.75,34.23,0.8859747816309974,0.9125962925937899,-0.026621510983708824,PreMarketWait,1
1718905232.0,34.25,0.9267700981891772,0.9130275429369411,0.013742555231760448,PreMarketWait,1
1718905232.25,34.25,0.9267700981891772,0.9136620343548559,0.013108063814338093,PreMarketWait,1
1718905232.5,34.25,0.9267700981891772,0.9145016488723461,0.01226844929738265,PreMarketWait,1
1718905232.75,34.25,0.9267700981891772,0.9155433235521823,0.011226774618111222,PreMarketWait,1
1718905233.0,34.23,0.8859747816309974,0.9167789476771592,-0.03080416606446474,PreMarketWait,1
1718905233.25,34.23,0.8859747816309974,0.9181953925714343,-0.03222061095815615,PreMarketWait,1
1718905233.5,34.23,0.8859747816309974,0.9197746762819115,-0.033799894668058404,PreMarketWait,1
1718905233.75,34.23,0.8859747816309974,0.9214942616178582,-0.03551948000344941,PreMarketWait,1
1718905234.0,34.25,0.9267700981891772,0.923327482102377,0.003442616070737689,PreMarketWait,1
1718905234.25,34.25,0.9267700981891772,0.9252440863651907,0.001526011808411859,PreMarketWait,1
1718905234.5,34.25,0.9267700981891772,0.9272108876188117,-0.00044078944476521817,PreMarketWait,1
1718905234.75,34.25,0.9267700981891772,0.9291925013404393,-0.00242240316599754,PreMarketWait,1
1718905235.0,34.25,0.9267700981891772,0.9311521513151056,-0.0043820531403205125,PreMarketWait,1
1718905235.25,34.25,0.9267700981891772,0.9330525218936639,-0.006282423718589817,PreMarketWait,1
1718905235.5,34.25,0.9267700981891772,0.9348566327339874,-0.008086534558680384,PreMarketWait,1
1718905235.75,34.25,0.9267700981891772,0.9365287114503232,-0.009758613274840561,PreMarketWait,1
1718905236.0,34.27,0.9675654147473569,0.9380350395201892,0.02953037521359142,PreMarketWait,1
1718905236.25,34.27,0.9675654147473569,0.9393447475270296,0.02822066720681233,PreMarketWait,1
1718905236.5,34.27,0.9675654147473569,0.9404305373867441,0.027134877347101707,PreMarketWait,1
1718905236.75,34.27,0.9675654147473569,0.9412693116256988,0.026296103108092217,PreMarketWait,1
1718905237.0,34.27,0.9675654147473569,0.9418426929925269,0.025722721741149448,PreMarketWait,1
1718905237.25,34.27,0.9675654147473569,0.9421374215615368,0.025427993171963502,PreMarketWait,1
1718905237.5,34.27,0.9675654147473569,0.9421456208212905,0.025419793911972053,PreMarketWait,1
1718905237.75,34.27,0.9675654147473569,0.941864928802531,0.0257004859304328,PreMarketWait,1
1718905238.0,34.25,0.9267700981891772,0.9412984948410479,-0.01452839666662338,PreMarketWait,1
1718905238.25,34.25,0.9267700981891772,0.9404548468543685,-0.01368474868036406,PreMarketWait,1
1718905238.5,34.25,0.9267700981891772,0.9393476378164813,-0.012577539642955752,PreMarketWait,1
1718905238.75,34.25,0.9267700981891772,0.9379952832669511,-0.011225185093959377,PreMarketWait,1
1718905239.0,34.25,0.9267700981891772,0.9364205040901058,-0.009650405917696872,PreMarketWait,1
1718905239.25,34.25,0.9267700981891772,0.9346497904353185,-0.00787969226353312,PreMarketWait,1
1718905239.5,34.25,0.9267700981891772,0.9327128035800244,-0.005942705408893814,PreMarketWait,1
1718905239.75,34.25,0.9267700981891772,0.9306417328567683,-0.0038716346863115134,PreMarketWait,1
1718905240.0,34.25,0.9267700981891772,0.9284706245723813,-0.0017005264026041418,PreMarketWait,1
1718905240.25,34.25,0.9267700981891772,0.9262346992288143,0.0005353989402909071,PreMarketWait,1
1718905240.5,34.25,0.9267700981891772,0.9239696723828249,0.0028004257856294387,PreMarketWait,1
1718905240.75,34.25,0.9267700981891772,0.9217110932095522,0.005059004958283455,PreMarketWait,1
1718905241.0,34.23,0.8859747816309974,0.9194937132983938,-0.03351893168931518,PreMarketWait,1
1718905241.25,34.23,0.8859747816309974,0.9173508964277024,-0.03137611481915249,PreMarketWait,1
1718905241.5,34.23,0.8859747816309974,0.9153140780531672,-0.02933929644509185,PreMarketWait,1
1718905241.75,34.23,0.8859747816309974,0.9134122810427,-0.02743749943504042,PreMarketWait,1
1718905242.0,34.25,0.9267700981891772,0.9116716918946535,0.015098406270832573,PreMarketWait,1
1718905242.25,34.25,0.9267700981891772,0.9101152994523791,0.01665479871281767,PreMarketWait,1
1718905242.5,34.25,0.9267700981891772,0.9087625961843391,0.01800750198063298,PreMarketWait,1
1718905242.75,34.25,0.9267700981891772,0.9076293406243885,0.01914075754042235,PreMarketWait,1
1718905243.0,34.25,0.9267700981891772,0.906727378671804,0.02004271949290781,PreMarketWait,1
1718905243.25,34.25,0.9267700981891772,0.906064521139507,0.020705577025165463,PreMarketWait,1
1718905243.5,34.25,0.9267700981891772,0.9056444751240613,0.02112562304062874,PreMarketWait,1
1718905243.75,34.25,0.9267700981891772,0.9054668273076518,0.021303270857109844,PreMarketWait,1
1718905244.0,34.23,0.8859747816309974,0.9055270780188425,-0.019552296412138244,PreMarketWait,1
1718905244.25,34.23,0.8859747816309974,0.9058167255955719,-0.019841943988697583,PreMarketWait,1
1718905244.5,34.23,0.8859747816309974,0.9063234011409157,-0.020348619533825864,PreMarketWait,1
1718905244.75,34.23,0.8859747816309974,0.9070310540106695,-0.021056272403320402,PreMarketWait,1
1718905245.0,34.25,0.9267700981891772,0.9079201882688588,0.018849909896972328,PreMarketWait,1
1718905245.25,34.25,0.9267700981891772,0.9089681499303777,0.01780194823579885,PreMarketWait,1
1718905245.5,34.25,0.9267700981891772,0.9101494641805726,0.01662063398599263,PreMarketWait,1
1718905245.75,34.25,0.9267700981891772,0.9114362210257221,0.015333877141272892,PreMarketWait,1
1718905246.0,34.23,0.8859747816309974,0.9127985070374093,-0.02682372542812718,PreMarketWait,1
1718905246.25,34.23,0.8859747816309974,0.9142048799808787,-0.02823009837109684,PreMarketWait,1
1718905246.5,34.23,0.8859747816309974,0.9156228820842596,-0.029648100473950917,PreMarketWait,1
1718905246.75,34.23,0.8859747816309974,0.9170195864443601,-0.031044804833504493,PreMarketWait,1
1718905247.0,34.25,0.9267700981891772,0.9183621695805931,0.008407928589001457,PreMarketWait,1
1718905247.25,34.25,0.9267700981891772,0.9196185015451248,0.007151596625033483,PreMarketWait,1
1718905247.5,34.25,0.9267700981891772,0.9207577434519403,0.006012354718778333,PreMarketWait,1
1718905247.75,34.25,0.9267700981891772,0.9217509409904394,0.005019157180827769,PreMarketWait,1
1718905248.0,34.25,0.9267700981891772,0.9225716015819568,0.004198496589838685,PreMarketWait,1
1718905248.25,34.25,0.9267700981891772,0.9231962423839298,0.003573855788364759,PreMarketWait,1
1718905248.5,34.25,0.9267700981891772,0.9236048963436717,0.003165201829083313,PreMarketWait,1
1718905248.75,34.25,0.9267700981891772,0.9237815639148363,0.002988534258330439,PreMarketWait,1
1718905249.0,34.25,0.9267700981891772,0.9237145988299369,0.0030554993435836933,PreMarketWait,1
1718905249.25,34.25,0.9267700981891772,0.9233970174306073,0.003373080743200309,PreMarketWait,1
1718905249.5,34.25,0.9267700981891772,0.9228267224578137,0.003943375716205368,PreMarketWait,1
1718905249.75,34.25,0.9267700981891772,0.922006633864699,0.004763464309448554,PreMarketWait,1
1718905250.0,34.25,0.9267700981891772,0.9209447211044628,0.00582537706972567,PreMarketWait,1
1718905250.25,34.25,0.9267700981891772,0.9196539334332187,0.007116164740919617,PreMarketWait,1
1718905250.5,34.25,0.9267700981891772,0.9181520270187365,0.008618071155260486,PreMarketWait,1
1718905250.75,34.25,0.9267700981891772,0.9164612900206317,0.010308808153133594,PreMarketWait,1
1718905251.0,34.25,0.9267700981891772,0.9146081692586977,0.012161928914747613,PreMarketWait,1
1718905251.25,34.25,0.9267700981891772,0.9126228045566162,0.01414729361642577,PreMarketWait,1
1718905251.5,34.25,0.9267700981891772,0.9105384792693793,0.016231618903183972,PreMarketWait,1
1718905251.75,34.25,0.9267700981891772,0.9083909977917747,0.018379100380245185,PreMarketWait,1
1718905252.0,34.23,0.8859747816309974,0.9062180029044852,-0.02024322129124053,PreMarketWait,1
1718905252.25,34.23,0.8859747816309974,0.9040582475327575,-0.018083465920144877,PreMarketWait,1
1718905252.5,34.23,0.8859747816309974,0.9019508367578191,-0.01597605514585886,PreMarketWait,1
1718905252.75,34.23,0.8859747816309974,0.8999344566464705,-0.0139596750351677,PreMarketWait,1
1718905253.0,34.23,0.8859747816309974,0.8980466066212404,-0.012071825010584807,PreMarketWait,1
1718905253.25,34.23,0.8859747816309974,0.8963228517277333,-0.010348070117700286,PreMarketWait,1
1718905253.5,34.23,0.8859747816309974,0.894796110371313,-0.008821328761863406,PreMarketWait,1
1718905253.75,34.23,0.8859747816309974,0.8934959920213985,-0.007521210412478821,PreMarketWait,1
1718905254.0,34.25,0.9267700981891772,0.8924481981457718,0.034321900020863674,PreMarketWait,1
1718905254.25,34.25,0.9267700981891772,0.8916739983495325,0.03509609981671527,PreMarketWait,1
1718905254.5,34.25,0.9267700981891772,0.8911897924317345,0.03558030573421147,PreMarketWait,1
1718905254.75,34.25,0.9267700981891772,0.8910067678568292,0.03576333030890853,PreMarketWait,1
1718905255.0,34.21,0.8451794650728321,0.8911306608981417,-0.0459511958488581,PreMarketWait,1
1718905255.25,34.21,0.8451794650728321,0.8915616282811889,-0.04638216323191335,PreMarketWait,1
1718905255.5,34.21,0.8451794650728321,0.8922942343185677,-0.04711476926920141,PreMarketWait,1
1718905255.75,34.21,0.8451794650728321,0.893317556108434,-0.04813809105888331,PreMarketWait,1
1718905256.0,34.23,0.8859747816309974,0.8946154063257966,-0.008640624717809745,PreMarketWait,1
1718905256.25,34.23,0.8859747816309974,0.8961666696116506,-0.010191888003314758,PreMarketWait,1
1718905256.5,34.23,0.8859747816309974,0.897945744844115,-0.011970963235361452,PreMarketWait,1
1718905256.75,34.23,0.8859747816309974,0.8999230819943188,-0.013948300385089388,PreMarketWait,1
1718905257.0,34.25,0.9267700981891772,0.9020657991282504,0.024704299039680584,PreMarketWait,1
1718905257.25,34.25,0.9267700981891772,0.9043383626364705,0.022431735532015783,PreMarketWait,1
1718905257.5,34.25,0.9267700981891772,0.9067033120988998,0.02006678607016356,PreMarketWait,1
1718905257.75,34.25,0.9267700981891772,0.9091220103912602,0.017648087778390838,PreMarketWait,1
1718905258.0,34.25,0.9267700981891772,0.9115553997058177,0.015214698464422534,PreMarketWait,1
1718905258.25,34.25,0.9267700981891772,0.9139647450066577,0.012805353164164781,PreMarketWait,1
1718905258.5,34.25,0.9267700981891772,0.9163123479259501,0.01045775024543998,PreMarketWait,1
1718905258.75,34.25,0.9267700981891772,0.918562216066623,0.008207882105313327,PreMarketWait,1
1718905259.0,34.25,0.9267700981891772,0.9206806749480985,0.006089423224357165,PreMarketWait,1
1718905259.25,34.25,0.9267700981891772,0.9226369122732848,0.004133185899656829,PreMarketWait,1
1718905259.5,34.25,0.9267700981891772,0.9244034466866351,0.0023666514867525523,PreMarketWait,1
1718905259.75,34.25,0.9267700981891772,0.9259565156359901,0.0008135825377960614,PreMarketWait,1
1718905260.0,34.25,0.9267700981891772,0.9272763792670049,-0.0005062810928757868,PreMarketWait,1
1718905260.25,34.25,0.9267700981891772,0.9283475394094772,-0.0015774412350682233,PreMarketWait,1
1718905260.5,34.25,0.9267700981891772,0.9291588746190778,-0.0023887764444581235,PreMarketWait,1
1718905260.75,34.25,0.9267700981891772,0.9297036938912714,-0.0029335957165145723,PreMarketWait,1
1718905261.0,34.25,0.9267700981891772,0.9299797130563106,-0.0032096148814911678,PreMarketWait,1
1718905261.25,34.25,0.9267700981891772,0.9299889589969383,-0.0032188608221290146,PreMarketWait,1
1718905261.5,34.25,0.9267700981891772,0.929737607715574,-0.002967509540842756,PreMarketWait,1
1718905261.75,34.25,0.9267700981891772,0.9292357629344824,-0.0024656647598911893,PreMarketWait,1
1718905262.0,34.25,0.9267700981891772,0.9284971823650324,-0.0017270841906355337,PreMarketWait,1
1718905262.25,34.25,0.9267700981891772,0.9275389590574947,-0.0007688608833372225,PreMarketWait,1
1718905262.5,34.25,0.9267700981891772,0.926381165367951,0.0003889328059313909,PreMarketWait,1
1718905262.75,34.25,0.9267700981891772,0.9250464670785934,0.0017236310949871776,PreMarketWait,1
1718905263.0,34.25,0.9267700981891772,0.923559715102249,0.0032103830710130035,PreMarketWait,1
1718905263.25,34.25,0.9267700981891772,0.9219475220049492,0.004822576167987275,PreMarketWait,1
1718905263.5,34.25,0.9267700981891772,0.9202378302966516,0.0065322678759604964,PreMarketWait,1
1718905263.75,34.25,0.9267700981891772,0.9184594790641182,0.0083106191081753,PreMarketWait,1
1718905264.0,34.23,0.8859747816309974,0.9166417750339817,-0.030666993420179926,PreMarketWait,1
1718905264.25,34.23,0.8859747816309974,0.9148140735308506,-0.028839291917356315,PreMarketWait,1
1718905264.5,34.23,0.8859747816309974,0.9130053740095903,-0.027030592396403263,PreMarketWait,1
1718905264.75,34.23,0.8859747816309974,0.9112439338963548,-0.025269152283479982,PreMarketWait,1
1718905265.0,34.25,0.9267700981891772,0.9095569034346678,0.01721319473606646,PreMarketWait,1
1718905265.25,34.25,0.9267700981891772,0.9079699832393844,0.01880011493101955,PreMarketWait,1
1718905265.5,34.25,0.9267700981891772,0.9065071054958882,0.02026299267417482,PreMarketWait,1
1718905265.75,34.25,0.9267700981891772,0.9051901393709703,0.02157995879874077,PreMarketWait,1
1718905266.0,34.25,0.9267700981891772,0.9040386213146345,0.0227314768547142,PreMarketWait,1
1718905266.25,34.25,0.9267700981891772,0.9030695115122004,0.023700586656778048,PreMarketWait,1
1718905266.5,34.25,0.9267700981891772,0.9022969786849376,0.02447311948366565,PreMarketWait,1
1718905266.75,34.25,0.9267700981891772,0.9017322165684118,0.025037881599815202,PreMarketWait,1
1718905267.0,34.23,0.8859747816309974,0.9013832965256541,-0.015408514915979103,PreMarketWait,1
1718905267.25,34.23,0.8859747816309974,0.9012550616715608,-0.015280280062247801,PreMarketWait,1
1718905267.5,34.23,0.8859747816309974,0.9013490683974306,-0.015374286788463535,PreMarketWait,1
1718905267.75,34.23,0.8859747816309974,0.9016635811296458,-0.015688799521003417,PreMarketWait,1
1718905268.0,34.23,0.8859747816309974,0.902193625446521,-0.01621884383817732,PreMarketWait,1
1718905268.25,34.23,0.8859747816309974,0.9029311033151105,-0.016956321707036103,PreMarketWait,1
1718905268.5,34.23,0.8859747816309974,0.9038649722750718,-0.017890190667234573,PreMarketWait,1
1718905268.75,34.23,0.8859747816309974,0.904981488014759,-0.019006706407124957,PreMarketWait,1
1718905269.0,34.23,0.8859747816309974,0.9062645071004487,-0.020289725492982972,PreMarketWait,1
1718905269.25,34.23,0.8859747816309974,0.9076958437864273,-0.0217210621790944,PreMarketWait,1
1718905269.5,34.23,0.8859747816309974,0.909255672012158,-0.02328089040492093,PreMarketWait,1
1718905269.75,34.23,0.8859747816309974,0.9109229610520339,-0.02494817944485297,PreMarketWait,1
1718905270.0,34.25,0.9267700981891772,0.9126759310023144,0.014094167163033567,PreMarketWait,1
1718905270.25,34.25,0.9267700981891772,0.914492512555774,0.012277585609606964,PreMarketWait,1
1718905270.5,34.25,0.9267700981891772,0.9163507945108191,0.010419303654641447,PreMarketWait,1
1718905270.75,34.25,0.9267700981891772,0.9182294423414636,0.008540655824122136,PreMarketWait,1
1718905271.0,34.27,0.9675654147473569,0.9201080720075879,0.04745734271634634,PreMarketWait,1
1718905271.25,34.27,0.9675654147473569,0.9219675650199655,0.04559784970417739,PreMarketWait,1
1718905271.5,34.27,0.9675654147473569,0.9237903135221307,0.043775101202256944,PreMarketWait,1
1718905271.75,34.27,0.9675654147473569,0.9255603876696157,0.04200502705504921,PreMarketWait,1
1718905272.0,34.25,0.9267700981891772,0.927263621657594,-0.0004935234908028732,PreMarketWait,1
1718905272.25,34.25,0.9267700981891772,0.9288876190752939,-0.0021175209081730137,PreMarketWait,1
1718905272.5,34.25,0.9267700981891772,0.9304216825098635,-0.0036515843423953753,PreMarketWait,1
1718905272.75,34.25,0.9267700981891772,0.9318566761607129,-0.005086577992886402,PreMarketWait,1
1718905273.0,34.25,0.9267700981891772,0.9331848334124496,-0.006414735244257953,PreMarketWait,1
1718905273.25,34.25,0.9267700981891772,0.9343995237108796,-0.007629425542319429,PreMarketWait,1
1718905273.5,34.25,0.9267700981891772,0.9354949946454363,-0.008724896476506169,PreMarketWait,1
1718905273.75,34.25,0.9267700981891772,0.9364661058749216,-0.009696007705621006,PreMarketWait,1
1718905274.0,34.25,0.9267700981891772,0.937308071483774,-0.010537973314103655,PreMarketWait,1
1718905274.25,34.25,0.9267700981891772,0.9380162265813937,-0.011246128411357725,PreMarketWait,1
1718905274.5,34.25,0.9267700981891772,0.9385858325272117,-0.01181573435681898,PreMarketWait,1
1718905274.75,34.25,0.9267700981891772,0.9390119331591632,-0.012241834988428055,PreMarketWait,1
1718905275.0,34.25,0.9267700981891772,0.9392892719120552,-0.012519173740997244,PreMarketWait,1
1718905275.25,34.25,0.9267700981891772,0.9394122768318046,-0.012642178660449744,PreMarketWait,1
1718905275.5,34.25,0.9267700981891772,0.9393751173250445,-0.01260501915342597,PreMarketWait,1
1718905275.75,34.25,0.9267700981891772,0.9391718331397769,-0.01240173496793494,PreMarketWait,1
1718905276.0,34.25,0.9267700981891772,0.9387965326641396,-0.012026434492122111,PreMarketWait,1
1718905276.25,34.25,0.9267700981891772,0.9382436542720305,-0.01147355609989287,PreMarketWait,1
1718905276.5,34.25,0.9267700981891772,0.937508281252435,-0.010738183080239248,PreMarketWait,1
1718905276.75,34.25,0.9267700981891772,0.9365864979495796,-0.00981639977739222,PreMarketWait,1
1718905277.0,34.25,0.9267700981891772,0.9354757722272514,-0.008705674055140073,PreMarketWait,1
1718905277.25,34.25,0.9267700981891772,0.9341753473629898,-0.007405249191018813,PreMarketWait,1
1718905277.5,34.25,0.9267700981891772,0.9326866250813567,-0.0059165269095845935,PreMarketWait,1
1718905277.75,34.25,0.9267700981891772,0.9310135207482152,-0.004243422576693811,PreMarketWait,1
1718905278.0,34.27,0.9675654147473569,0.9291627718589561,0.03840264287045039,PreMarketWait,1
1718905278.25,34.27,0.9675654147473569,0.9271441819378918,0.040421232791185945,PreMarketWait,1
1718905278.5,34.27,0.9675654147473569,0.9249707838697141,0.04259463085901261,PreMarketWait,1
1718905278.75,34.27,0.9675654147473569,0.9226589094946235,0.04490650523374207,PreMarketWait,1
1718905279.0,34.25,0.9267700981891772,0.9202281559108569,0.006541942258969334,PreMarketWait,1
1718905279.25,34.25,0.9267700981891772,0.9177012431290597,0.009068855040420098,PreMarketWait,1
1718905279.5,34.25,0.9267700981891772,0.9151037622194177,0.011666335949738448,PreMarketWait,1
1718905279.75,34.25,0.9267700981891772,0.9124638175717344,0.014306280597129331,PreMarketWait,1
1718905280.0,34.23,0.8859747816309974,0.909811571078112,-0.023836789467682452,PreMarketWait,1
1718905280.25,34.23,0.8859747816309974,0.907178699746327,-0.021203918136109036,PreMarketWait,1
1718905280.5,34.23,0.8859747816309974,0.9045977813292561,-0.018622999719202938,PreMarketWait,1
1718905280.75,34.23,0.8859747816309974,0.9021016249470389,-0.01612684333710267,PreMarketWait,1
1718905281.0,34.25,0.9267700981891772,0.8997225653894966,0.02704753277854996,PreMarketWait,1
1718905281.25,34.25,0.9267700981891772,0.8974917408913531,0.029278357276669602,PreMarketWait,1
1718905281.5,34.25,0.9267700981891772,0.89543837478434,0.03133172338370216,PreMarketWait,1
1718905281.75,34.25,0.9267700981891772,0.8935890816368369,0.0331810165312647,PreMarketWait,1
1718905282.0,34.21,0.8451794650728321,0.8919672182983314,-0.046787753246479054,PreMarketWait,1
1718905282.25,34.21,0.8451794650728321,0.8905922995732418,-0.04541283452126186,PreMarketWait,1
1718905282.5,34.21,0.8451794650728321,0.8894794968923915,-0.04430003184025702,PreMarketWait,1
1718905282.75,34.21,0.8451794650728321,0.8886392361922427,-0.043459771139932254,PreMarketWait,1
1718905283.0,34.23,0.8859747816309974,0.8880769082356188,-0.002102126624950934,PreMarketWait,1
1718905283.25,34.23,0.8859747816309974,0.8877927009618553,-0.0018179193509854467,PreMarketWait,1
1718905283.5,34.23,0.8859747816309974,0.8877815594143812,-0.0018067778033056675,PreMarketWait,1
1718905283.75,34.23,0.8859747816309974,0.8880332746692259,-0.002058493057947393,PreMarketWait,1
1718905284.0,34.23,0.8859747816309974,0.8885326992360872,-0.0025579176246148987,PreMarketWait,1
1718905284.25,34.23,0.8859747816309974,0.8892600827900257,-0.003285301178376092,PreMarketWait,1
1718905284.5,34.23,0.8859747816309974,0.8901915189021609,-0.004216737290358171,PreMarketWait,1
1718905284.75,34.23,0.8859747816309974,0.8912994907126703,-0.005324709100746816,PreMarketWait,1
1718905285.0,34.25,0.9267700981891772,0.8925535012547274,0.034216596915457406,PreMarketWait,1
1718905285.25,34.25,0.9267700981891772,0.8939207724165671,0.032849325753656025,PreMarketWait,1
1718905285.5,34.25,0.9267700981891772,0.8953669953328253,0.03140310283739203,PreMarketWait,1
1718905285.75,34.25,0.9267700981891772,0.8968571143016282,0.02991298386854003,PreMarketWait,1
1718905286.0,34.21,0.8451794650728321,0.8983561260391811,-0.05317666098544685,PreMarketWait,1
1718905286.25,34.21,0.8451794650728321,0.8998298760424448,-0.05465041098883358,PreMarketWait,1
1718905286.5,34.21,0.8451794650728321,0.9012458338342693,-0.05606636878080733,PreMarketWait,1
1718905286.75,34.21,0.8451794650728321,0.9025738287731532,-0.05739436371985729,PreMarketWait,1
1718905287.0,34.25,0.9267700981891772,0.9037867279329466,0.02298337023652188,PreMarketWait,1
1718905287.25,34.25,0.9267700981891772,0.9048610374975306,0.02190906067176852,PreMarketWait,1
1718905287.5,34.25,0.9267700981891772,0.9057774095087479,0.020992688660391903,PreMarketWait,1
1718905287.75,34.25,0.9267700981891772,0.9065210370024566,0.020249061166538428,PreMarketWait,1
1718905288.0,34.27,0.9675654147473569,0.9070819228063405,0.06048349192070607,PreMarketWait,1
1718905288.25,34.27,0.9675654147473569,0.9074550106201763,0.060110404106759885,PreMarketWait,1
1718905288.5,34.27,0.9675654147473569,0.907640171358357,0.059925243368487736,PreMarketWait,1
1718905288.75,34.27,0.9675654147473569,0.907642042883839,0.059923371842933074,PreMarketWait,1
1718905289.0,34.23,0.8859747816309974,0.9074697268765459,-0.02149494526618817,PreMarketWait,1
1718905289.25,34.23,0.8859747816309974,0.9071363522432835,-0.021161570632964366,PreMarketWait,1
1718905289.5,34.23,0.8859747816309974,0.9066585197342036,-0.020683738123909282,PreMarketWait,1
1718905289.75,34.23,0.8859747816309974,0.906055646872975,-0.020080865262694203,PreMarketWait,1
1718905290.0,34.23,0.8859747816309974,0.9053492356638703,-0.01937445405359388,PreMarketWait,1
1718905290.25,34.23,0.8859747816309974,0.9045620877210163,-0.018587306110736886,PreMarketWait,1
1718905290.5,34.23,0.8859747816309974,0.903717492538052,-0.01774271092776343,PreMarketWait,1
1718905290.75,34.23,0.8859747816309974,0.9028384147303785,-0.01686363312007682,PreMarketWait,1
1718905291.0,34.25,0.9267700981891772,0.9019467054147963,0.024823392753699422,PreMarketWait,1
1718905291.25,34.25,0.9267700981891772,0.9010623616176788,0.025707736550829224,PreMarketWait,1
1718905291.5,34.25,0.9267700981891772,0.9002028558749806,0.026567242293536204,PreMarketWait,1
1718905291.75,34.25,0.9267700981891772,0.8993825561050708,0.027387542063451713,PreMarketWait,1
1718905292.0,34.21,0.8451794650728321,0.8986122534130883,-0.05343278836090672,PreMarketWait,1
1718905292.25,34.21,0.8451794650728321,0.8978988126433047,-0.05271934759111889,PreMarketWait,1
1718905292.5,34.21,0.8451794650728321,0.8972449571012403,-0.05206549204904881,PreMarketWait,1
1718905292.75,34.21,0.8451794650728321,0.896649194824171,-0.0514697297719719,PreMarketWait,1
1718905293.0,34.23,0.8859747816309974,0.8961058891229134,-0.010131107512538776,PreMarketWait,1
1718905293.25,34.23,0.8859747816309974,0.8956054710580028,-0.009630689447614794,PreMarketWait,1
1718905293.5,34.23,0.8859747816309974,0.8951347863906833,-0.009160004780278452,PreMarketWait,1
1718905293.75,34.23,0.8859747816309974,0.8946775647431071,-0.008702783132680917,PreMarketWait,1
1718905294.0,34.25,0.9267700981891772,0.8942149945417632,0.03255510362687074,PreMarketWait,1
1718905294.25,34.25,0.9267700981891772,0.8937263840372166,0.03304371413145503,PreMarketWait,1
1718905294.5,34.25,0.9267700981891772,0.8931898864265994,0.03358021174212199,PreMarketWait,1
1718905294.75,34.25,0.9267700981891772,0.8925832658939928,0.03418683227479091,PreMarketWait,1
1718905295.0,34.23,0.8859747816309974,0.8918846811699249,-0.005909899559247311,PreMarketWait,1
1718905295.25,34.23,0.8859747816309974,0.8910734638384955,-0.005098682227734793,PreMarketWait,1
1718905295.5,34.23,0.8859747816309974,0.8901308698663648,-0.004156088255513897,PreMarketWait,1
1718905295.75,34.23,0.8859747816309974,0.8890407844639865,-0.003066002853040175,PreMarketWait,1
1718905296.0,34.23,0.8859747816309974,0.8877903622434523,-0.0018155806324074136,PreMarketWait,1
1718905296.25,34.23,0.8859747816309974,0.8863705866198355,-0.00039580500869176513,PreMarketWait,1
1718905296.5,34.23,0.8859747816309974,0.8847767344945894,0.0011980471166499786,PreMarketWait,1
1718905296.75,34.23,0.8859747816309974,0.8830087344766512,0.0029660471346794805,PreMarketWait,1
1718905297.0,34.23,0.8859747816309974,0.8810714092620875,0.004903372349329542,PreMarketWait,1
1718905297.25,34.23,0.8859747816309974,0.8789745953210533,0.007000186290444076,PreMarketWait,1
1718905297.5,34.23,0.8859747816309974,0.8767331357331771,0.009241645878391954,PreMarketWait,1
1718905297.75,34.23,0.8859747816309974,0.8743667448560665,0.011608036755561869,PreMarketWait,1
1718905298.0,34.23,0.8859747816309974,0.8718997464767997,0.014075035134871449,PreMarketWait,1
1718905298.25,34.23,0.8859747816309974,0.8693606901354319,0.016614091476260702,PreMarketWait,1
1718905298.5,34.23,0.8859747816309974,0.8667818533556874,0.019192928256001534,PreMarketWait,1
1718905298.75,34.23,0.8859747816309974,0.864198640483416,0.021776141128241746,PreMarketWait,1
1718905299.0,34.21,0.8451794650728321,0.8616488916089278,-0.01646942655549489,PreMarketWait,1
1718905299.25,34.21,0.8451794650728321,0.8591721175068526,-0.013992652453508295,PreMarketWait,1
1718905299.5,34.21,0.8451794650728321,0.856808678531985,-0.011629213478757647,PreMarketWait,1
1718905299.75,34.21,0.8451794650728321,0.8545989268478998,-0.009419461794817136,PreMarketWait,1
1718905300.0,34.21,0.8451794650728321,0.852582332177652,-0.007402867124739811,PreMarketWait,1
1718905300.25,34.21,0.8451794650728321,0.8507966114636254,-0.005617146410906661,PreMarketWait,1
1718905300.5,34.21,0.8451794650728321,0.8492768824730905,-0.004097417420584266,PreMarketWait,1
1718905300.75,34.21,0.8451794650728321,0.8480548605767736,-0.0028753955244936007,PreMarketWait,1
1718905301.0,34.21,0.8451794650728321,0.8471581167458301,-0.001978651693783331,PreMarketWait,1
1718905301.25,34.21,0.8451794650728321,0.8466094133294719,-0.001429948277656674,PreMarketWait,1
1718905301.5,34.21,0.8451794650728321,0.8464261324466335,-0.0012466673950390673,PreMarketWait,1
1718905301.75,34.21,0.8451794650728321,0.846619809892196,-0.0014403448408030614,PreMarketWait,1
1718905302.0,34.21,0.8451794650728321,0.8471957853520129,-0.0020163203007948485,PreMarketWait,1
1718905302.25,34.21,0.8451794650728321,0.8481529774638109,-0.0029735124127349853,PreMarketWait,1
1718905302.5,34.21,0.8451794650728321,0.8494837898705506,-0.004304324819579021,PreMarketWait,1
1718905302.75,34.21,0.8451794650728321,0.8511741519050248,-0.005994686854116025,PreMarketWait,1
1718905303.0,34.21,0.8451794650728321,0.8532036949372189,-0.008024229886328893,PreMarketWait,1
1718905303.25,34.21,0.8451794650728321,0.8555460627324926,-0.010366597681575968,PreMarketWait,1
1718905303.5,34.21,0.8451794650728321,0.8581693514410441,-0.012989886390055466,PreMarketWait,1
1718905303.75,34.21,0.8451794650728321,0.8610366721117346,-0.01585720706063038,PreMarketWait,1
1718905304.0,34.23,0.8859747816309974,0.8641068259556921,0.02186795565373289,PreMarketWait,1
1718905304.25,34.23,0.8859747816309974,0.8673350800516209,0.018639701557993882,PreMarketWait,1
1718905304.5,34.23,0.8859747816309974,0.870674028864617,0.01530075274521446,PreMarketWait,1
1718905304.75,34.23,0.8859747816309974,0.8740745249021565,0.01190025670790952,PreMarketWait,1
1718905305.0,34.21,0.8451794650728321,0.8774866600619889,-0.03230719500984503,PreMarketWait,1
1718905305.25,34.21,0.8451794650728321,0.8808607776822465,-0.03568131262985997,PreMarketWait,1
1718905305.5,34.21,0.8451794650728321,0.8841484938977445,-0.0389690288451247,PreMarketWait,1
1718905305.75,34.21,0.8451794650728321,0.8873037055823452,-0.0421242405295085,PreMarketWait,1
1718905306.0,34.23,0.8859747816309974,0.8902835609517104,-0.004308779340513911,PreMarketWait,1
1718905306.25,34.23,0.8859747816309974,0.8930493679676789,-0.007074586356314288,PreMarketWait,1
1718905306.5,34.23,0.8859747816309974,0.8955674152706731,-0.009592633659169434,PreMarketWait,1
1718905306.75,34.23,0.8859747816309974,0.8978096807459807,-0.011834899134367827,PreMarketWait,1
1718905307.0,34.27,0.9675654147473569,0.8997544042462813,0.06781101048177005,PreMarketWait,1
1718905307.25,34.27,0.9675654147473569,0.9013865036191792,0.06617891110892135,PreMarketWait,1
1718905307.5,34.27,0.9675654147473569,0.9026978171117312,0.06486759761638927,PreMarketWait,1
1718905307.75,34.27,0.9675654147473569,0.9036871604203256,0.06387825430778529,PreMarketWait,1
1718905308.0,34.25,0.9267700981891772,0.9043601929481492,0.022409905221742125,PreMarketWait,1
1718905308.25,34.25,0.9267700981891772,0.9047290948788074,0.022041003291012738,PreMarketWait,1
1718905308.5,34.25,0.9267700981891772,0.9048120640036591,0.02195803416605751,PreMarketWait,1
1718905308.75,34.25,0.9267700981891772,0.9046326483499073,0.02213744981967358,PreMarketWait,1
1718905309.0,34.23,0.8859747816309974,0.9042189370985729,-0.018244155487338896,PreMarketWait,1
1718905309.25,34.23,0.8859747816309974,0.9036026377047305,-0.017627856093693245,PreMarketWait,1
1718905309.5,34.23,0.8859747816309974,0.9028180712830803,-0.0168432896722687,PreMarketWait,1
1718905309.75,34.23,0.8859747816309974,0.9019011210366975,-0.01592633942613887,PreMarketWait,1
1718905310.0,34.23,0.8859747816309974,0.900888169715704,-0.014913388105423454,PreMarketWait,1
1718905310.25,34.23,0.8859747816309974,0.8998150618197107,-0.013840280209730205,PreMarketWait,1
1718905310.5,34.23,0.8859747816309974,0.8987161246003185,-0.012741342990656938,PreMarketWait,1
1718905310.75,34.23,0.8859747816309974,0.8976232790126227,-0.011648497403295544,PreMarketWait,1
1718905311.0,34.21,0.8451794650728321,0.8965652677513736,-0.0513858027005553,PreMarketWait,1
1718905311.25,34.21,0.8451794650728321,0.8955670225304337,-0.05038755747996063,PreMarketWait,1
1718905311.5,34.21,0.8451794650728321,0.8946491869731832,-0.049469721923047855,PreMarketWait,1
1718905311.75,34.21,0.8451794650728321,0.8938278050609842,-0.048648340011170146,PreMarketWait,1
1718905312.0,34.23,0.8859747816309974,0.8931141782890731,-0.0071393966813883825,PreMarketWait,1
1718905312.25,34.23,0.8859747816309974,0.8925148878370105,-0.006540106229584466,PreMarketWait,1
1718905312.5,34.23,0.8859747816309974,0.8920319715591473,-0.006057189951935181,PreMarketWait,1
1718905312.75,34.23,0.8859747816309974,0.891663239816059,-0.005688458209008108,PreMarketWait,1
1718905313.0,34.25,0.9267700981891772,0.891402709407957,0.03536738875717182,PreMarketWait,1
1718905313.25,34.25,0.9267700981891772,0.8912411313427441,0.035528966822345395,PreMarketWait,1
1718905313.5,34.25,0.9267700981891772,0.8911665859816752,0.03560351218343778,PreMarketWait,1
1718905313.75,34.25,0.9267700981891772,0.8911651182677237,0.03560497989747437,PreMarketWait,1
1718905314.0,34.23,0.8859747816309974,0.8912213861710054,-0.005246604563843682,PreMarketWait,1
1718905314.25,34.23,0.8859747816309974,0.8913192970009579,-0.00534451539359853,PreMarketWait,1
1718905314.5,34.23,0.8859747816309974,0.8914426085920141,-0.005467826984407991,PreMarketWait,1
1718905314.75,34.23,0.8859747816309974,0.8915754753230083,-0.005600693715112223,PreMarketWait,1
1718905315.0,34.25,0.9267700981891772,0.8917029222960556,0.03506717587034746,PreMarketWait,1
1718905315.25,34.25,0.9267700981891772,0.8918112346803378,0.03495886348642187,PreMarketWait,1
1718905315.5,34.25,0.9267700981891772,0.891888253184032,0.034881844983105204,PreMarketWait,1
1718905315.75,34.25,0.9267700981891772,0.8919235708183834,0.034846527349142925,PreMarketWait,1
1718905316.0,34.23,0.8859747816309974,0.8919086304666236,-0.0059338488568861855,PreMarketWait,1
1718905316.25,34.23,0.8859747816309974,0.8918367270867441,-0.005861945476623286,PreMarketWait,1
1718905316.5,34.23,0.8859747816309974,0.8917029224206365,-0.005728140810148366,PreMarketWait,1
1718905316.75,34.23,0.8859747816309974,0.8915038836129667,-0.005529102002135705,PreMarketWait,1
1718905317.0,34.23,0.8859747816309974,0.8912376599831278,-0.005262878371986068,PreMarketWait,1
1718905317.25,34.23,0.8859747816309974,0.8909034142542576,-0.0049286326428446565,PreMarketWait,1
1718905317.5,34.23,0.8859747816309974,0.8905011258131817,-0.00452634420154391,PreMarketWait,1
1718905317.75,34.23,0.8859747816309974,0.8900312840861316,-0.0040565024743197935,PreMarketWait,1
1718905318.0,34.23,0.8859747816309974,0.8894945899139398,-0.003519808302007193,PreMarketWait,1
1718905318.25,34.23,0.8859747816309974,0.8888916819451143,-0.0029169003331144597,PreMarketWait,1
1718905318.5,34.23,0.8859747816309974,0.8882229035809488,-0.002248121968934525,PreMarketWait,1
1718905318.75,34.23,0.8859747816309974,0.8874881239451113,-0.0015133423331321668,PreMarketWait,1
1718905319.0,34.21,0.8451794650728321,0.8866866237484198,-0.041507158694686595,PreMarketWait,1
1718905319.25,34.21,0.8451794650728321,0.8858170538139627,-0.04063758876035138,PreMarketWait,1
1718905319.5,34.21,0.8451794650728321,0.8848774704656099,-0.03969800541215744,PreMarketWait,1
1718905319.75,34.21,0.8451794650728321,0.8838654480499769,-0.03868598299671716,PreMarketWait,1
1718905320.0,34.23,0.8859747816309974,0.8827782647145884,0.0031965168966125515,PreMarketWait,1
1718905320.25,34.23,0.8859747816309974,0.8816131534423696,0.004361628168580153,PreMarketWait,1
1718905320.5,34.23,0.8859747816309974,0.8803676065369446,0.005607175073730385,PreMarketWait,1
1718905320.75,34.23,0.8859747816309974,0.8790397185480358,0.006935063062343733,PreMarketWait,1
1718905321.0,34.23,0.8859747816309974,0.877628550234126,0.008346231375941149,PreMarketWait,1
1718905321.25,34.23,0.8859747816309974,0.8761344946929314,0.009840286916811412,PreMarketWait,1
1718905321.5,34.23,0.8859747816309974,0.874559626272937,0.01141515533647466,PreMarketWait,1
1718905321.75,34.23,0.8859747816309974,0.8729080132787939,0.013066768330285394,PreMarketWait,1
1718905322.0,34.23,0.8859747816309974,0.8711859767381488,0.014788804870602896,PreMarketWait,1
1718905322.25,34.23,0.8859747816309974,0.869402279528976,0.01657250207945883,PreMarketWait,1
1718905322.5,34.23,0.8859747816309974,0.8675682328819057,0.018406548726228312,PreMarketWait,1
1718905322.75,34.23,0.8859747816309974,0.8656977105639511,0.02027707104390411,PreMarketWait,1
1718905323.0,34.23,0.8859747816309974,0.8638070647956201,0.02216771681198474,PreMarketWait,1
1718905323.25,34.23,0.8859747816309974,0.8619149420139128,0.024059839593476122,PreMarketWait,1
1718905323.5,34.23,0.8859747816309974,0.8600420008138442,0.02593278079336953,PreMarketWait,1
1718905323.75,34.23,0.8859747816309974,0.8582105386086495,0.02776424299843512,PreMarketWait,1
1718905324.0,34.21,0.8451794650728321,0.8564440375545974,-0.011264572505756361,PreMarketWait,1
1718905324.25,34.21,0.8451794650728321,0.8547666438874635,-0.00958717883864698,PreMarketWait,1
1718905324.5,34.21,0.8451794650728321,0.8532025978106751,-0.008023132761828432,PreMarketWait,1
1718905324.75,34.21,0.8451794650728321,0.8517756332837642,-0.0065961682348333345,PreMarketWait,1
1718905325.0,34.21,0.8451794650728321,0.8505083683691941,-0.005328903320127275,PreMarketWait,1
1718905325.25,34.21,0.8451794650728321,0.8494217071684975,-0.004242242119245853,PreMarketWait,1
1718905325.5,34.21,0.8451794650728321,0.8485342738403344,-0.003354808790853113,PreMarketWait,1
1718905325.75,34.21,0.8451794650728321,0.847861897799228,-0.0026824327494773433,PreMarketWait,1
1718905326.0,34.18,0.7839864902355699,0.8474171670042512,-0.06343067679145846,PreMarketWait,1
1718905326.25,34.18,0.7839864902355699,0.8472090633194252,-0.06322257310629813,PreMarketWait,1
1718905326.5,34.18,0.7839864902355699,0.847242690335223,-0.06325620012173565,PreMarketWait,1
1718905326.75,34.18,0.7839864902355699,0.8475190999153185,-0.06353260970144925,PreMarketWait,1
1718905327.0,34.23,0.8859747816309974,0.8480352193166999,0.037939562292995846,PreMarketWait,1
1718905327.25,34.23,0.8859747816309974,0.848783876393786,0.037190905216321346,PreMarketWait,1
1718905327.5,34.23,0.8859747816309974,0.8497539165810192,0.036220865029506964,PreMarketWait,1
1718905327.75,34.23,0.8859747816309974,0.8509304024520109,0.03504437915893511,PreMarketWait,1
1718905328.0,34.23,0.8859747816309974,0.8522948849075273,0.033679896703833534,PreMarketWait,1
1718905328.25,34.23,0.8859747816309974,0.8538257344562749,0.0321490471554894,PreMarketWait,1
1718905328.5,34.23,0.8859747816309974,0.8554985214405945,0.03047626017155624,PreMarketWait,1
1718905328.75,34.23,0.8859747816309974,0.8572864351400981,0.02868834647241824,PreMarketWait,1
1718905329.0,34.21,0.8451794650728321,0.8591607331456145,-0.013981268090921324,PreMarketWait,1
1718905329.25,34.21,0.8451794650728321,0.8610912139260635,-0.015911748871054107,PreMarketWait,1
1718905329.5,34.21,0.8451794650728321,0.8630467068344002,-0.017867241779102594,PreMarketWait,1
1718905329.75,34.21,0.8451794650728321,0.8649955746978294,-0.019816109642274343,PreMarketWait,1
1718905330.0,34.21,0.8451794650728321,0.8669062244888356,-0.021726759433056464,PreMarketWait,1
1718905330.25,34.21,0.8451794650728321,0.8687476213648049,-0.02356815630883806,PreMarketWait,1
1718905330.5,34.21,0.8451794650728321,0.8704898006785204,-0.02531033562240483,PreMarketWait,1
1718905330.75,34.21,0.8451794650728321,0.8721043715454774,-0.026924906489254743,PreMarketWait,1
1718905331.0,34.23,0.8859747816309974,0.8735650043868894,0.01240977722756104,PreMarketWait,1
1718905331.25,34.23,0.8859747816309974,0.8748478937470003,0.011126887867466712,PreMarketWait,1
1718905331.5,34.23,0.8859747816309974,0.8759321868079205,0.010042594806516574,PreMarketWait,1
1718905331.75,34.23,0.8859747816309974,0.8768003675640429,0.009174414050318077,PreMarketWait,1
1718905332.0,34.23,0.8859747816309974,0.8774385866771526,0.00853619493708747,PreMarketWait,1
1718905332.25,34.23,0.8859747816309974,0.8778369276382966,0.008137853975780174,PreMarketWait,1
1718905332.5,34.23,0.8859747816309974,0.8779896009726039,0.007985180641271628,PreMarketWait,1
1718905332.75,34.23,0.8859747816309974,0.8778950597631081,0.008079721850533407,PreMarketWait,1
1718905333.0,34.23,0.8859747816309974,0.8775560316550243,0.008418749958356498,PreMarketWait,1
1718905333.25,34.23,0.8859747816309974,0.8769794646507538,0.008995316962345188,PreMarketWait,1
1718905333.5,34.23,0.8859747816309974,0.8761763863393406,0.009798395273461403,PreMarketWait,1
1718905333.75,34.23,0.8859747816309974,0.8751616786447577,0.010813102967737716,PreMarketWait,1
1718905334.0,34.23,0.8859747816309974,0.8739537726470195,0.012021008965165265,PreMarketWait,1
1718905334.25,34.23,0.8859747816309974,0.872574270447341,0.013400511164535228,PreMarketWait,1
1718905334.5,34.23,0.8859747816309974,0.8710475033268107,0.01492727828476652,PreMarketWait,1
1718905334.75,34.23,0.8859747816309974,0.8694000374933768,0.016574744117917654,PreMarketWait,1
1718905335.0,34.21,0.8451794650728321,0.8676601404215717,-0.022480675368702567,PreMarketWait,1
1718905335.25,34.21,0.8451794650728321,0.8658572220531727,-0.020677757000535396,PreMarketWait,1
1718905335.5,34.21,0.8451794650728321,0.8640212658389693,-0.01884180078653161,PreMarketWait,1
1718905335.75,34.21,0.8451794650728321,0.8621822646866608,-0.017002799634387847,PreMarketWait,1
1718905336.0,34.21,0.8451794650728321,0.8603696763254067,-0.015190211273263,PreMarketWait,1
1718905336.25,34.21,0.8451794650728321,0.8586119114692746,-0.013432446417225009,PreMarketWait,1
1718905336.5,34.21,0.8451794650728321,0.8569358665869611,-0.011756401534971988,PreMarketWait,1
1718905336.75,34.21,0.8451794650728321,0.8553665112187472,-0.010187046166787724,PreMarketWait,1
1718905337.0,34.23,0.8859747816309974,0.8539265377782522,0.03204824383186989,PreMarketWait,1
1718905337.25,34.23,0.8859747816309974,0.8526360797741452,0.033338701835997006,PreMarketWait,1
1718905337.5,34.23,0.8859747816309974,0.8515125024910836,0.03446227911909647,PreMarketWait,1
1718905337.75,34.23,0.8859747816309974,0.850570268425294,0.03540451318493633,PreMarketWait,1
1718905338.0,34.18,0.7839864902355699,0.8498208781323571,-0.06583438791749675,PreMarketWait,1
1718905338.25,34.18,0.7839864902355699,0.849272885469236,-0.06528639525431695,PreMarketWait,1
1718905338.5,34.18,0.7839864902355699,0.848931984307625,-0.06494549409265132,PreMarketWait,1
1718905338.75,34.18,0.7839864902355699,0.8488011615261196,-0.06481467131110026,PreMarketWait,1
1718905339.0,34.23,0.8859747816309974,0.8488809084883241,0.03709387312215606,PreMarketWait,1
1718905339.25,34.23,0.8859747816309974,0.849169480530969,0.036805301079529014,PreMarketWait,1
1718905339.5,34.23,0.8859747816309974,0.8496631916166049,0.03631158999389292,PreMarketWait,1
1718905339.75,34.23,0.8859747816309974,0.850356729642474,0.035618051968004154,PreMarketWait,1
1718905340.0,34.21,0.8451794650728321,0.8512434771795193,-0.006064012127246124,PreMarketWait,1
1718905340.25,34.21,0.8451794650728321,0.8523158226613666,-0.007136357609152832,PreMarketWait,1
1718905340.5,34.21,0.8451794650728321,0.8535654480957665,-0.008385983043630849,PreMarketWait,1
1718905340.75,34.21,0.8451794650728321,0.8549835810112695,-0.009804115959227776,PreMarketWait,1
1718905341.0,34.23,0.8859747816309974,0.8565612004029836,0.029413581207117012,PreMarketWait,1
1718905341.25,34.23,0.8859747816309974,0.8582891888151825,0.027685592794802334,PreMarketWait,1
1718905341.5,34.23,0.8859747816309974,0.8601584253776866,0.02581635623217588,PreMarketWait,1
1718905341.75,34.23,0.8859747816309974,0.8621598175913006,0.02381496401843625,PreMarketWait,1
1718905342.0,34.23,0.8859747816309974,0.8642842728808976,0.0216905087287143,PreMarketWait,1
1718905342.25,34.23,0.8859747816309974,0.866522614273339,0.019452167336152733,PreMarketWait,1
1718905342.5,34.23,0.8859747816309974,0.8688654478199574,0.01710933378942168,PreMarketWait,1
1718905342.75,34.23,0.8859747816309974,0.8713029923511704,0.014671789258106667,PreMarketWait,1
1718905343.0,34.21,0.8451794650728321,0.8738248846074924,-0.028645419556469168,PreMarketWait,1
1718905343.25,34.21,0.8451794650728321,0.8764199745400932,-0.031240509489141637,PreMarketWait,1
1718905343.5,34.21,0.8451794650728321,0.8790761264555345,-0.033896661404634834,PreMarketWait,1
1718905343.75,34.21,0.8451794650728321,0.8817800416002602,-0.03660057654939043,PreMarketWait,1
1718905344.0,34.23,0.8859747816309974,0.8845171167480004,0.0014576648610286624,PreMarketWait,1
1718905344.25,34.23,0.8859747816309974,0.8872713514881004,-0.0012965698790534837,PreMarketWait,1
1718905344.5,34.23,0.8859747816309974,0.8900253144209836,-0.004050532811895276,PreMarketWait,1
1718905344.75,34.23,0.8859747816309974,0.8927601755791764,-0.006785393970025052,PreMarketWait,1
1718905345.0,34.23,0.8859747816309974,0.895455809303026,-0.009481027693792424,PreMarketWait,1
1718905345.25,34.23,0.8859747816309974,0.8980909686391523,-0.012116187029819349,PreMarketWait,1
1718905345.5,34.23,0.8859747816309974,0.9006435291743818,-0.014668747564934847,PreMarketWait,1
1718905345.75,34.23,0.8859747816309974,0.9030907971268113,-0.0171160155172377,PreMarketWait,1
1718905346.0,34.23,0.8859747816309974,0.9054098735557086,-0.019435091945996498,PreMarketWait,1
1718905346.25,34.23,0.8859747816309974,0.9075780638113586,-0.021603282201496703,PreMarketWait,1
1718905346.5,34.23,0.8859747816309974,0.9095733189368533,-0.0235985373268302,PreMarketWait,1
1718905346.75,34.23,0.8859747816309974,0.9113746937918934,-0.02539991218169822,PreMarketWait,1
1718905347.0,34.27,0.9675654147473569,0.9129628053515024,0.05460260937523517,PreMarketWait,1
1718905347.25,34.27,0.9675654147473569,0.9143202741116128,0.05324514061531867,PreMarketWait,1
1718905347.5,34.27,0.9675654147473569,0.9154321319668055,0.05213328276033025,PreMarketWait,1
1718905347.75,34.27,0.9675654147473569,0.9162861814001997,0.05127923332715091,PreMarketWait,1
1718905348.0,34.25,0.9267700981891772,0.9168732932894778,0.009896804879917669,PreMarketWait,1
1718905348.25,34.25,0.9267700981891772,0.9171876338651104,0.00958246430451603,PreMarketWait,1
1718905348.5,34.25,0.9267700981891772,0.9172268150088114,0.009543283161046575,PreMarketWait,1
1718905348.75,34.25,0.9267700981891772,0.9169919657695446,0.009778132400537952,PreMarketWait,1
1718905349.0,34.23,0.8859747816309974,0.916487726371312,-0.030512944759201528,PreMarketWait,1
1718905349.25,34.23,0.8859747816309974,0.9157221688572109,-0.029747387244920317,PreMarketWait,1
1718905349.5,34.23,0.8859747816309974,0.9147066507205545,-0.028731869108121564,PreMarketWait,1
1718905349.75,34.23,0.8859747816309974,0.9134556093685885,-0.027480827756059034,PreMarketWait,1
1718905350.0,34.25,0.9267700981891772,0.9119863060921783,0.01478379207857515,PreMarketWait,1
1718905350.25,34.25,0.9267700981891772,0.9103185285096037,0.01645156966113734,PreMarketWait,1
1718905350.5,34.25,0.9267700981891772,0.9084742604027907,0.01829583776787842,PreMarketWait,1
1718905350.75,34.25,0.9267700981891772,0.9064773276491589,0.02029277052137774,PreMarketWait,1
1718905351.0,34.23,0.8859747816309974,0.904353028678486,-0.01837824706632088,PreMarketWait,1
1718905351.25,34.23,0.8859747816309974,0.9021277575587654,-0.01615297594684796,PreMarketWait,1
1718905351.5,34.23,0.8859747816309974,0.8998286273686098,-0.013853845756989783,PreMarketWait,1
1718905351.75,34.23,0.8859747816309974,0.8974831008600344,-0.011508319248753169,PreMarketWait,1
1718905352.0,34.23,0.8859747816309974,0.8951186345111733,-0.009143852900262168,PreMarketWait,1
1718905352.25,34.23,0.8859747816309974,0.8927623409408499,-0.006787559330328841,PreMarketWait,1
1718905352.5,34.23,0.8859747816309974,0.8904406733904087,-0.0044658917802872615,PreMarketWait,1
1718905352.75,34.23,0.8859747816309974,0.8881791346808011,-0.0022043530710798166,PreMarketWait,1
1718905353.0,34.23,0.8859747816309974,0.8860020118277044,-2.723021837412916e-05,PreMarketWait,1
1718905353.25,34.23,0.8859747816309974,0.8839321364295374,0.0020426451794207214,PreMarketWait,1
1718905353.5,34.23,0.8859747816309974,0.8819906700963869,0.00398411151222763,PreMarketWait,1
1718905353.75,34.23,0.8859747816309974,0.8801969136044457,0.0057778680038632615,PreMarketWait,1
1718905354.0,34.23,0.8859747816309974,0.8785681381621566,0.0074066434458941776,PreMarketWait,1
1718905354.25,34.23,0.8859747816309974,0.8771194371623457,0.008855344445501677,PreMarketWait,1
1718905354.5,34.23,0.8859747816309974,0.8758635970516356,0.010111184556068775,PreMarketWait,1
1718905354.75,34.23,0.8859747816309974,0.8748109864388607,0.011163795168765572,PreMarketWait,1
1718905355.0,34.23,0.8859747816309974,0.8739694632360548,0.012005318371560578,PreMarketWait,1
1718905355.25,34.23,0.8859747816309974,0.8733443004117739,0.012630481195897929,PreMarketWait,1
1718905355.5,34.23,0.8859747816309974,0.8729381317566227,0.013036649851170581,PreMarketWait,1
1718905355.75,34.23,0.8859747816309974,0.8727509198228443,0.013223861785132532,PreMarketWait,1
1718905356.0,34.21,0.8451794650728321,0.8727799488022907,-0.027600483752238114,PreMarketWait,1
1718905356.25,34.21,0.8451794650728321,0.8730198454445665,-0.027840380394222482,PreMarketWait,1
1718905356.5,34.21,0.8451794650728321,0.8734626310950567,-0.02828316604438089,PreMarketWait,1
1718905356.75,34.21,0.8451794650728321,0.8740978074972277,-0.02891834244619067,PreMarketWait,1
1718905357.0,34.23,0.8859747816309974,0.8749124781772518,0.011062303432328884,PreMarketWait,1
1718905357.25,34.23,0.8859747816309974,0.8758915061241404,0.010083275485824682,PreMarketWait,1
1718905357.5,34.23,0.8859747816309974,0.8770177072711103,0.008957074339234204,PreMarketWait,1
1718905357.75,34.23,0.8859747816309974,0.8782720781538824,0.007702703456827452,PreMarketWait,1
1718905358.0,34.23,0.8859747816309974,0.8796340551933782,0.006340726417675108,PreMarketWait,1
1718905358.25,34.23,0.8859747816309974,0.8810818023656982,0.004892979245670155,PreMarketWait,1
1718905358.5,34.23,0.8859747816309974,0.8825925235543342,0.003382258057314484,PreMarketWait,1
1718905358.75,34.23,0.8859747816309974,0.8841427955670079,0.0018319860448806607,PreMarketWait,1
1718905359.0,34.23,0.8859747816309974,0.8857089175757529,0.0002658640363301986,PreMarketWait,1
1718905359.25,34.23,0.8859747816309974,0.8872672725460474,-0.0012924909338188255,PreMarketWait,1
1718905359.5,34.23,0.8859747816309974,0.8887946960140155,-0.002819914401690553,PreMarketWait,1
1718905359.75,34.23,0.8859747816309974,0.8902688473188135,-0.004294065706438335,PreMarketWait,1
1718905360.0,34.23,0.8859747816309974,0.8916685780834184,-0.005693796471034573,PreMarketWait,1
1718905360.25,34.23,0.8859747816309974,0.8929742923585335,-0.0069995107461775525,PreMarketWait,1
1718905360.5,34.23,0.8859747816309974,0.8941682924129608,-0.008193510800662112,PreMarketWait,1
1718905360.75,34.23,0.8859747816309974,0.8952351036952417,-0.009260322083022519,PreMarketWait,1
1718905361.0,34.23,0.8859747816309974,0.8961617720449048,-0.010186990432780114,PreMarketWait,1
1718905361.25,34.23,0.8859747816309974,0.8969381258493058,-0.01096334423728341,PreMarketWait,1
1718905361.5,34.23,0.8859747816309974,0.8975569955878919,-0.011582213975972236,PreMarketWait,1
1718905361.75,34.23,0.8859747816309974,0.8980143831547688,-0.012039601542945392,PreMarketWait,1
1718905362.0,34.25,0.9267700981891772,0.8983095735871639,0.028460524582753922,PreMarketWait,1
1718905362.25,34.25,0.9267700981891772,0.8984451824410369,0.028324915728810216,PreMarketWait,1
1718905362.5,34.25,0.9267700981891772,0.8984271331253788,0.028342965044415816,PreMarketWait,1
1718905362.75,34.25,0.9267700981891772,0.8982645600744875,0.028505538095275788,PreMarketWait,1
1718905363.0,34.23,0.8859747816309974,0.8979696356700272,-0.011994854058452284,PreMarketWait,1
1718905363.25,34.23,0.8859747816309974,0.8975573212020934,-0.011582539590503933,PreMarketWait,1
1718905363.5,34.23,0.8859747816309974,0.8970450447008929,-0.011070263089265533,PreMarketWait,1
1718905363.75,34.23,0.8859747816309974,0.896452310998028,-0.010477529386340539,PreMarketWait,1
1718905364.0,34.25,0.9267700981891772,0.8958002517683915,0.030969846401555257,PreMarketWait,1
1718905364.25,34.25,0.9267700981891772,0.8951111255236582,0.03165897264638287,PreMarketWait,1
1718905364.5,34.25,0.9267700981891772,0.8944077795970146,0.03236231857313024,PreMarketWait,1
1718905364.75,34.25,0.9267700981891772,0.8937130880922018,0.033057010078050016,PreMarketWait,1
1718905365.0,34.23,0.8859747816309974,0.893049381518036,-0.007074599905860148,PreMarketWait,1
1718905365.25,34.23,0.8859747816309974,0.8924378852500217,-0.006463103637752316,PreMarketWait,1
1718905365.5,34.23,0.8859747816309974,0.8918981848440708,-0.005923403231723421,PreMarketWait,1
1718905365.75,34.23,0.8859747816309974,0.8914477363579218,-0.005472954745514804,PreMarketWait,1
1718905366.0,34.21,0.8451794650728321,0.8911014390534232,-0.04592197399914007,PreMarketWait,1
1718905366.25,34.21,0.8451794650728321,0.8908712860849286,-0.04569182103062072,PreMarketWait,1
1718905366.5,34.21,0.8451794650728321,0.8907661060421869,-0.04558664098786832,PreMarketWait,1
1718905366.75,34.21,0.8451794650728321,0.890791404611247,-0.04561193955692912,PreMarketWait,1
1718905367.0,34.23,0.8859747816309974,0.8909493113354426,-0.00497452972296706,PreMarketWait,1
1718905367.25,34.23,0.8859747816309974,0.891238631782471,-0.005263850170004258,PreMarketWait,1
1718905367.5,34.23,0.8859747816309974,0.8916550006946722,-0.005680219082210752,PreMarketWait,1
1718905367.75,34.23,0.8859747816309974,0.8921911272586329,-0.006216345646169366,PreMarketWait,1
1718905368.0,34.23,0.8859747816309974,0.8928371197568615,-0.006862338144386311,PreMarketWait,1
1718905368.25,34.23,0.8859747816309974,0.893580873749677,-0.007606092137178666,PreMarketWait,1
1718905368.5,34.23,0.8859747816309974,0.8944085056956643,-0.008433724083130447,PreMarketWait,1
1718905368.75,34.23,0.8859747816309974,0.8953048126293343,-0.009330031016752068,PreMarketWait,1
1718905369.0,34.27,0.9675654147473569,0.8962537382376142,0.0713116764913877,PreMarketWait,1
1718905369.25,34.27,0.9675654147473569,0.8972388264698917,0.07032658825917944,PreMarketWait,1
1718905369.5,34.27,0.9675654147473569,0.8982436457098433,0.0693217690193021,PreMarketWait,1
1718905369.75,34.27,0.9675654147473569,0.8992521694798246,0.06831324524939558,PreMarketWait,1
1718905370.0,34.23,0.8859747816309974,0.9002491034415144,-0.014274321828582875,PreMarketWait,1
1718905370.25,34.23,0.8859747816309974,0.9012201527297775,-0.015245371116782522,PreMarketWait,1
1718905370.5,34.23,0.8859747816309974,0.9021522279266085,-0.016177446313561883,PreMarketWait,1
1718905370.75,34.23,0.8859747816309974,0.9030335917740047,-0.01705881016092291,PreMarketWait,1
1718905371.0,34.23,0.8859747816309974,0.9038539516961086,-0.01787917008301198,PreMarketWait,1
1718905371.25,34.23,0.8859747816309974,0.9046045051985626,-0.018629723585473334,PreMarketWait,1
1718905371.5,34.23,0.8859747816309974,0.9052779462476767,-0.019303164634616225,PreMarketWait,1
1718905371.75,34.23,0.8859747816309974,0.9058684409125225,-0.019893659299509953,PreMarketWait,1
1718905372.0,34.23,0.8859747816309974,0.9063715800297945,-0.020396798416843512,PreMarketWait,1
1718905372.25,34.23,0.8859747816309974,0.9067843155895786,-0.020809533976697596,PreMarketWait,1
1718905372.5,34.23,0.8859747816309974,0.9071048861130987,-0.021130104500290348,PreMarketWait,1
1718905372.75,34.23,0.8859747816309974,0.9073327346802655,-0.021357953067527215,PreMarketWait,1
1718905373.0,34.25,0.9267700981891772,0.9074684216498208,0.01930167652103503,PreMarketWait,1
1718905373.25,34.25,0.9267700981891772,0.9075135326832946,0.019256565487509886,PreMarketWait,1
1718905373.5,34.25,0.9267700981891772,0.9074705816082662,0.01929951656250135,PreMarketWait,1
1718905373.75,34.25,0.9267700981891772,0.9073429070672477,0.019427191103499327,PreMarketWait,1
1718905374.0,34.25,0.9267700981891772,0.9071345618506835,0.019635536320059793,PreMarketWait,1
1718905374.25,34.25,0.9267700981891772,0.9068501942683579,0.019919903902396233,PreMarketWait,1
1718905374.5,34.25,0.9267700981891772,0.906494921757625,0.020275176413150263,PreMarketWait,1
1718905374.75,34.25,0.9267700981891772,0.9060741979989669,0.02069590017183395,PreMarketWait,1
1718905375.0,34.23,0.8859747816309974,0.9055936759316219,-0.019618894318977703,PreMarketWait,1
1718905375.25,34.23,0.8859747816309974,0.9050590700546728,-0.019084288442014263,PreMarketWait,1
1718905375.5,34.23,0.8859747816309974,0.9044760220960748,-0.018501240483415175,PreMarketWait,1
1718905375.75,34.23,0.8859747816309974,0.9038499744090573,-0.017875192796413825,PreMarketWait,1
1718905376.0,34.23,0.8859747816309974,0.9031860552618186,-0.017211273649210497,PreMarketWait,1
1718905376.25,34.23,0.8859747816309974,0.902488979561377,-0.01651419794882387,PreMarketWait,1
1718905376.5,34.23,0.8859747816309974,0.9017629676080194,-0.01578818599553912,PreMarketWait,1
1718905376.75,34.23,0.8859747816309974,0.9010116833643649,-0.015036901751972052,PreMarketWait,1
1718905377.0,34.25,0.9267700981891772,0.9002381926046151,0.026531905565860235,PreMarketWait,1
1718905377.25,34.25,0.9267700981891772,0.8994449403409156,0.02732515782945781,PreMarketWait,1
1718905377.5,34.25,0.9267700981891772,0.8986337462379039,0.0281363519323668,PreMarketWait,1
1718905377.75,34.25,0.9267700981891772,0.8978058164051113,0.028964281765059326,PreMarketWait,1
1718905378.0,34.23,0.8859747816309974,0.8969617699968243,-0.010986988384928398,PreMarketWait,1
1718905378.25,34.23,0.8859747816309974,0.8961016793500586,-0.01012689773824943,PreMarketWait,1
1718905378.5,34.23,0.8859747816309974,0.8952251227843914,-0.009250341172658366,PreMarketWait,1
1718905378.75,34.23,0.8859747816309974,0.8943312494959922,-0.008356467884322417,PreMarketWait,1
1718905379.0,34.23,0.8859747816309974,0.8934188560793185,-0.007444074467697229,PreMarketWait,1
1718905379.25,34.23,0.8859747816309974,0.8924864740628151,-0.006511692451226574,PreMarketWait,1
1718905379.5,34.23,0.8859747816309974,0.8915324674784486,-0.005557685866876282,PreMarketWait,1
1718905379.75,34.23,0.8859747816309974,0.890555138964349,-0.0045803573527760395,PreMarketWait,1
1718905380.0,34.23,0.8859747816309974,0.889552842298932,-0.0035780606873413406,PreMarketWait,1
1718905380.25,34.23,0.8859747816309974,0.8885240986525077,-0.002549317040881648,PreMarketWait,1
1718905380.5,34.23,0.8859747816309974,0.8874677132791039,-0.0014929316674243474,PreMarketWait,1
1718905380.75,34.23,0.8859747816309974,0.8863828889086424,-0.00040810729689108767,PreMarketWait,1
1718905381.0,34.23,0.8859747816309974,0.8852693317801787,0.0007054498316619454,PreMarketWait,1
1718905381.25,34.23,0.8859747816309974,0.8841273461137483,0.0018474354981973667,PreMarketWait,1
1718905381.5,34.23,0.8859747816309974,0.8829579128749299,0.0030168687371332865,PreMarketWait,1
1718905381.75,34.23,0.8859747816309974,0.8817627489561527,0.0042120326560368855,PreMarketWait,1
1718905382.0,34.23,0.8859747816309974,0.8805443433855116,0.005430438226810242,PreMarketWait,1
1718905382.25,34.23,0.8859747816309974,0.8793059678705056,0.006668813741952061,PreMarketWait,1
1718905382.5,34.23,0.8859747816309974,0.8780516598731114,0.007923121739483778,PreMarketWait,1
1718905382.75,34.23,0.8859747816309974,0.876786177465488,0.009188604147242884,PreMarketWait,1
1718905383.0,34.23,0.8859747816309974,0.8755149263927962,0.010459855220064278,PreMarketWait,1
1718905383.25,34.23,0.8859747816309974,0.8742438610201677,0.01173092059280945,PreMarketWait,1
1718905383.5,34.23,0.8859747816309974,0.8729793621023624,0.012995419510711386,PreMarketWait,1
1718905383.75,34.23,0.8859747816309974,0.8717280955129748,0.01424668610016868,PreMarketWait,1
1718905384.0,34.21,0.8451794650728321,0.8704968571197625,-0.025317392064745974,PreMarketWait,1
1718905384.25,34.21,0.8451794650728321,0.8692924098001827,-0.02411294474516097,PreMarketWait,1
1718905384.5,34.21,0.8451794650728321,0.8681213190679495,-0.022941854012955377,PreMarketWait,1
1718905384.75,34.21,0.8451794650728321,0.8669897938716485,-0.021810328816713236,PreMarketWait,1
1718905385.0,34.23,0.8859747816309974,0.8659035388405926,0.020071242772419326,PreMarketWait,1
1718905385.25,34.23,0.8859747816309974,0.8648676236801812,0.02110715793271395,PreMarketWait,1
1718905385.5,34.23,0.8859747816309974,0.863886374698248,0.02208840691450427,PreMarketWait,1
1718905385.75,34.23,0.8859747816309974,0.8629632927035943,0.02301148890899151,PreMarketWait,1
1718905386.0,34.21,0.8451794650728321,0.8621010008149674,-0.016921535760735355,PreMarketWait,1
1718905386.25,34.21,0.8451794650728321,0.8613012250136408,-0.016121759959617073,PreMarketWait,1
1718905386.5,34.21,0.8451794650728321,0.8605648094553499,-0.015385344401551542,PreMarketWait,1
1718905386.75,34.21,0.8451794650728321,0.8598917675083964,-0.014712302454838302,PreMarketWait,1
1718905387.0,34.21,0.8451794650728321,0.8592813681377862,-0.014101903084480772,PreMarketWait,1
1718905387.25,34.21,0.8451794650728321,0.8587322556258046,-0.013552790572760095,PreMarketWait,1
1718905387.5,34.21,0.8451794650728321,0.8582425987932535,-0.0130631337404725,PreMarketWait,1
1718905387.75,34.21,0.8451794650728321,0.8578102639862176,-0.012630798933696046,PreMarketWait,1
1718905388.0,34.21,0.8451794650728321,0.857433004254663,-0.012253539202390397,PreMarketWait,1
1718905388.25,34.21,0.8451794650728321,0.857108655503405,-0.011929190451364088,PreMarketWait,1
1718905388.5,34.21,0.8451794650728321,0.8568353290702168,-0.011655864018383593,PreMarketWait,1
1718905388.75,34.21,0.8451794650728321,0.856611589302714,-0.011432124251059817,PreMarketWait,1
1718905389.0,34.23,0.8859747816309974,0.8564366043833329,0.029538177226339255,PreMarketWait,1
1718905389.25,34.23,0.8859747816309974,0.8563102590011273,0.029664522608431606,PreMarketWait,1
1718905389.5,34.23,0.8859747816309974,0.8562332185813957,0.029741563028086213,PreMarketWait,1
1718905389.75,34.23,0.8859747816309974,0.8562069367032457,0.02976784490619697,PreMarketWait,1
1718905390.0,34.23,0.8859747816309974,0.8562336000248473,0.02974118158459375,PreMarketWait,1
1718905390.25,34.23,0.8859747816309974,0.8563160083646917,0.029658773244783262,PreMarketWait,1
1718905390.5,34.23,0.8859747816309974,0.8564573913437664,0.029517390265774185,PreMarketWait,1
1718905390.75,34.23,0.8859747816309974,0.8566611669219474,0.029313614687685414,PreMarketWait,1
1718905391.0,34.21,0.8451794650728321,0.8569306509892793,-0.011751185937699388,PreMarketWait,1
1718905391.25,34.21,0.8451794650728321,0.8572687306266364,-0.012089265574930414,PreMarketWait,1
1718905391.5,34.21,0.8451794650728321,0.857677516475146,-0.012498051423306452,PreMarketWait,1
1718905391.75,34.21,0.8451794650728321,0.8581579916403642,-0.012978526588388571,PreMarketWait,1
1718905392.0,34.21,0.8451794650728321,0.8587096755761585,-0.01353021052404891,PreMarketWait,1
1718905392.25,34.21,0.8451794650728321,0.859330321411536,-0.014150856359299049,PreMarketWait,1
1718905392.5,34.21,0.8451794650728321,0.8600156642494641,-0.014836199197109943,PreMarketWait,1
1718905392.75,34.21,0.8451794650728321,0.8607592361767439,-0.015579771124285451,PreMarketWait,1
1718905393.0,34.21,0.8451794650728321,0.8615522611961112,-0.01637279614356349,PreMarketWait,1
1718905393.25,34.21,0.8451794650728321,0.8623836401526852,-0.017204175100065014,PreMarketWait,1
1718905393.5,34.21,0.8451794650728321,0.8632400321095095,-0.01806056705683457,PreMarketWait,1
1718905393.75,34.21,0.8451794650728321,0.8641060346704064,-0.018926569617693394,PreMarketWait,1
1718905394.0,34.21,0.8451794650728321,0.8649644615986991,-0.019784996545963395,PreMarketWait,1
1718905394.25,34.21,0.8451794650728321,0.8657967118908471,-0.020617246838101136,PreMarketWait,1
1718905394.5,34.21,0.8451794650728321,0.8665832203955485,-0.02140375534280156,PreMarketWait,1
1718905394.75,34.21,0.8451794650728321,0.8673039762901347,-0.022124511237392886,PreMarketWait,1
1718905395.0,34.23,0.8859747816309974,0.8679390924133057,0.01803568919759249,PreMarketWait,1
1718905395.25,34.23,0.8859747816309974,0.8684694057867551,0.017505375824132578,PreMarketWait,1
1718905395.5,34.23,0.8859747816309974,0.8688770878091056,0.01709769380177126,PreMarketWait,1
1718905395.75,34.23,0.8859747816309974,0.8691462417074257,0.01682853990344043,PreMarketWait,1
1718905396.0,34.23,0.8859747816309974,0.8692634649464032,0.016711316664451602,PreMarketWait,1
1718905396.25,34.23,0.8859747816309974,0.8692183553969832,0.016756426213857367,PreMarketWait,1
1718905396.5,34.23,0.8859747816309974,0.8690039420555696,0.01697083955525122,PreMarketWait,1
1718905396.75,34.23,0.8859747816309974,0.8686170238413184,0.0173577577694738,PreMarketWait,1
1718905397.0,34.23,0.8859747816309974,0.8680584033278843,0.017916378282866775,PreMarketWait,1
1718905397.25,34.23,0.8859747816309974,0.8673330060296799,0.018641775581015003,PreMarketWait,1
1718905397.5,34.23,0.8859747816309974,0.8664498799028972,0.019524901707725063,PreMarketWait,1
1718905397.75,34.23,0.8859747816309974,0.8654220738777983,0.020552707732735043,PreMarketWait,1
1718905398.0,34.21,0.8451794650728321,0.8642663983474553,-0.019086933295191635,PreMarketWait,1
1718905398.25,34.21,0.8451794650728321,0.8630030744341167,-0.017823609381971698,PreMarketWait,1
1718905398.5,34.21,0.8451794650728321,0.8616552823826719,-0.016475817330659157,PreMarketWait,1
1718905398.75,34.21,0.8451794650728321,0.8602486224728024,-0.015069157420934284,PreMarketWait,1
1718905399.0,34.23,0.8859747816309974,0.8588105043471841,0.02716427726269558,PreMarketWait,1
1718905399.25,34.23,0.8859747816309974,0.8573694826518409,0.02860529895787992,PreMarketWait,1
1718905399.5,34.23,0.8859747816309974,0.8559545584555859,0.03002022315397505,PreMarketWait,1
1718905399.75,34.23,0.8859747816309974,0.8545944671252587,0.03138031448414609,PreMarketWait,1
1718905400.0,34.21,0.8451794650728321,0.8533169741752249,-0.008137509124133229,PreMarketWait,1
1718905400.25,34.21,0.8451794650728321,0.8521482009770015,-0.006968735926045003,PreMarketWait,1
1718905400.5,34.21,0.8451794650728321,0.8511120019274426,-0.005932536876604195,PreMarketWait,1
1718905400.75,34.21,0.8451794650728321,0.8502294135383376,-0.005049948487595904,PreMarketWait,1
1718905401.0,34.18,0.7839864902355699,0.849518193782744,-0.06553170356933574,PreMarketWait,1
1718905401.25,34.18,0.7839864902355699,0.8489924668540738,-0.06500597664070774,PreMarketWait,1
1718905401.5,34.18,0.7839864902355699,0.848662484295247,-0.06467599408189201,PreMarketWait,1
1718905401.75,34.18,0.7839864902355699,0.8485345083716302,-0.06454801815825559,PreMarketWait,1
1718905402.0,34.21,0.8451794650728321,0.8486108178528178,-0.0034313528021332196,PreMarketWait,1
1718905402.25,34.21,0.8451794650728321,0.848889830426643,-0.0037103653758864957,PreMarketWait,1
1718905402.5,34.21,0.8451794650728321,0.8493663302738412,-0.004186865222993542,PreMarketWait,1
1718905402.75,34.21,0.8451794650728321,0.8500317843602126,-0.004852319309260547,PreMarketWait,1
1718905403.0,34.23,0.8859747816309974,0.8508747271380536,0.035100054471175535,PreMarketWait,1
1718905403.25,34.23,0.8859747816309974,0.8518811908351123,0.03409359077423031,PreMarketWait,1
1718905403.5,34.23,0.8859747816309974,0.8530351574616661,0.03293962414778625,PreMarketWait,1
1718905403.75,34.23,0.8859747816309974,0.854319009091564,0.03165577251798876,PreMarketWait,1
1718905404.0,34.23,0.8859747816309974,0.8557139547811677,0.030260826828470627,PreMarketWait,1
1718905404.25,34.23,0.8859747816309974,0.8572004154993909,0.028774366110314527,PreMarketWait,1
1718905404.5,34.23,0.8859747816309974,0.8587583524013562,0.02721642920839524,PreMarketWait,1
1718905404.75,34.23,0.8859747816309974,0.8603675284024163,0.025607253207359595,PreMarketWait,1
1718905405.0,34.23,0.8859747816309974,0.8620076980082386,0.023967083601540966,PreMarketWait,1
1718905405.25,34.23,0.8859747816309974,0.8636587254493022,0.022316056160462016,PreMarketWait,1
1718905405.5,34.23,0.8859747816309974,0.8653006360866838,0.020674145523049022,PreMarketWait,1
1718905405.75,34.23,0.8859747816309974,0.8669136105469492,0.01906117106273985,PreMarketWait,1
1718905406.0,34.21,0.8451794650728321,0.8684779348689806,-0.023298469817508362,PreMarketWait,1
1718905406.25,34.21,0.8451794650728321,0.8699739228851425,-0.024794457833723974,PreMarketWait,1
1718905406.5,34.21,0.8451794650728321,0.8713818289256969,-0.026202363874328366,PreMarketWait,1
1718905406.75,34.21,0.8451794650728321,0.8726817696009482,-0.02750230454962047,PreMarketWait,1
1718905407.0,34.21,0.8451794650728321,0.8738536728452697,-0.028674207793968703,PreMarketWait,1
1718905407.25,34.21,0.8451794650728321,0.8748772706740833,-0.029697805622791056,PreMarketWait,1
1718905407.5,34.21,0.8451794650728321,0.8757321493740179,-0.030552684322713707,PreMarketWait,1
1718905407.75,34.21,0.8451794650728321,0.8763978673403859,-0.031218402289047646,PreMarketWait,1
1718905408.0,34.23,0.8859747816309974,0.8768541467455795,0.009120634863979106,PreMarketWait,1
1718905408.25,34.23,0.8859747816309974,0.8770811409285028,0.008893640681127662,PreMarketWait,1
1718905408.5,34.23,0.8859747816309974,0.8770597750931606,0.008915006516552481,PreMarketWait,1
1718905408.75,34.23,0.8859747816309974,0.8767721538115868,0.009202627798212343,PreMarketWait,1
1718905409.0,34.21,0.8451794650728321,0.8762020250882369,-0.031022560036521808,PreMarketWait,1
1718905409.25,34.21,0.8451794650728321,0.8753352874196078,-0.03015582236782431,PreMarketWait,1
1718905409.5,34.21,0.8451794650728321,0.8741605233745608,-0.02898105832272828,PreMarketWait,1
1718905409.75,34.21,0.8451794650728321,0.872669540727573,-0.027490075675714303,PreMarketWait,1
1718905410.0,34.23,0.8859747816309974,0.8708579001570059,0.015116881453018868,PreMarketWait,1
1718905410.25,34.23,0.8859747816309974,0.8687254071123622,0.017249374497638793,PreMarketWait,1
1718905410.5,34.23,0.8859747816309974,0.8662765448500293,0.019698236759926505,PreMarketWait,1
1718905410.75,34.23,0.8859747816309974,0.8635208260168246,0.02245395559306855,PreMarketWait,1
1718905411.0,34.23,0.8859747816309974,0.8604730416299987,0.025501739979818507,PreMarketWait,1
1718905411.25,34.23,0.8859747816309974,0.8571533888595727,0.02882139275015936,PreMarketWait,1
1718905411.5,34.23,0.8859747816309974,0.8535874625647537,0.03238731904488712,PreMarketWait,1
1718905411.75,34.23,0.8859747816309974,0.8498060999040679,0.03616868170547821,PreMarketWait,1
1718905412.0,34.21,0.8451794650728321,0.8458450723202358,-0.0006656072689511516,PreMarketWait,1
1718905412.25,34.21,0.8451794650728321,0.8417446245589412,0.00343484049224756,PreMarketWait,1
1718905412.5,34.21,0.8451794650728321,0.837548865864433,0.007630599186661615,PreMarketWait,1
1718905412.75,34.21,0.8451794650728321,0.833305023864964,0.01187444118603908,PreMarketWait,1
1718905413.0,34.21,0.8451794650728321,0.8290625767212516,0.016116888329663827,PreMarketWait,1
1718905413.25,34.21,0.8451794650728321,0.8248722837224821,0.02030718132835128,PreMarketWait,1
1718905413.5,34.21,0.8451794650728321,0.8207851385782667,0.024394326472492355,PreMarketWait,1
1718905413.75,34.21,0.8451794650728321,0.8168512730787705,0.0283281919719252,PreMarketWait,1
1718905414.0,34.18,0.7839864902355699,0.813118841464612,-0.029132351251227432,PreMarketWait,1
1718905414.25,34.18,0.7839864902355699,0.8096329176189949,-0.02564642740564156,PreMarketWait,1
1718905414.5,34.18,0.7839864902355699,0.8064344379097311,-0.022447947696389362,PreMarketWait,1
1718905414.75,34.18,0.7839864902355699,0.8035592220405893,-0.01957273182723846,PreMarketWait,1
1718905415.0,34.18,0.7839864902355699,0.8010371025729567,-0.017050612359575834,PreMarketWait,1
1718905415.25,34.18,0.7839864902355699,0.7988911909096214,-0.014904700696189498,PreMarketWait,1
1718905415.5,34.18,0.7839864902355699,0.7971373036371252,-0.013150813423622038,PreMarketWait,1
1718905415.75,34.18,0.7839864902355699,0.795783568383671,-0.011797078170077597,PreMarketWait,1
1718905416.0,34.16,0.7431911736773901,0.794830222947018,-0.05163904929149783,PreMarketWait,1
1718905416.25,34.16,0.7431911736773901,0.7942696155482406,-0.05107844189260062,PreMarketWait,1
1718905416.5,34.16,0.7431911736773901,0.7940864078371445,-0.050895234181374295,PreMarketWait,1
1718905416.75,34.16,0.7431911736773901,0.7942579759063957,-0.05106680225048768,PreMarketWait,1
1718905417.0,34.21,0.8451794650728321,0.7947549983214091,0.050424466730083675,PreMarketWait,1
1718905417.25,34.21,0.8451794650728321,0.7955422143745896,0.049637250677046954,PreMarketWait,1
1718905417.5,34.21,0.8451794650728321,0.7965793307893112,0.048600134262466406,PreMarketWait,1
1718905417.75,34.21,0.8451794650728321,0.7978220512258046,0.04735741382610684,PreMarketWait,1
1718905418.0,34.18,0.7839864902355699,0.7992232002959937,-0.015236710081222168,PreMarketWait,1
1718905418.25,34.18,0.7839864902355699,0.8007339122745291,-0.016747422059651074,PreMarketWait,1
1718905418.5,34.18,0.7839864902355699,0.8023048540332263,-0.0183183638182626,PreMarketWait,1
1718905418.75,34.18,0.7839864902355699,0.8038874516247427,-0.019900961409719163,PreMarketWait,1
1718905419.0,34.18,0.7839864902355699,0.8054350901839196,-0.02144859996886615,PreMarketWait,1
1718905419.25,34.18,0.7839864902355699,0.8069042573308859,-0.022917767115836023,PreMarketWait,1
1718905419.5,34.18,0.7839864902355699,0.8082556011076383,-0.024269110892627465,PreMarketWait,1
1718905419.75,34.18,0.7839864902355699,0.8094548747992846,-0.02546838458434854,PreMarketWait,1
1718905420.0,34.23,0.8859747816309974,0.8104737429608071,0.0755010386494481,PreMarketWait,1
1718905420.25,34.23,0.8859747816309974,0.8112904257786194,0.07468435583149784,PreMarketWait,1
1718905420.5,34.23,0.8859747816309974,0.811890162703896,0.07408461890605825,PreMarketWait,1
1718905420.75,34.23,0.8859747816309974,0.8122654811628235,0.07370930044694791,PreMarketWait,1
1718905421.0,34.18,0.7839864902355699,0.812416261955281,-0.028429771741133522,PreMarketWait,1
1718905421.25,34.18,0.7839864902355699,0.8123495993599691,-0.02836310914602448,PreMarketWait,1
1718905421.5,34.18,0.7839864902355699,0.8120794604866742,-0.028092970272931492,PreMarketWait,1
1718905421.75,34.18,0.7839864902355699,0.8116261545767013,-0.027639664363151947,PreMarketWait,1
1718905422.0,34.21,0.8451794650728321,0.8110156284283974,0.03416383662223652,PreMarketWait,1
1718905422.25,34.21,0.8451794650728321,0.8102786088149325,0.03490085623554686,PracticeMarkerPage,1
1718905422.5,34.21,0.8451794650728321,0.8094496167336527,0.03572984831670242,PracticeMarkerPage,1
1718905422.75,34.21,0.8451794650728321,0.8085658816902874,0.03661358335997936,PracticeMarkerPage,1
1718905423.0,34.18,0.7839864902355699,0.8076661870082876,-0.02367969679533091,PracticeMarkerPage,1
1718905423.25,34.18,0.7839864902355699,0.8067896792637403,-0.02280318905078725,PracticeMarkerPage,1
1718905423.5,34.18,0.7839864902355699,0.8059746761822153,-0.021988185969219358,PracticeMarkerPage,1
1718905423.75,34.18,0.7839864902355699,0.8052575074907802,-0.0212710172776946,PracticeMarkerPage,1
1718905424.0,34.18,0.7839864902355699,0.8046714221757639,-0.02068493196254349,PracticeMarkerPage,1
1718905424.25,34.18,0.7839864902355699,0.8042455933611918,-0.02025910314779473,PracticeMarkerPage,1
1718905424.5,34.18,0.7839864902355699,0.8040042487095689,-0.020017758495957806,PracticeMarkerPage,1
1718905424.75,34.18,0.7839864902355699,0.8039659500309971,-0.019979459817140045,PracticeMarkerPage,1
1718905425.0,34.18,0.7839864902355699,0.8041430408624294,-0.02015655064830038,PracticeMarkerPage,1
1718905425.25,34.18,0.7839864902355699,0.804541275340576,-0.0205547851261555,PracticeMarkerPage,1
1718905425.5,34.18,0.7839864902355699,0.8051596359308364,-0.021173145716111945,PracticeMarkerPage,1
1718905425.75,34.18,0.7839864902355699,0.8059903416798481,-0.022003851464814782,PracticeMarkerPage,1
1718905426.0,34.18,0.7839864902355699,0.8070190428198106,-0.02303255260447186,PracticeMarkerPage,1
1718905426.25,34.18,0.7839864902355699,0.8082251919593815,-0.02423870174374932,PracticeMarkerPage,1
1718905426.5,34.18,0.7839864902355699,0.8095825769430586,-0.02559608672715449,PracticeMarkerPage,1
1718905426.75,34.18,0.7839864902355699,0.8110599959486838,-0.027073505732538562,PracticeMarkerPage,1
1718905427.0,34.23,0.8859747816309974,0.8126220517277665,0.07335272988400757,PracticeMarkerPage,1
1718905427.25,34.23,0.8859747816309974,0.8142300392825829,0.0717447423293436,PracticeMarkerPage,1
1718905427.5,34.23,0.8859747816309974,0.8158428998934012,0.07013188171862043,PracticeMarkerPage,1
1718905427.75,34.23,0.8859747816309974,0.8174182143353929,0.06855656727665965,PracticeMarkerPage,1
1718905428.0,34.18,0.7839864902355699,0.8189132092535657,-0.034926719036979456,PracticeMarkerPage,1
1718905428.25,34.18,0.7839864902355699,0.8202857526802577,-0.03629926246378232,PracticeMarkerPage,1
1718905428.5,34.18,0.7839864902355699,0.8214953171293411,-0.037508826913047764,PracticeMarkerPage,1
1718905428.75,34.18,0.7839864902355699,0.8225038911448624,-0.038517400928819126,PracticeMarkerPage,1
1718905429.0,34.21,0.8451794650728321,0.8232768223470109,0.021902642705982835,PracticeMarkerPage,1
1718905429.25,34.21,0.8451794650728321,0.8237835768655863,0.021395888187042064,PracticeMarkerPage,1
1718905429.5,34.21,0.8451794650728321,0.8239984017226446,0.021181063329574378,PracticeMarkerPage,1
1718905429.75,34.21,0.8451794650728321,0.8239008784193048,0.021278586632471803,PracticeMarkerPage,1
1718905430.0,34.18,0.7839864902355699,0.8234763578286514,-0.03948986761459981,PracticeMarkerPage,1
1718905430.25,34.18,0.7839864902355699,0.8227162685102675,-0.038729778296686126,PracticeMarkerPage,1
1718905430.5,34.18,0.7839864902355699,0.8216182926684883,-0.037631802455370886,PracticeMarkerPage,1
1718905430.75,34.18,0.7839864902355699,0.8201864061040489,-0.03619991589137573,PracticeMarkerPage,1
1718905431.0,34.23,0.8859747816309974,0.8184307806755462,0.06754400093214237,PracticeMarkerPage,1
1718905431.25,34.23,0.8859747816309974,0.816367550132801,0.069607231474519,PracticeMarkerPage,1
1718905431.5,34.23,0.8859747816309974,0.8140184429161996,0.07195633869080546,PracticeMarkerPage,1
1718905431.75,34.23,0.8859747816309974,0.8114102887869808,0.07456449281976965,PracticeMarkerPage,1
1718905432.0,34.18,0.7839864902355699,0.8085744099333112,-0.024587919722177734,PracticeMarkerPage,1
1718905432.25,34.18,0.7839864902355699,0.8055459112202986,-0.021559421009287108,PracticeMarkerPage,1
1718905432.5,34.18,0.7839864902355699,0.8023628880814385,-0.01837639787048068,PracticeMarkerPage,1
1718905432.75,34.18,0.7839864902355699,0.7990655737253106,-0.015079083514338166,PracticeMarkerPage,1
1718905433.0,34.18,0.7839864902355699,0.7956954495250554,-0.011708959314001764,PracticeMarkerPage,1
1718905433.25,34.18,0.7839864902355699,0.7922943435385893,-0.008307853327391446,PracticeMarkerPage,1
1718905433.5,34.18,0.7839864902355699,0.7889035421104986,-0.004917051899098711,PracticeMarkerPage,1
1718905433.75,34.18,0.7839864902355699,0.7855629385502468,-0.0015764483385929604,PracticeMarkerPage,1
1718905434.0,34.16,0.7431911736773901,0.7823102410958028,-0.03911906744202983,PracticeMarkerPage,1
1718905434.25,34.16,0.7431911736773901,0.7791802598691607,-0.03598908621505193,PracticeMarkerPage,1
1718905434.5,34.16,0.7431911736773901,0.7762042894089699,-0.0330131157544971,PracticeMarkerPage,1
1718905434.75,34.16,0.7431911736773901,0.7734095997375589,-0.030218426082702782,PracticeMarkerPage,1
1718905435.0,34.18,0.7839864902355699,0.7708190449439416,0.01316744526948678,PracticeMarkerPage,1
1718905435.25,34.18,0.7839864902355699,0.7684507941598957,0.015535696053924221,PracticeMarkerPage,1
1718905435.5,34.18,0.7839864902355699,0.7663181858243587,0.017668304389841693,PracticeMarkerPage,1
1718905435.75,34.18,0.7839864902355699,0.7644297024962149,0.019556787718346597,PracticeMarkerPage,1
1718905436.0,34.16,0.7431911736773901,0.7627890603242066,-0.019597886667489493,PracticeMarkerPage,1
1718905436.25,34.16,0.7431911736773901,0.7613954046421366,-0.018204230985114186,PracticeMarkerPage,1
1718905436.5,34.16,0.7431911736773901,0.7602436009716942,-0.017052427314399755,PracticeMarkerPage,1
1718905436.75,34.16,0.7431911736773901,0.7593246089083052,-0.016133435250774996,PracticeMarkerPage,1
1718905437.0,34.18,0.7839864902355699,0.758625924904948,0.025360565310959492,PracticeMarkerPage,1
1718905437.25,34.18,0.7839864902355699,0.7581320788934195,0.025854411322644988,PracticeMarkerPage,1
1718905437.5,34.18,0.7839864902355699,0.7578251690785587,0.026161321137620527,PracticeMarkerPage,1
1718905437.75,34.18,0.7839864902355699,0.7576854191840138,0.02630107103223737,PracticeMarkerPage,1
1718905438.0,34.16,0.7431911736773901,0.7576917429241924,-0.014500569266090627,PracticeMarkerPage,1
1718905438.25,34.16,0.7431911736773901,0.7578223014389428,-0.014631127780849098,PracticeMarkerPage,1
1718905438.5,34.16,0.7431911736773901,0.7580550407023784,-0.014863867044326178,PracticeMarkerPage,1
1718905438.75,34.16,0.7431911736773901,0.7583681973490681,-0.015177023691084054,PracticeMarkerPage,1
1718905439.0,34.18,0.7839864902355699,0.7587407628530267,0.02524572736305078,PracticeMarkerPage,1
1718905439.25,34.18,0.7839864902355699,0.7591528975370789,0.024833592678903078,PracticeMarkerPage,1
1718905439.5,34.18,0.7839864902355699,0.7595862875337488,0.02440020268213842,PracticeMarkerPage,1
1718905439.75,34.18,0.7839864902355699,0.7600244396172502,0.02396205059855267,PracticeMarkerPage,1
1718905440.0,34.16,0.7431911736773901,0.7604529107745427,-0.017261737116984623,PracticeMarkerPage,1
1718905440.25,34.16,0.7431911736773901,0.7608594713938249,-0.017668297736305273,PracticeMarkerPage,1
1718905440.5,34.16,0.7431911736773901,0.7612342028759835,-0.01804302921847023,PracticeMarkerPage,1
1718905440.75,34.16,0.7431911736773901,0.7615695321769563,-0.018378358519413766,PracticeMarkerPage,1
1718905441.0,34.18,0.7839864902355699,0.7618602071901873,0.022126283025600147,PracticeMarkerPage,1
1718905441.25,34.18,0.7839864902355699,0.7621032179919787,0.021883272223907315,PracticeMarkerPage,1
1718905441.5,34.18,0.7839864902355699,0.7622976698768666,0.02168882033914761,PracticeMarkerPage,1
1718905441.75,34.18,0.7839864902355699,0.7624446148868909,0.021541875329276906,PracticeMarkerPage,1
1718905442.0,34.16,0.7431911736773901,0.7625468492115638,-0.019355675553401314,PracticeMarkerPage,1
1718905442.25,34.16,0.7431911736773901,0.7626086843446549,-0.01941751068630161,PracticeMarkerPage,1
1718905442.5,34.16,0.7431911736773901,0.7626357001110282,-0.019444526452472587,PracticeMarkerPage,1
1718905442.75,34.16,0.7431911736773901,0.7626344875049605,-0.019443313846196013,PracticeMarkerPage,1
1718905443.0,34.16,0.7431911736773901,0.7626123886566712,-0.01942121499769624,PracticeMarkerPage,1
1718905443.25,34.16,0.7431911736773901,0.7625772402032459,-0.019386066544063524,PracticeMarkerPage,1
1718905443.5,34.16,0.7431911736773901,0.7625371249991523,-0.01934595133977037,PracticeMarkerPage,1
1718905443.75,34.16,0.7431911736773901,0.7625001356205012,-0.01930896196093316,PracticeMarkerPage,1
1718905444.0,34.18,0.7839864902355699,0.7624741516729145,0.021512338545000842,PracticeMarkerPage,1
1718905444.25,34.18,0.7839864902355699,0.7624666316820065,0.021519858536052344,PracticeMarkerPage,1
1718905444.5,34.18,0.7839864902355699,0.7624844194881771,0.021502070729996357,PracticeMarkerPage,1
1718905444.75,34.18,0.7839864902355699,0.7625335646988218,0.0214529255194342,PracticeMarkerPage,1
1718905445.0,34.18,0.7839864902355699,0.7626191569080176,0.021367333310286275,PracticeMarkerPage,1
1718905445.25,34.18,0.7839864902355699,0.762745174019195,0.021241316199120584,PracticeMarkerPage,1
1718905445.5,34.18,0.7839864902355699,0.7629143459650845,0.0210721442532059,PracticeMarkerPage,1
1718905445.75,34.18,0.7839864902355699,0.7631280362318046,0.020858453986424948,PracticeMarkerPage,1
1718905446.0,34.16,0.7431911736773901,0.7633861446649264,-0.020194971004970558,PracticeMarkerPage,1
1718905446.25,34.16,0.7431911736773901,0.7636870358701764,-0.02049586221034384,PracticeMarkerPage,1
1718905446.5,34.16,0.7431911736773901,0.7640274979431321,-0.02083632428344736,PracticeMarkerPage,1
1718905446.75,34.16,0.7431911736773901,0.76440273614008,-0.021211562480561878,PracticeMarkerPage,1
1718905447.0,34.16,0.7431911736773901,0.7648064053854886,-0.021615231726148928,PracticeMarkerPage,1
1718905447.25,34.16,0.7431911736773901,0.7652306842457532,-0.022039510586596707,PracticeMarkerPage,1
1718905447.5,34.16,0.7431911736773901,0.7656663913103446,-0.02247521765136786,PracticeMarkerPage,1
1718905447.75,34.16,0.7431911736773901,0.7661031429843058,-0.022911969325497356,PracticeMarkerPage,1
1718905448.0,34.18,0.7839864902355699,0.7665295497040977,0.01745694051274079,PracticeMarkerPage,1
1718905448.25,34.18,0.7839864902355699,0.7669334457396374,0.017053044477075327,PracticeMarkerPage,1
1718905448.5,34.18,0.7839864902355699,0.7673021462240612,0.016684343992553686,PracticeMarkerPage,1
1718905448.75,34.18,0.7839864902355699,0.7676227240036426,0.016363766212905678,PracticeMarkerPage,1
1718905449.0,34.18,0.7839864902355699,0.7678822983936118,0.016104191822903582,PracticeMarkerPage,1
1718905449.25,34.18,0.7839864902355699,0.7680683279416899,0.015918162274828306,PracticeMarkerPage,1
1718905449.5,34.18,0.7839864902355699,0.768168899745805,0.01581759047075315,PracticeMarkerPage,1
1718905449.75,34.18,0.7839864902355699,0.7681730086102123,0.015813481606422358,PracticeMarkerPage,1
1718905450.0,34.16,0.7431911736773901,0.7680708202060872,-0.024879646547522186,PracticeMarkerPage,1
1718905450.25,34.16,0.7431911736773901,0.7678539132818564,-0.024662739623150572,PracticeMarkerPage,1
1718905450.5,34.16,0.7431911736773901,0.7675154967163087,-0.024324323057434573,PracticeMarkerPage,1
1718905450.75,34.16,0.7431911736773901,0.7670505977405737,-0.023859424081506618,PracticeMarkerPage,1
1718905451.0,34.18,0.7839864902355699,0.7664562179676782,0.017530272249782625,PracticeMarkerPage,1
1718905451.25,34.18,0.7839864902355699,0.765731454043891,0.01825503617379992,PracticeMarkerPage,1
1718905451.5,34.18,0.7839864902355699,0.7648775799169826,0.019108910300949994,PracticeMarkerPage,1
1718905451.75,34.18,0.7839864902355699,0.7638980880421881,0.020088402175992788,PracticeMarkerPage,1
1718905452.0,34.16,0.7431911736773901,0.7627986873910441,-0.019607513730794272,PracticeMarkerPage,1
1718905452.25,34.16,0.7431911736773901,0.7615872568734761,-0.018396083212984436,PracticeMarkerPage,1
1718905452.5,34.16,0.7431911736773901,0.7602737536439181,-0.01708257998319957,PracticeMarkerPage,1
1718905452.75,34.16,0.7431911736773901,0.7588700766442913,-0.015678902983368416,PracticeMarkerPage,1
1718905453.0,34.18,0.7839864902355699,0.7573898865987091,0.02659660362056953,PracticeMarkerPage,1
1718905453.25,34.18,0.7839864902355699,0.7558483845512887,0.028138105668133483,MarketGridChoice,1
1718905453.5,34.18,0.7839864902355699,0.7542620520136986,0.029724438205832752,MarketGridChoice,1
1718905453.75,34.18,0.7839864902355699,0.7526483569352113,0.03133813328439454,MarketGridChoice,1
1718905454.0,34.16,0.7431911736773901,0.7510254310232654,-0.007834257361797776,MarketGridChoice,1
1718905454.25,34.16,0.7431911736773901,0.7494117253251463,-0.006220551663667133,MarketGridChoice,1
1718905454.5,34.16,0.7431911736773901,0.747825652254462,-0.004634478592996951,MarketGridChoice,1
1718905454.75,34.16,0.7431911736773901,0.7462852232180802,-0.0030940495566501493,MarketGridChoice,1
1718905455.0,34.15,0.7227935153983075,0.7448076915252997,-0.02201417614300208,MarketGridChoice,1
1718905455.25,34.15,0.7227935153983075,0.7434092102733262,-0.02061569489108822,MarketGridChoice,1
1718905455.5,34.15,0.7227935153983075,0.7421045144049913,-0.019310999022817178,MarketGridChoice,1
1718905455.75,34.15,0.7227935153983075,0.7409066351817521,-0.018113119799640337,MarketGridChoice,1
1718905456.0,34.16,0.7431911736773901,0.7398266540044867,0.0033645196566527737,MarketGridChoice,1
1718905456.25,34.16,0.7431911736773901,0.738873500978664,0.004317672682433413,MarketGridChoice,1
1718905456.5,34.16,0.7431911736773901,0.7380538020095392,0.005137371651534609,MarketGridChoice,1
1718905456.75,34.16,0.7431911736773901,0.7373717766654511,0.005819396995623039,MarketGridChoice,1
1718905457.0,34.16,0.7431911736773901,0.7368291876597406,0.006361986001362746,MarketGridChoice,1
1718905457.25,34.16,0.7431911736773901,0.7364253416158973,0.006765832045268201,MarketGridChoice,1
1718905457.5,34.16,0.7431911736773901,0.7361571397902485,0.007034033871014677,MarketGridChoice,1
1718905457.75,34.16,0.7431911736773901,0.7360191765958803,0.007171997065517134,MarketGridChoice,1
1718905458.0,34.15,0.7227935153983075,0.736003883050032,-0.01321036766754715,MarketGridChoice,1
1718905458.25,34.15,0.7227935153983075,0.736101711599385,-0.013308196216697852,MarketGridChoice,1
1718905458.5,34.15,0.7227935153983075,0.7363013581122934,-0.013507842729375729,MarketGridChoice,1
1718905458.75,34.15,0.7227935153983075,0.736590016132637,-0.013796500749466072,MarketGridChoice,1
1718905459.0,34.16,0.7431911736773901,0.736953657772697,0.006237515889824909,MarketGridChoice,1
1718905459.25,34.16,0.7431911736773901,0.7373773349330524,0.005813838729744144,MarketGridChoice,1
1718905459.5,34.16,0.7431911736773901,0.737845493958255,0.005345679704812565,MarketGridChoice,1
1718905459.75,34.16,0.7431911736773901,0.7383422964519533,0.004848877211372002,MarketGridChoice,1
1718905460.0,34.16,0.7431911736773901,0.7388519388400454,0.0043392348235142715,MarketGridChoice,1
1718905460.25,34.16,0.7431911736773901,0.7393589633994085,0.0038322102643528963,MarketGridChoice,1
1718905460.5,34.16,0.7431911736773901,0.7398485538417388,0.0033426198221837766,MarketGridChoice,1
1718905460.75,34.16,0.7431911736773901,0.7403068091179019,0.002884364546133833,MarketGridChoice,1
1718905461.0,34.16,0.7431911736773901,0.7407209898448605,0.0024701838192350946,MarketGridChoice,1
1718905461.25,34.16,0.7431911736773901,0.7410797326143508,0.002111441049748427,MarketGridChoice,1
1718905461.5,34.16,0.7431911736773901,0.7413732283840765,0.001817945279969712,MarketGridChoice,1
1718905461.75,34.16,0.7431911736773901,0.7415933621466885,0.0015978115172485393,MarketGridChoice,1
1718905462.0,34.16,0.7431911736773901,0.7417338120918032,0.0014573615719713866,MarketGridChoice,1
1718905462.25,34.16,0.7431911736773901,0.7417901074980667,0.001401066165497373,MarketGridChoice,1
1718905462.5,34.16,0.7431911736773901,0.7417596455953553,0.001431528067957085,MarketGridChoice,1
1718905462.75,34.16,0.7431911736773901,0.7416416686037799,0.0015495050592479833,MarketGridChoice,1
1718905463.0,34.16,0.7431911736773901,0.7414372030704023,0.0017539705923170458,MarketGridChoice,1
1718905463.25,34.16,0.7431911736773901,0.7411489644719025,0.0020422091904936453,MarketGridChoice,1
1718905463.5,34.16,0.7431911736773901,0.7407812308177703,0.0024099428442974614,MarketGridChoice,1
1718905463.75,34.16,0.7431911736773901,0.7403396896595622,0.0028514840021813164,MarketGridChoice,1
1718905464.0,34.16,0.7431911736773901,0.7398312634718965,0.0033599101895349422,MarketGridChoice,1
1718905464.25,34.16,0.7431911736773901,0.7392639188028179,0.003927254858320522,MarketGridChoice,1
1718905464.5,34.16,0.7431911736773901,0.7386464648749528,0.004544708785917008,MarketGridChoice,1
1718905464.75,34.16,0.7431911736773901,0.7379883474311624,0.005202826229467251,MarketGridChoice,1
1718905465.0,34.15,0.7227935153983075,0.7372994435319544,-0.014505928150616078,MarketGridChoice,1
1718905465.25,34.15,0.7227935153983075,0.736589862696748,-0.013796347315585832,MarketGridChoice,1
1718905465.5,34.15,0.7227935153983075,0.735869759210362,-0.01307624382934306,MarketGridChoice,1
1718905465.75,34.15,0.7227935153983075,0.7351491595796437,-0.012355644198735477,MarketGridChoice,1
1718905466.0,34.15,0.7227935153983075,0.7344378080458261,-0.01164429266499789,MarketGridChoice,1
1718905466.25,34.15,0.7227935153983075,0.733745031799403,-0.010951516418625937,MarketGridChoice,1
1718905466.5,34.15,0.7227935153983075,0.7330796262019675,-0.010286110821215735,MarketGridChoice,1
1718905466.75,34.15,0.7227935153983075,0.7324497590052546,-0.00965624362450503,MarketGridChoice,1
1718905467.0,34.16,0.7431911736773901,0.7318628913847472,0.011328282275102717,MarketGridChoice,1
1718905467.25,34.16,0.7431911736773901,0.7313257126803715,0.011865460979513938,MarketGridChoice,1
1718905467.5,34.16,0.7431911736773901,0.7308440851521318,0.012347088507804818,MarketGridChoice,1
1718905467.75,34.16,0.7431911736773901,0.7304229948777521,0.012768178782250679,MarketGridChoice,1
1718905468.0,34.16,0.7431911736773901,0.7300665051613368,0.013124668498746411,MarketGridChoice,1
1718905468.25,34.16,0.7431911736773901,0.7297777094533664,0.013413464206810489,MarketGridChoice,1
1718905468.5,34.16,0.7431911736773901,0.7295586817255826,0.013632491934700553,MarketGridChoice,1
1718905468.75,34.16,0.7431911736773901,0.7294104233953446,0.01378075026505631,MarketGridChoice,1
1718905469.0,34.15,0.7227935153983075,0.7293328071366487,-0.0065392917552027224,MarketGridChoice,1
1718905469.25,34.15,0.7227935153983075,0.7293245191296678,-0.006531003748086147,MarketGridChoice,1
1718905469.5,34.15,0.7227935153983075,0.7293830023733943,-0.006589486991670541,MarketGridChoice,1
1718905469.75,34.15,0.7227935153983075,0.7295044045230421,-0.006710889141171642,MarketGridChoice,1
1718905470.0,34.15,0.7227935153983075,0.7296835342592237,-0.006890018877204384,MarketGridChoice,1
1718905470.25,34.15,0.7227935153983075,0.729913830439635,-0.007120315057468212,MarketGridChoice,1
1718905470.5,34.15,0.7227935153983075,0.7301873482550728,-0.007393832872763967,MarketGridChoice,1
1718905470.75,34.15,0.7227935153983075,0.7304947663618989,-0.007701250979457168,MarketGridChoice,1
1718905471.0,34.16,0.7431911736773901,0.7308254185536388,0.012365755108006105,MarketGridChoice,1
1718905471.25,34.16,0.7431911736773901,0.7311673530279463,0.012023820633804076,MarketGridChoice,1
1718905471.5,34.16,0.7431911736773901,0.7315074217582277,0.011683751903610524,MarketGridChoice,1
1718905471.75,34.16,0.7431911736773901,0.7318314019284815,0.011359771733424777,MarketGridChoice,1
1718905472.0,34.15,0.7227935153983075,0.7321241508359442,-0.009330635453074039,MarketGridChoice,1
1718905472.25,34.15,0.7227935153983075,0.7323697950674442,-0.009576279684550874,MarketGridChoice,1
1718905472.5,34.15,0.7227935153983075,0.7325519540428224,-0.009758438659930665,MarketGridChoice,1
1718905472.75,34.15,0.7227935153983075,0.7326539971262535,-0.009860481743388293,MarketGridChoice,1
1718905473.0,34.15,0.7227935153983075,0.732659332401202,-0.00986581701838777,MarketGridChoice,1
1718905473.25,34.15,0.7227935153983075,0.7325517239020364,-0.009758208519296702,MarketGridChoice,1
1718905473.5,34.15,0.7227935153983075,0.7323156326509274,-0.009522117268285044,MarketGridChoice,1
1718905473.75,34.15,0.7227935153983075,0.731936575342329,-0.009143059959805444,MarketGridChoice,1
1718905474.0,34.15,0.7227935153983075,0.7314014930379563,-0.008607977655571206,MarketGridChoice,1
1718905474.25,34.15,0.7227935153983075,0.7306991208733477,-0.007905605491118269,ForecastPage,1
1718905474.5,34.15,0.7227935153983075,0.7298203486224266,-0.00702683324036656,ForecastPage,1
1718905474.75,34.15,0.7227935153983075,0.728758561106197,-0.005965045724316186,ForecastPage,1
1718905475.0,34.16,0.7431911736773901,0.7275099469491785,0.015681226711599397,ForecastPage,1
1718905475.25,34.16,0.7431911736773901,0.7260737641587867,0.01711740950180174,ForecastPage,1
1718905475.5,34.16,0.7431911736773901,0.7244525514899354,0.018738622170460455,ForecastPage,1
1718905475.75,34.16,0.7431911736773901,0.7226522755904284,0.02053889806977173,ForecastPage,1
1718905476.0,34.15,0.7227935153983075,0.7206824054841575,0.002111109896761953,ForecastPage,1
1718905476.25,34.15,0.7227935153983075,0.7185559079639849,0.004237607416735175,ForecastPage,1
1718905476.5,34.15,0.7227935153983075,0.7162891598156746,0.00650435556484733,ForecastPage,1
1718905476.75,34.15,0.7227935153983075,0.7139017753444723,0.00889174003585497,ForecastPage,1
1718905477.0,34.15,0.7227935153983075,0.7114163503070613,0.011377165073076142,ForecastPage,1
1718905477.25,34.15,0.7227935153983075,0.708858125970511,0.013935389409442353,ForecastPage,1
1718905477.5,34.15,0.7227935153983075,0.7062545795525886,0.01653893582718721,ForecastPage,1
1718905477.75,34.15,0.7227935153983075,0.7036349496719,0.019158565707705903,ForecastPage,1
1718905478.0,34.13,0.6819981988401422,0.7010297075659409,-0.019031508744661293,ForecastPage,1
1718905478.25,34.13,0.6819981988401422,0.6984699866171381,-0.01647178779600922,ForecastPage,1
1718905478.5,34.13,0.6819981988401422,0.6959869840515546,-0.01398878523056465,ForecastPage,1
1718905478.75,34.13,0.6819981988401422,0.693611349452997,-0.011613150632133407,ForecastPage,1
1718905479.0,34.13,0.6819981988401422,0.6913725749316796,-0.0093743761109289,ForecastPage,1
1718905479.25,34.13,0.6819981988401422,0.6892984014359994,-0.007300202615347634,ForecastPage,1
1718905479.5,34.13,0.6819981988401422,0.6874142548875805,-0.005416056067013219,ForecastPage,1
1718905479.75,34.13,0.6819981988401422,0.6857427246645517,-0.00374452584405394,ForecastPage,1
1718905480.0,34.13,0.6819981988401422,0.6843030955619547,-0.002304896741509464,ForecastPage,1
1718905480.25,34.13,0.6819981988401422,0.6831109428102736,-0.0011127439898625958,ForecastPage,1
1718905480.5,34.13,0.6819981988401422,0.6821777981037079,-0.00017959928331167177,ForecastPage,1
1718905480.75,34.13,0.6819981988401422,0.6815108929319752,0.0004873058884261204,ForecastPage,1
1718905481.0,34.13,0.6819981988401422,0.681112983860794,0.0008852149596330883,ForecastPage,1
1718905481.25,34.13,0.6819981988401422,0.6809822627911254,0.0010159360293487154,ForecastPage,1
1718905481.5,34.13,0.6819981988401422,0.6811123536591444,0.0008858451613989022,ForecastPage,1
1718905481.75,34.13,0.6819981988401422,0.6814923955225105,0.0005058032981244964,ForecastPage,1
1718905482.0,34.13,0.6819981988401422,0.6821072105123926,-0.00010901169164344131,ForecastPage,1
1718905482.25,34.13,0.6819981988401422,0.6829375537096876,-0.0009393548888021836,ForecastPage,1
1718905482.5,34.13,0.6819981988401422,0.6839604406214957,-0.0019622418004536565,ForecastPage,1
1718905482.75,34.13,0.6819981988401422,0.6851495465848034,-0.0031513477635857984,ForecastPage,1
1718905483.0,34.13,0.6819981988401422,0.6864756711064589,-0.004477472285048615,ForecastPage,1
1718905483.25,34.13,0.6819981988401422,0.6879072588654354,-0.00590906004381733,ForecastPage,1
1718905483.5,34.13,0.6819981988401422,0.6894109678660408,-0.0074127690442023185,ForecastPage,1
1718905483.75,34.13,0.6819981988401422,0.6909522740594035,-0.008954075237335053,ForecastPage,1
1718905484.0,34.13,0.6819981988401422,0.6924961006762451,-0.010497901853941442,ForecastPage,1
1718905484.25,34.13,0.6819981988401422,0.6940074595796611,-0.012009260757121963,ForecastPage,1
1718905484.5,34.13,0.6819981988401422,0.6954520912083645,-0.013453892385594829,ForecastPage,1
1718905484.75,34.13,0.6819981988401422,0.696797089208253,-0.014798890385262678,ForecastPage,1
1718905485.0,34.15,0.7227935153983075,0.6980114957264795,0.02478201965488287,ForecastPage,1
1718905485.25,34.15,0.7227935153983075,0.6990668536609793,0.023726661720573264,ForecastPage,1
1718905485.5,34.15,0.7227935153983075,0.6999377030101502,0.02285581237157459,ForecastPage,1
1718905485.75,34.15,0.7227935153983075,0.7006020099110843,0.022191505470793772,ForecastPage,1
1718905486.0,34.15,0.7227935153983075,0.7010415189834988,0.021751996398512906,ForecastPage,1
1718905486.25,34.15,0.7227935153983075,0.7012420221206688,0.021551493261454564,ForecastPage,1
1718905486.5,34.15,0.7227935153983075,0.7011935397300678,0.021599975652142535,ForecastPage,1
1718905486.75,34.15,0.7227935153983075,0.7008904134301137,0.021903101952155266,ForecastPage,1
1718905487.0,34.13,0.6819981988401422,0.7003313121501169,-0.018333113325986555,ForecastPage,1
1718905487.25,34.13,0.6819981988401422,0.6995191562568442,-0.017520957432721994,ForecastPage,1
1718905487.5,34.13,0.6819981988401422,0.6984609665598136,-0.016462767735735014,ForecastPage,1
1718905487.75,34.13,0.6819981988401422,0.697167646689371,-0.015169447865370932,ForecastPage,1
1718905488.0,34.13,0.6819981988401422,0.6956537083329088,-0.013655509509018138,ForecastPage,1
1718905488.25,34.13,0.6819981988401422,0.6939369491799011,-0.011938750356145583,ForecastPage,1
1718905488.5,34.13,0.6819981988401422,0.6920380932610495,-0.010039894437448842,ForecastPage,1
1718905488.75,34.13,0.6819981988401422,0.6899804028008542,-0.007982203977422105,ForecastPage,1
1718905489.0,34.13,0.6819981988401422,0.6877892698713507,-0.005791071048094523,ForecastPage,1
1718905489.25,34.13,0.6819981988401422,0.6854917951623246,-0.0034935963392458656,ForecastPage,1
1718905489.5,34.13,0.6819981988401422,0.6831163601793884,-0.0011181613564836563,ForecastPage,1
1718905489.75,34.13,0.6819981988401422,0.6806921982377591,0.0013060005849791813,ForecastPage,1
1718905490.0,34.13,0.6819981988401422,0.6782489688093843,0.0037492300131980096,ForecastPage,1
1718905490.25,34.13,0.6819981988401422,0.6758163391570622,0.006181859665377331,ForecastPage,1
1718905490.5,34.13,0.6819981988401422,0.6734235767830857,0.008574622039225745,ForecastPage,1
1718905490.75,34.13,0.6819981988401422,0.671099156041606,0.01089904278059287,ForecastPage,1
1718905491.0,34.13,0.6819981988401422,0.6688703823009153,0.013127816521186289,ForecastPage,1
1718905491.25,34.13,0.6819981988401422,0.6667630372593376,0.015235161562682535,ForecastPage,1
1718905491.5,34.13,0.6819981988401422,0.6648010493591141,0.01719714946284024,ForecastPage,1
1718905491.75,34.13,0.6819981988401422,0.6630061936273488,0.018992005194554594,ForecastPage,1
1718905492.0,34.11,0.6412028822819624,0.6613978256014387,-0.020194943337751476,ForecastPage,1
1718905492.25,34.11,0.6412028822819624,0.6599926541514121,-0.018789771887746803,ForecastPage,1
1718905492.5,34.11,0.6412028822819624,0.6588045578735195,-0.01760167560986199,ForecastPage,1
1718905492.75,34.11,0.6412028822819624,0.6578444492051055,-0.016641566941441886,ForecastPage,1
1718905493.0,34.11,0.6412028822819624,0.6571201894686615,-0.015917307204978588,ForecastPage,1
1718905493.25,34.11,0.6412028822819624,0.6566365567403495,-0.015433674476634355,ForecastPage,1
1718905493.5,34.11,0.6412028822819624,0.6563952668676521,-0.01519238460389206,ForecastPage,1
1718905493.75,34.11,0.6412028822819624,0.656395046278299,-0.015192164014482045,ForecastPage,1
1718905494.0,34.13,0.6819981988401422,0.6566317535818625,0.025366445240203112,ForecastPage,1
1718905494.25,34.13,0.6819981988401422,0.6570985455133304,0.02489965330881587,ForecastPage,1
1718905494.5,34.13,0.6819981988401422,0.6577860816306252,0.024212117191612856,ForecastPage,1
1718905494.75,34.13,0.6819981988401422,0.6586827614346078,0.0233154373877325,ForecastPage,1
1718905495.0,34.11,0.6412028822819624,0.659774987231962,-0.01857210496768954,ForecastPage,1
1718905495.25,34.11,0.6412028822819624,0.6610474460220346,-0.019844563757641178,ForecastPage,1
1718905495.5,34.11,0.6412028822819624,0.6624834038145778,-0.021280521550056906,ForecastPage,1
1718905495.75,34.11,0.6412028822819624,0.664065005939108,-0.022862123674457068,ForecastPage,1
1718905496.0,34.13,0.6819981988401422,0.6657735770201267,0.01622462180283136,ForecastPage,1
1718905496.25,34.13,0.6819981988401422,0.6675899143939611,0.014408284429116196,ForecastPage,1
1718905496.5,34.13,0.6819981988401422,0.6694945689333325,0.012503629889851417,ForecastPage,1
1718905496.75,34.13,0.6819981988401422,0.6714681076390367,0.010530091184238352,ForecastPage,1
1718905497.0,34.13,0.6819981988401422,0.6734913530215757,0.008506845801773924,ForecastPage,1
1718905497.25,34.13,0.6819981988401422,0.6755455952221894,0.006452603601218097,ForecastPage,1
1718905497.5,34.13,0.6819981988401422,0.6776127739444877,0.004385424878962003,ForecastPage,1
1718905497.75,34.13,0.6819981988401422,0.6796756284896691,0.0023225703338081135,ForecastPage,1
1718905498.0,34.13,0.6819981988401422,0.6817178154165173,0.00028038340697279177,ForecastPage,1
1718905498.25,34.13,0.6819981988401422,0.6837239945032988,-0.0017257956798104853,ForecastPage,1
1718905498.5,34.13,0.6819981988401422,0.6856798847122623,-0.0036816858887907416,ForecastPage,1
1718905498.75,34.13,0.6819981988401422,0.6875722927076883,-0.005574093884248719,ForecastPage,1
1718905499.0,34.13,0.6819981988401422,0.6893891171334251,-0.007390918310032978,ForecastPage,1
1718905499.25,34.13,0.6819981988401422,0.6911193323125506,-0.009121133489220874,ForecastPage,1
1718905499.5,34.13,0.6819981988401422,0.6927529553057433,-0.010754756482490135,ForecastPage,1
1718905499.75,34.13,0.6819981988401422,0.6942810003897745,-0.012282801566611221,ForecastPage,1
1718905500.0,34.15,0.7227935153983075,0.6956954250440319,0.027098090337194472,ForecastPage,1
1718905500.25,34.15,0.7227935153983075,0.6969890715250516,0.02580444385606199,ForecastPage,1
1718905500.5,34.15,0.7227935153983075,0.6981556081298821,0.024637907251109974,ForecastPage,1
1718905500.75,34.15,0.7227935153983075,0.6991894743324406,0.023604041048423438,ForecastPage,1
1718905501.0,34.13,0.6819981988401422,0.7000858340930067,-0.01808763527044013,ForecastPage,1
1718905501.25,34.13,0.6819981988401422,0.7008405416829039,-0.01884234286047165,ForecastPage,1
1718905501.5,34.13,0.6819981988401422,0.7014501241781542,-0.019451925355857783,ForecastPage,1
1718905501.75,34.13,0.6819981988401422,0.7019117842121876,-0.019913585390027574,ForecastPage,1
1718905502.0,34.13,0.6819981988401422,0.702223425564232,-0.02022522674220782,ForecastPage,1
1718905502.25,34.13,0.6819981988401422,0.7023837027208412,-0.020385503898950597,ForecastPage,1
1718905502.5,34.13,0.6819981988401422,0.7023920937918707,-0.020393894970109593,ForecastPage,1
1718905502.75,34.13,0.6819981988401422,0.7022489942481509,-0.020250795426511647,ForecastPage,1
1718905503.0,34.15,0.7227935153983075,0.7019558270558073,0.020837688323887348,ForecastPage,1
1718905503.25,34.15,0.7227935153983075,0.701515163094253,0.021278352285348134,ForecastPage,1
1718905503.5,34.15,0.7227935153983075,0.7009308444290235,0.021862670950503864,ForecastPage,1
1718905503.75,34.15,0.7227935153983075,0.7002081021900217,0.022585413189454902,ForecastPage,1
1718905504.0,34.13,0.6819981988401422,0.6993536605244973,-0.017355461703210378,ForecastPage,1
1718905504.25,34.13,0.6819981988401422,0.6983758183036225,-0.016377619482330172,MarketWaitPage,1
1718905504.5,34.13,0.6819981988401422,0.6972845008478026,-0.015286302026472406,MarketWaitPage,1
1718905504.75,34.13,0.6819981988401422,0.6960912747794643,-0.014093075958061916,MarketWaitPage,1
1718905505.0,34.15,0.7227935153983075,0.6948093201478933,0.02798419523178246,MarketWaitPage,1
1718905505.25,34.15,0.7227935153983075,0.6934533552120614,0.029340160167758964,MarketWaitPage,1
1718905505.5,34.15,0.7227935153983075,0.6920395107795921,0.03075400460040862,MarketWaitPage,1
1718905505.75,34.15,0.7227935153983075,0.690585152838292,0.03220836254192386,MarketWaitPage,1
1718905506.0,34.13,0.6819981988401422,0.6891086543642876,-0.007110455541989601,MarketWaitPage,1
1718905506.25,34.13,0.6819981988401422,0.6876291195329394,-0.00563092071036439,MarketWaitPage,1
1718905506.5,34.13,0.6819981988401422,0.6861660659070438,-0.004167867084166539,MarketWaitPage,1
1718905506.75,34.13,0.6819981988401422,0.6847390723301225,-0.0027408735069236615,MarketWaitPage,1
1718905507.0,34.13,0.6819981988401422,0.6833674020575262,-0.0013692032339931862,MarketWaitPage,1
1718905507.25,34.13,0.6819981988401422,0.682069612037814,-7.141321394154437e-05,MarketWaitPage,1
1718905507.5,34.13,0.6819981988401422,0.6808631601987162,0.0011350386254929713,MarketWaitPage,1
1718905507.75,34.13,0.6819981988401422,0.6797640231144406,0.0022341757100934456,MarketWaitPage,1
1718905508.0,34.13,0.6819981988401422,0.6787863365562871,0.0032118622685515475,MarketWaitPage,1
1718905508.25,34.13,0.6819981988401422,0.677942071169741,0.004056127655373913,RoundResultsPage,1
1718905508.5,34.13,0.6819981988401422,0.6772407548801764,0.0047574439451799145,RoundResultsPage,1
1718905508.75,34.13,0.6819981988401422,0.6766892525966262,0.005308946228931351,RoundResultsPage,1
1718905509.0,34.11,0.6412028822819624,0.6762916123397171,-0.035088730072182606,RoundResultsPage,1
1718905509.25,34.11,0.6412028822819624,0.6760489850414526,-0.03484610277380872,RoundResultsPage,1
1718905509.5,34.11,0.6412028822819624,0.6759596229356777,-0.03475674066797343,RoundResultsPage,1
1718905509.75,34.11,0.6412028822819624,0.6760189587015549,-0.0348160764338392,RoundResultsPage,1
1718905510.0,34.13,0.6819981988401422,0.6762197644336219,0.005778434392238029,RoundResultsPage,1
1718905510.25,34.13,0.6819981988401422,0.6765523862727045,0.005445812553076579,RoundResultsPage,1
1718905510.5,34.13,0.6819981988401422,0.6770050473829202,0.004993151442743709,RoundResultsPage,1
1718905510.75,34.13,0.6819981988401422,0.6775642091411305,0.004433989684383197,RoundResultsPage,1
1718905511.0,34.13,0.6819981988401422,0.6782149780955025,0.0037832207298343747,RoundResultsPage,1
1718905511.25,34.13,0.6819981988401422,0.6789415445400863,0.0030566542850538818,RoundResultsPage,1
1718905511.5,34.13,0.6819981988401422,0.6797276374585249,0.002270561366405483,RoundResultsPage,1
1718905511.75,34.13,0.6819981988401422,0.6805569800876213,0.001441218737093665,RoundResultsPage,1
1718905512.0,34.13,0.6819981988401422,0.6814137304042626,0.0005844684202378821,RoundResultsPage,1
1718905512.25,34.13,0.6819981988401422,0.6822828914130854,-0.00028469258879304515,RoundResultsPage,1
1718905512.5,34.13,0.6819981988401422,0.6831506771794021,-0.0011524783553054085,RoundResultsPage,1
1718905512.75,34.13,0.6819981988401422,0.6840048220916133,-0.0020066232676942963,RoundResultsPage,1
1718905513.0,34.15,0.7227935153983075,0.684834822836116,0.037958692545813355,RoundResultsPage,1
1718905513.25,34.15,0.7227935153983075,0.685632105016164,0.0371614103656365,RoundResultsPage,1
1718905513.5,34.15,0.7227935153983075,0.6863901092260857,0.03640340615561261,RoundResultsPage,1
1718905513.75,34.15,0.7227935153983075,0.6871042946488596,0.03568922073276075,RoundResultsPage,1
1718905514.0,34.13,0.6819981988401422,0.6877720617535606,-0.005773862930163479,RoundResultsPage,1
1718905514.25,34.13,0.6819981988401422,0.6883925992225411,-0.006394400399187178,RoundResultsPage,1
1718905514.5,34.13,0.6819981988401422,0.6889666635753134,-0.006968464751994637,RoundResultsPage,1
1718905514.75,34.13,0.6819981988401422,0.6894963028228965,-0.007498103999611758,RoundResultsPage,1
1718905515.0,34.13,0.6819981988401422,0.6899845376968146,-0.007986338873569391,RoundResultsPage,1
1718905515.25,34.13,0.6819981988401422,0.6904350154611644,-0.008436816637969687,RoundResultsPage,1
1718905515.5,34.13,0.6819981988401422,0.6908516520279059,-0.008853453204776013,RoundResultsPage,1
1718905515.75,34.13,0.6819981988401422,0.6912382780984829,-0.009240079275433345,RoundResultsPage,1
1718905516.0,34.13,0.6819981988401422,0.6915983044144866,-0.009600105591532028,RoundResultsPage,1
1718905516.25,34.13,0.6819981988401422,0.6919344199900707,-0.009936221167223402,RoundResultsPage,1
1718905516.5,34.13,0.6819981988401422,0.6922483354975891,-0.01025013667485844,RoundResultsPage,1
1718905516.75,34.13,0.6819981988401422,0.6925405818677461,-0.010542383045138685,RoundResultsPage,1
1718905517.0,34.13,0.6819981988401422,0.6928103717323794,-0.01081217290989904,RoundResultsPage,1
1718905517.25,34.13,0.6819981988401422,0.6930555286711699,-0.011057329848817486,RoundResultsPage,1
1718905517.5,34.13,0.6819981988401422,0.6932724864155901,-0.011274287593362568,RoundResultsPage,1
1718905517.75,34.13,0.6819981988401422,0.6934563573096869,-0.011458158487577023,RoundResultsPage,1
1718905518.0,34.13,0.6819981988401422,0.693601066526007,-0.011602867704003685,RoundResultsPage,1
1718905518.25,34.13,0.6819981988401422,0.6936995458867404,-0.01170134706482976,RoundResultsPage,1
1718905518.5,34.13,0.6819981988401422,0.693743978747885,-0.011745779926050956,RoundResultsPage,1
1718905518.75,34.13,0.6819981988401422,0.693726085372766,-0.011727886550992342,RoundResultsPage,1
1718905519.0,34.15,0.7227935153983075,0.6936374366567328,0.029156078723162396,RoundResultsPage,1
1718905519.25,34.15,0.7227935153983075,0.6934697830709587,0.02932373230890952,RoundResultsPage,1
1718905519.5,34.15,0.7227935153983075,0.6932153853577983,0.0295781300220584,RoundResultsPage,1
1718905519.75,34.15,0.7227935153983075,0.6928673338765505,0.029926181503307583,RoundResultsPage,1
1718905520.0,34.13,0.6819981988401422,0.692419844532222,-0.010421645710517256,RoundResultsPage,1
1718905520.25,34.13,0.6819981988401422,0.6918685207955174,-0.009870321973792943,RiskPage1,1
1718905520.5,34.13,0.6819981988401422,0.6912105732513456,-0.0092123744295966,RiskPage1,1
1718905520.75,34.13,0.6819981988401422,0.6904449902046704,-0.008446791382893833,RiskPage1,1
1718905521.0,34.15,0.7227935153983075,0.6895726549933117,0.03322086038666043,RiskPage1,1
1718905521.25,34.15,0.7227935153983075,0.6885964077561327,0.03419710762387359,RiskPage1,1
1718905521.5,34.15,0.7227935153983075,0.6875210514865496,0.035272463893497155,RiskPage1,1
1718905521.75,34.15,0.7227935153983075,0.6863533042639394,0.03644021111615616,RiskPage1,1
1718905522.0,34.11,0.6412028822819624,0.6851017015300245,-0.043898819266216096,RiskPage1,1
1718905522.25,34.11,0.6412028822819624,0.6837764540037017,-0.042573571739826024,RiskPage1,1
1718905522.5,34.11,0.6412028822819624,0.6823892680927811,-0.041186385828828886,RiskPage1,1
1718905522.75,34.11,0.6412028822819624,0.6809531362860984,-0.03975025402205981,RiskPage1,1
1718905523.0,34.13,0.6819981988401422,0.6794821049441371,0.0025160938781784437,RiskPage1,1
1718905523.25,34.13,0.6819981988401422,0.6779910262687829,0.0040071725536406505,RiskPage1,1
1718905523.5,34.13,0.6819981988401422,0.6764953002681153,0.0055028985544264344,RiskPage1,1
1718905523.75,34.13,0.6819981988401422,0.6750106115170355,0.006987587305632349,RiskPage1,1
1718905524.0,34.13,0.6819981988401422,0.673552664667997,0.00844553415480276,RiskPage1,1
1718905524.25,34.13,0.6819981988401422,0.6721369221072193,0.009861276715716016,RiskPage1,1
1718905524.5,34.13,0.6819981988401422,0.6707783469085495,0.011219851914521982,RiskPage1,1
1718905524.75,34.13,0.6819981988401422,0.6694911542791571,0.01250704454404869,RiskPage1,1
1718905525.0,34.13,0.6819981988401422,0.6682885749576722,0.013709623865664657,RiskPage1,1
1718905525.25,34.13,0.6819981988401422,0.6671826344382373,0.014815564385226545,RiskPage2,1
1718905525.5,34.13,0.6819981988401422,0.6661839523618259,0.015814246461759364,RiskPage2,1
1718905525.75,34.13,0.6819981988401422,0.6653015668351839,0.016696631988516328,RiskPage2,1
1718905526.0,34.11,0.6412028822819624,0.6645427886924448,-0.02333990642681625,RiskPage2,1
1718905526.25,34.11,0.6412028822819624,0.6639130906821042,-0.022710208416375794,RiskPage2,1
1718905526.5,34.11,0.6412028822819624,0.6634160361263567,-0.022213153860538667,RiskPage2,1
1718905526.75,34.11,0.6412028822819624,0.6630532506799626,-0.021850368414067813,RiskPage2,1
1718905527.0,34.11,0.6412028822819624,0.6628244394009666,-0.021621557135010856,RiskPage2,1
1718905527.25,34.11,0.6412028822819624,0.6627274495115365,-0.021524567245537935,RiskPage2,1
1718905527.5,34.11,0.6412028822819624,0.662758377122035,-0.021555494856011746,RiskPage2,1
1718905527.75,34.11,0.6412028822819624,0.6629117140032702,-0.021708831737238234,RiskPage2,1
1718905528.0,34.13,0.6819981988401422,0.6631805284217818,0.018817670402427253,RiskPage2,1
1718905528.25,34.13,0.6819981988401422,0.6635566722999061,0.01844152652429351,RiskPage2,1
1718905528.5,34.13,0.6819981988401422,0.664031005707844,0.01796719311634449,RiskPage2,1
1718905528.75,34.13,0.6819981988401422,0.6645936290762054,0.017404569747974788,RiskPage2,1
1718905529.0,34.13,0.6819981988401422,0.6652341135949845,0.016764085229194696,RiskPage2,1
1718905529.25,34.13,0.6819981988401422,0.6659417210077522,0.01605647781643672,RiskPage2,1
1718905529.5,34.13,0.6819981988401422,0.6667056053124866,0.015292593511726023,RiskPage2,1
1718905529.75,34.13,0.6819981988401422,0.6675149905970008,0.014483208227251661,RiskPage2,1
1718905530.0,34.13,0.6819981988401422,0.6683593212099102,0.01363887761439964,RiskPage2,1
1718905530.25,34.13,0.6819981988401422,0.6692283825421365,0.012769816282248036,RiskPage3,1
1718905530.5,34.13,0.6819981988401422,0.6701123927198531,0.011885806104621992,RiskPage3,1
1718905530.75,34.13,0.6819981988401422,0.6710020673452913,0.010996131479289123,RiskPage3,1
1718905531.0,34.11,0.6412028822819624,0.6718886609325184,-0.030685778665999322,RiskPage3,1
1718905531.25,34.11,0.6412028822819624,0.6727639897482448,-0.031561107481596365,RiskPage3,1
1718905531.5,34.11,0.6412028822819624,0.6736204412846779,-0.032417559017892214,RiskPage3,1
1718905531.75,34.11,0.6412028822819624,0.6744509755170064,-0.033248093250079096,RiskPage3,1
1718905532.0,34.13,0.6819981988401422,0.6752491224727564,0.006749076352492122,RiskPage3,1
1718905532.25,34.13,0.6819981988401422,0.676008979602715,0.0059892192226698795,RiskPage3,1
1718905532.5,34.13,0.6819981988401422,0.676725211201486,0.005272987624025848,RiskPage3,1
1718905532.75,34.13,0.6819981988401422,0.6773930508960946,0.004605147929531775,RiskPage3,1
1718905533.0,34.13,0.6819981988401422,0.6780083071657494,0.003989891659977216,RiskPage3,1
1718905533.25,34.13,0.6819981988401422,0.6785673710546423,0.00343082777116976,RiskPage3,1
1718905533.5,34.13,0.6819981988401422,0.6790672247015553,0.002930974124327445,RiskPage3,1
1718905533.75,34.13,0.6819981988401422,0.6795054490060959,0.0024927498198441056,RiskPage3,1
1718905534.0,34.13,0.6819981988401422,0.679880228642076,0.0021179701839101166,RiskPage3,1
1718905534.25,34.13,0.6819981988401422,0.6801903526763733,0.0018078461496503482,RiskPage3,1
1718905534.5,34.13,0.6819981988401422,0.6804352092238328,0.001562989602222332,RiskPage3,1
1718905534.75,34.13,0.6819981988401422,0.6806147728373169,0.0013834259887666243,RiskPage3,1
1718905535.0,34.13,0.6819981988401422,0.6807295836728753,0.001268615153235837,RiskPage3,1
1718905535.25,34.13,0.6819981988401422,0.6807807178626707,0.0012174809634691412,RiskPage3,1
1718905535.5,34.13,0.6819981988401422,0.6807697489551123,0.001228449871059134,RiskPage3,1
1718905535.75,34.13,0.6819981988401422,0.6806987007272778,0.001299498098930037,RiskPage3,1
1718905536.0,34.13,0.6819981988401422,0.6805699921254736,0.0014282067007767173,RiskPage3,1
1718905536.25,34.13,0.6819981988401422,0.680386375533112,0.0016118232931883391,RiskPage4,1
1718905536.5,34.13,0.6819981988401422,0.6801508699888761,0.0018473288374825912,RiskPage4,1
1718905536.75,34.13,0.6819981988401422,0.6798666913702459,0.0021315074561794505,RiskPage4,1
1718905537.0,34.13,0.6819981988401422,0.6795371819050561,0.0024610169214433235,RiskPage4,1
1718905537.25,34.13,0.6819981988401422,0.6791657416628841,0.0028324571636951816,RiskPage4,1
1718905537.5,34.13,0.6819981988401422,0.6787557648930681,0.0032424339335943037,RiskPage4,1
1718905537.75,34.13,0.6819981988401422,0.6783105841992217,0.0036876146275241,RiskPage4,1
1718905538.0,34.13,0.6819981988401422,0.6778334255508129,0.004164773276013271,RiskPage4,1
1718905538.25,34.13,0.6819981988401422,0.6773273770072462,0.004670821819653895,RiskPage4,1
1718905538.5,34.13,0.6819981988401422,0.6767953737420395,0.005202825084924859,RiskPage4,1
1718905538.75,34.13,0.6819981988401422,0.676240201473432,0.005757997353583644,RiskPage4,1
1718905539.0,34.11,0.6412028822819624,0.675664519698678,-0.0344616374298065,RiskPage4,1
1718905539.25,34.11,0.6412028822819624,0.6750709051572363,-0.03386802288834703,RiskPage4,1
1718905539.5,34.11,0.6412028822819624,0.674461914689987,-0.033259032421099496,RiskPage4,1
1718905539.75,34.11,0.6412028822819624,0.6738401651340985,-0.03263728286523385,RiskPage4,1
1718905540.0,34.13,0.6819981988401422,0.6732084261854376,0.008789772641561833,RiskPage4,1
1718905540.25,34.13,0.6819981988401422,0.6725697204463081,0.009428478380622631,RiskPage4,1
1718905540.5,34.13,0.6819981988401422,0.6719274233855445,0.010070775441292663,RiskPage4,1
1718905540.75,34.13,0.6819981988401422,0.6712853548946227,0.010712843932095071,RiskPage4,1
1718905541.0,34.13,0.6819981988401422,0.6706478536844126,0.011350345142161052,RiskPage4,1
1718905541.25,34.13,0.6819981988401422,0.6700198259935242,0.011978372832881954,PreMarketWait,2
1718905541.5,34.13,0.6819981988401422,0.6694067609483141,0.012591437877903483,PreMarketWait,2
1718905541.75,34.13,0.6819981988401422,0.668814706353305,0.013183492472706553,PreMarketWait,2
1718905542.0,34.13,0.6819981988401422,0.6682502006031947,0.013747998222597632,PreMarketWait,2
1718905542.25,34.13,0.6819981988401422,0.667720158688301,0.014278040137263736,PreMarketWait,2
1718905542.5,34.13,0.6819981988401422,0.6672317128025602,0.014766486022773528,PreMarketWait,2
1718905542.75,34.13,0.6819981988401422,0.666792010739773,0.015206188085331262,PreMarketWait,2
1718905543.0,34.13,0.6819981988401422,0.6664079779569159,0.015590220867965392,PreMarketWait,2
1718905543.25,34.13,0.6819981988401422,0.6660860517650667,0.015912147059602092,PreMarketWait,2
1718905543.5,34.13,0.6819981988401422,0.6658318984460294,0.016166300378441537,PreMarketWait,2
1718905543.75,34.13,0.6819981988401422,0.6656501260487822,0.016348072775510265,PreMarketWait,2
1718905544.0,34.11,0.6412028822819624,0.6655440070534946,-0.02434112478753575,PreMarketWait,2
1718905544.25,34.11,0.6412028822819624,0.6655152258613182,-0.024312343595483378,PreMarketWait,2
1718905544.5,34.11,0.6412028822819624,0.6655636660485178,-0.02436078378277332,PreMarketWait,2
1718905544.75,34.11,0.6412028822819624,0.6656872514291526,-0.02448436916346199,PreMarketWait,2
1718905545.0,34.11,0.6412028822819624,0.665881853193247,-0.02467897092757181,PreMarketWait,2
1718905545.25,34.11,0.6412028822819624,0.6661412728117898,-0.024938390546090747,MarketGridChoice,2
1718905545.5,34.11,0.6412028822819624,0.6664573071883616,-0.025254424922600317,MarketGridChoice,2
1718905545.75,34.11,0.6412028822819624,0.6668198988971752,-0.025617016631315832,MarketGridChoice,2
1718905546.0,34.13,0.6819981988401422,0.667217370503751,0.014780828320418438,MarketGridChoice,2
1718905546.25,34.13,0.6819981988401422,0.667636738144015,0.014361460680311671,MarketGridChoice,2
1718905546.5,34.13,0.6819981988401422,0.6680640959529393,0.013934102871564857,MarketGridChoice,2
1718905546.75,34.13,0.6819981988401422,0.6684850597557785,0.01351313906891494,MarketGridChoice,2
1718905547.0,34.11,0.6412028822819624,0.6688852557598566,-0.02768237349314956,MarketGridChoice,2
1718905547.25,34.11,0.6412028822819624,0.669250837822631,-0.028047955555734368,MarketGridChoice,2
1718905547.5,34.11,0.6412028822819624,0.6695690151747341,-0.028366132907659273,MarketGridChoice,2
1718905547.75,34.11,0.6412028822819624,0.6698285712009617,-0.028625688933726395,MarketGridChoice,2
1718905548.0,34.13,0.6819981988401422,0.6700203530486518,0.011977845776901423,MarketGridChoice,2
1718905548.25,34.13,0.6819981988401422,0.6701377115523289,0.011860487273336428,MarketGridChoice,2
1718905548.5,34.13,0.6819981988401422,0.6701768714108852,0.01182132741486348,MarketGridChoice,2
1718905548.75,34.13,0.6819981988401422,0.670137212906789,0.011860985919012535,MarketGridChoice,2
1718905549.0,34.15,0.7227935153983075,0.6700214488342889,0.052772066549699403,MarketGridChoice,2
1718905549.25,34.15,0.7227935153983075,0.6698356837317508,0.052957831652228685,MarketGridChoice,2
1718905549.5,34.15,0.7227935153983075,0.6695893469251235,0.053204168458818105,MarketGridChoice,2
1718905549.75,34.15,0.7227935153983075,0.6692949961292081,0.05349851925466837,MarketGridChoice,2
1718905550.0,34.13,0.6819981988401422,0.6689679941701854,0.013030204655435411,MarketGridChoice,2
1718905550.25,34.13,0.6819981988401422,0.6686260674413232,0.013372131384184194,MarketGridChoice,2
1718905550.5,34.13,0.6819981988401422,0.668288760575134,0.013709438250239733,MarketGridChoice,2
1718905550.75,34.13,0.6819981988401422,0.6679768070985398,0.014021391726682021,MarketGridChoice,2
1718905551.0,34.11,0.6412028822819624,0.6677114401810442,-0.026508557914171116,MarketGridChoice,2
1718905551.25,34.11,0.6412028822819624,0.6675136707285948,-0.02631078846190622,MarketGridChoice,2
1718905551.5,34.11,0.6412028822819624,0.6674035618483423,-0.026200679581852508,MarketGridChoice,2
1718905551.75,34.11,0.6412028822819624,0.6673995290288155,-0.026196646762537933,MarketGridChoice,2
1718905552.0,34.11,0.6412028822819624,0.6675176942552397,-0.026314811989186088,MarketGridChoice,2
1718905552.25,34.11,0.6412028822819624,0.667771319815148,-0.026568437549328368,MarketGridChoice,2
1718905552.5,34.11,0.6412028822819624,0.6681703439262753,-0.026967461660696686,MarketGridChoice,2
1718905552.75,34.11,0.6412028822819624,0.6687210357619464,-0.027518153496612293,MarketGridChoice,2
1718905553.0,34.11,0.6412028822819624,0.6694257822006837,-0.02822289993559327,MarketGridChoice,2
1718905553.25,34.11,0.6412028822819624,0.6702830129333937,-0.029080130668541832,MarketGridChoice,2
1718905553.5,34.11,0.6412028822819624,0.6712872646729743,-0.03008438240835088,MarketGridChoice,2
1718905553.75,34.11,0.6412028822819624,0.672429379381,-0.031226497116589758,MarketGridChoice,2
1718905554.0,34.13,0.6819981988401422,0.6736968259126109,0.008301372909786418,MarketGridChoice,2
1718905554.25,34.13,0.6819981988401422,0.675074129544981,0.006924069277248274,MarketGridChoice,2
1718905554.5,34.13,0.6819981988401422,0.6765433897491292,0.005454809072960606,MarketGridChoice,2
1718905554.75,34.13,0.6819981988401422,0.6780848635063407,0.003913335315641966,MarketGridChoice,2
1718905555.0,34.15,0.7227935153983075,0.6796775896081194,0.043115925771956706,MarketGridChoice,2
1718905555.25,34.15,0.7227935153983075,0.6813000287756413,0.041493486604400345,MarketGridChoice,2
1718905555.5,34.15,0.7227935153983075,0.6829306950721633,0.03986282030788146,MarketGridChoice,2
1718905555.75,34.15,0.7227935153983075,0.6845487558650529,0.03824475951502984,MarketGridChoice,2
1718905556.0,34.13,0.6819981988401422,0.6861345803480039,-0.0041363815260186745,MarketGridChoice,2
1718905556.25,34.13,0.6819981988401422,0.687670220104443,-0.005672021282367455,MarketGridChoice,2
1718905556.5,34.13,0.6819981988401422,0.689139809079146,-0.00714161025696515,MarketGridChoice,2
1718905556.75,34.13,0.6819981988401422,0.6905298743406553,-0.008531675518361845,MarketGridChoice,2
1718905557.0,34.15,0.7227935153983075,0.691829552952118,0.030963962428453635,MarketGridChoice,2
1718905557.25,34.15,0.7227935153983075,0.6930307140133912,0.029762801367286717,MarketGridChoice,2
1718905557.5,34.15,0.7227935153983075,0.6941279884586145,0.028665526922156903,MarketGridChoice,2
1718905557.75,34.15,0.7227935153983075,0.6951187124703772,0.02767480291046905,MarketGridChoice,2
1718905558.0,34.13,0.6819981988401422,0.6960027933354644,-0.014004594512733167,MarketGridChoice,2
1718905558.25,34.13,0.6819981988401422,0.6967825090750138,-0.014784310252261408,MarketGridChoice,2
1718905558.5,34.13,0.6819981988401422,0.697462255040992,-0.015464056218250609,MarketGridChoice,2
1718905558.75,34.13,0.6819981988401422,0.6980482516986667,-0.01605005287596904,MarketGridChoice,2
1718905559.0,34.11,0.6412028822819624,0.698548227899625,-0.05734534563518208,MarketGridChoice,2
1718905559.25,34.11,0.6412028822819624,0.6989710930823189,-0.05776821081797874,MarketGridChoice,2
1718905559.5,34.11,0.6412028822819624,0.6993266101093328,-0.058123727845118996,MarketGridChoice,2
1718905559.75,34.11,0.6412028822819624,0.6996250780504806,-0.05842219578641113,MarketGridChoice,2
1718905560.0,34.16,0.7431911736773901,0.6998770314358221,0.04331414222351872,MarketGridChoice,2
1718905560.25,34.16,0.7431911736773901,0.7000929597130561,0.043098213946123023,MarketGridChoice,2
1718905560.5,34.16,0.7431911736773901,0.7002830482704655,0.042908125388552334,MarketGridChoice,2
1718905560.75,34.16,0.7431911736773901,0.7004569407871608,0.04273423287170146,MarketGridChoice,2
1718905561.0,34.15,0.7227935153983075,0.7006235220288297,0.022169993350804027,MarketGridChoice,2
1718905561.25,34.15,0.7227935153983075,0.7007907204753557,0.02200279490414385,MarketGridChoice,2
1718905561.5,34.15,0.7227935153983075,0.7009653311179204,0.021828184261456794,MarketGridChoice,2
1718905561.75,34.15,0.7227935153983075,0.7011528600815857,0.021640655297678706,MarketGridChoice,2
1718905562.0,34.13,0.6819981988401422,0.7013573940982051,-0.01935919527721215,MarketGridChoice,2
1718905562.25,34.13,0.6819981988401422,0.701581499000103,-0.019583300179214044,MarketGridChoice,2
1718905562.5,34.13,0.6819981988401422,0.7018261521100733,-0.019827953289290635,MarketGridChoice,2
1718905562.75,34.13,0.6819981988401422,0.7020907135192647,-0.020092514698594494,MarketGridChoice,2
1718905563.0,34.13,0.6819981988401422,0.7023729407111443,-0.020374741890594922,MarketGridChoice,2
1718905563.25,34.13,0.6819981988401422,0.7026690498441437,-0.020670851023724235,MarketGridChoice,2
1718905563.5,34.13,0.6819981988401422,0.7029738253654007,-0.020975626545119266,MarketGridChoice,2
1718905563.75,34.13,0.6819981988401422,0.7032807776577077,-0.021282578837569507,MarketGridChoice,2
1718905564.0,34.15,0.7227935153983075,0.7035823463046765,0.019211169073481985,MarketGridChoice,2
1718905564.25,34.15,0.7227935153983075,0.7038701444811328,0.018923370896882605,MarketGridChoice,2
1718905564.5,34.15,0.7227935153983075,0.7041352381090956,0.018658277268782143,MarketGridChoice,2
1718905564.75,34.15,0.7227935153983075,0.7043684518947637,0.01842506348298558,MarketGridChoice,2
1718905565.0,34.13,0.6819981988401422,0.7045606932341487,-0.02256249441468029,MarketGridChoice,2
1718905565.25,34.13,0.6819981988401422,0.7047032842125045,-0.02270508539313616,MarketGridChoice,2
1718905565.5,34.13,0.6819981988401422,0.7047882914348659,-0.02279009261558016,MarketGridChoice,2
1718905565.75,34.13,0.6819981988401422,0.7048088431235487,-0.022810644304326142,MarketGridChoice,2
1718905566.0,34.15,0.7227935153983075,0.70475942277818,0.018034092599165486,MarketGridChoice,2
1718905566.25,34.15,0.7227935153983075,0.7046361287775027,0.018157386599822425,ForecastPage,2
1718905566.5,34.15,0.7227935153983075,0.7044368897348355,0.01835662564249064,ForecastPage,2
1718905566.75,34.15,0.7227935153983075,0.7041616263264108,0.01863188905093616,ForecastPage,2
1718905567.0,34.15,0.7227935153983075,0.7038123517583301,0.018981163619055164,ForecastPage,2
1718905567.25,34.15,0.7227935153983075,0.7033932049975713,0.019400310379867485,ForecastPage,2
1718905567.5,34.15,0.7227935153983075,0.7029104132604088,0.019883102117095527,ForecastPage,2
1718905567.75,34.15,0.7227935153983075,0.7023721828763674,0.020421332501211434,ForecastPage,2
1718905568.0,34.13,0.6819981988401422,0.7017885203570736,-0.01979032153757984,ForecastPage,2
1718905568.25,34.13,0.6819981988401422,0.7011709881235776,-0.01917278930400097,ForecastPage,2
1718905568.5,34.13,0.6819981988401422,0.7005324017218566,-0.01853420290219715,ForecastPage,2
1718905568.75,34.13,0.6819981988401422,0.6998864773634953,-0.01788827854375494,ForecastPage,2
1718905569.0,34.15,0.7227935153983075,0.6992474402189819,0.02354607515900215,ForecastPage,2
1718905569.25,34.15,0.7227935153983075,0.6986296051013783,0.02416391027668161,ForecastPage,2
1718905569.5,34.15,0.7227935153983075,0.6980469421007874,0.02474657327734623,ForecastPage,2
1718905569.75,34.15,0.7227935153983075,0.6975126404516965,0.025280874926510804,ForecastPage,2
1718905570.0,34.13,0.6819981988401422,0.6970386844557256,-0.01504048563560734,ForecastPage,2
1718905570.25,34.13,0.6819981988401422,0.6966354555692748,-0.014637256749074776,ForecastPage,2
1718905570.5,34.13,0.6819981988401422,0.6963113746601336,-0.014313175839843517,ForecastPage,2
1718905570.75,34.13,0.6819981988401422,0.6960725977951218,-0.014074398974729743,ForecastPage,2
1718905571.0,34.13,0.6819981988401422,0.6959227776546021,-0.013924578834092885,ForecastPage,2
1718905571.25,34.13,0.6819981988401422,0.6958629007772889,-0.01386470195664398,ForecastPage,2
1718905571.5,34.13,0.6819981988401422,0.6958912083922544,-0.013893009571452767,ForecastPage,2
1718905571.75,34.13,0.6819981988401422,0.6960032057082008,-0.014005006887219805,ForecastPage,2
1718905572.0,34.13,0.6819981988401422,0.6961917613312298,-0.014193562510045287,ForecastPage,2
1718905572.25,34.13,0.6819981988401422,0.6964472951021662,-0.014449096280752985,ForecastPage,2
1718905572.5,34.13,0.6819981988401422,0.6967580492134253,-0.01475985039175843,ForecastPage,2
1718905572.75,34.13,0.6819981988401422,0.6971104341141182,-0.015112235292173766,ForecastPage,2
1718905573.0,34.13,0.6819981988401422,0.6974894375721805,-0.015491238749935781,ForecastPage,2
1718905573.25,34.13,0.6819981988401422,0.6978790824670703,-0.01588088364450409,ForecastPage,2
1718905573.5,34.13,0.6819981988401422,0.6982629165715355,-0.01626471774862881,ForecastPage,2
1718905573.75,34.13,0.6819981988401422,0.6986245158843648,-0.016626317061100196,ForecastPage,2
1718905574.0,34.16,0.7431911736773901,0.6989479821387349,0.04424319152215186,ForecastPage,2
1718905574.25,34.16,0.7431911736773901,0.6992184150713665,0.04397275858990994,ForecastPage,2
1718905574.5,34.16,0.7431911736773901,0.6994223410131408,0.04376883264853924,ForecastPage,2
1718905574.75,34.16,0.7431911736773901,0.6995480814055033,0.043643092256592186,ForecastPage,2
1718905575.0,34.15,0.7227935153983075,0.699586047898519,0.02320746748491773,ForecastPage,2
1718905575.25,34.15,0.7227935153983075,0.6995289545495829,0.023264560834280905,ForecastPage,2
1718905575.5,34.15,0.7227935153983075,0.6993719420138507,0.023421573370437248,ForecastPage,2
1718905575.75,34.15,0.7227935153983075,0.6991126131529054,0.023680902231796395,ForecastPage,2
1718905576.0,34.13,0.6819981988401422,0.6987509838568596,-0.016752785029927234,ForecastPage,2
1718905576.25,34.13,0.6819981988401422,0.6982893567921256,-0.016291157964822438,ForecastPage,2
1718905576.5,34.13,0.6819981988401422,0.6977321290222259,-0.01573393019458428,ForecastPage,2
1718905576.75,34.13,0.6819981988401422,0.6970855468374838,-0.015087348009543209,ForecastPage,2
1718905577.0,34.13,0.6819981988401422,0.6963574225904676,-0.014359223762274453,ForecastPage,2
1718905577.25,34.13,0.6819981988401422,0.6955568288791822,-0.013558630050789033,ForecastPage,2
1718905577.5,34.13,0.6819981988401422,0.6946937851347118,-0.012695586306177169,ForecastPage,2
1718905577.75,34.13,0.6819981988401422,0.6937789506793577,-0.011780751850744973,ForecastPage,2
1718905578.0,34.13,0.6819981988401422,0.6928233367610837,-0.010825137932460385,ForecastPage,2
1718905578.25,34.13,0.6819981988401422,0.691838048073134,-0.009839849244570525,ForecastPage,2
1718905578.5,34.13,0.6819981988401422,0.6908340619598653,-0.008835863131432763,ForecastPage,2
1718905578.75,34.13,0.6819981988401422,0.6898220510090587,-0.007823852180827453,ForecastPage,2
1718905579.0,34.13,0.6819981988401422,0.6888122521467586,-0.0068140533187961965,ForecastPage,2
1718905579.25,34.13,0.6819981988401422,0.6878143827837222,-0.0058161839560926035,ForecastPage,2
1718905579.5,34.13,0.6819981988401422,0.6868376021045152,-0.004839403277277986,ForecastPage,2
1718905579.75,34.13,0.6819981988401422,0.685890513323531,-0.0038923144967400744,ForecastPage,2
1718905580.0,34.13,0.6819981988401422,0.6849812007298144,-0.0029830019035166763,ForecastPage,2
1718905580.25,34.13,0.6819981988401422,0.6841172936682832,-0.002119094842518144,ForecastPage,2
1718905580.5,34.13,0.6819981988401422,0.683306048313307,-0.001307849488105438,ForecastPage,2
1718905580.75,34.13,0.6819981988401422,0.6825544372271329,-0.0005562384025155724,ForecastPage,2
1718905581.0,34.13,0.6819981988401422,0.681869236297132,0.0001289625268919006,ForecastPage,2
1718905581.25,34.13,0.6819981988401422,0.6812570987406431,0.0007411000827904453,ForecastPage,2
1718905581.5,34.13,0.6819981988401422,0.6807246064747138,0.001273592348145146,ForecastPage,2
1718905581.75,34.13,0.6819981988401422,0.6802782902831821,0.0017199085391301121,ForecastPage,2
1718905582.0,34.15,0.7227935153983075,0.6799246118809092,0.042868903499060626,ForecastPage,2
1718905582.25,34.15,0.7227935153983075,0.6796699031701082,0.04312361220940237,ForecastPage,2
1718905582.5,34.15,0.7227935153983075,0.6795202606798119,0.04327325469929422,ForecastPage,2
1718905582.75,34.15,0.7227935153983075,0.6794813963002363,0.04331211907852463,ForecastPage,2
1718905583.0,34.13,0.6819981988401422,0.6795584488109507,0.002439750009362328,ForecastPage,2
1718905583.25,34.13,0.6819981988401422,0.6797557641039775,0.0022424347161167056,ForecastPage,2
1718905583.5,34.13,0.6819981988401422,0.6800766551051303,0.001921543714807919,ForecastPage,2
1718905583.75,34.13,0.6819981988401422,0.6805231548826526,0.0014750439371899442,ForecastPage,2
1718905584.0,34.11,0.6412028822819624,0.6810957780465666,-0.039892895784942276,ForecastPage,2
1718905584.25,34.11,0.6412028822819624,0.6817933061246146,-0.04059042386297472,ForecastPage,2
1718905584.5,34.11,0.6412028822819624,0.6826126120871371,-0.0414097298254309,ForecastPage,2
1718905584.75,34.11,0.6412028822819624,0.6835485376118287,-0.04234565535000885,ForecastPage,2
1718905585.0,34.13,0.6819981988401422,0.6845938341568432,-0.0025956353366861223,ForecastPage,2
1718905585.25,34.13,0.6819981988401422,0.685739175673019,-0.003740976852664387,ForecastPage,2
1718905585.5,34.13,0.6819981988401422,0.6869732471271305,-0.004975048306541975,ForecastPage,2
1718905585.75,34.13,0.6819981988401422,0.6882829092296823,-0.006284710408828456,ForecastPage,2
1718905586.0,34.13,0.6819981988401422,0.6896534361117936,-0.007655237290648268,ForecastPage,2
1718905586.25,34.13,0.6819981988401422,0.6910688193447271,-0.009070620523270111,ForecastPage,2
1718905586.5,34.13,0.6819981988401422,0.6925121287440332,-0.010513929922251242,ForecastPage,2
1718905586.75,34.13,0.6819981988401422,0.6939659179162352,-0.011967719094122205,ForecastPage,2
1718905587.0,34.15,0.7227935153983075,0.6954126605525673,0.027380854828039383,ForecastPage,2
1718905587.25,34.15,0.7227935153983075,0.6968352021197751,0.025958313261149904,ForecastPage,2
1718905587.5,34.15,0.7227935153983075,0.6982172109065453,0.02457630447468016,ForecastPage,2
1718905587.75,34.15,0.7227935153983075,0.6995436123886036,0.023249902992896906,ForecastPage,2
1718905588.0,34.13,0.6819981988401422,0.7008009915443212,-0.018802792720743457,ForecastPage,2
1718905588.25,34.13,0.6819981988401422,0.7019779489775916,-0.019979750153809143,ForecastPage,2
1718905588.5,34.13,0.6819981988401422,0.7030653983292452,-0.02106719950529894,ForecastPage,2
1718905588.75,34.13,0.6819981988401422,0.7040567943385856,-0.02205859551451793,ForecastPage,2
1718905589.0,34.16,0.7431911736773901,0.7049482829819999,0.03824289067939446,ForecastPage,2
1718905589.25,34.16,0.7431911736773901,0.7057387673913004,0.037452406270130106,ForecastPage,2
1718905589.5,34.16,0.7431911736773901,0.7064298858292957,0.03676128783212867,ForecastPage,2
1718905589.75,34.16,0.7431911736773901,0.7070259009506048,0.03616527271077062,ForecastPage,2
1718905590.0,34.15,0.7227935153983075,0.707533502887476,0.015260012494725292,ForecastPage,2
1718905590.25,34.15,0.7227935153983075,0.707961532232155,0.014831983149913464,ForecastPage,2
1718905590.5,34.15,0.7227935153983075,0.7083206324970094,0.014472882884888193,ForecastPage,2
1718905590.75,34.15,0.7227935153983075,0.7086228448408278,0.014170670540864976,ForecastPage,2
1718905591.0,34.13,0.6819981988401422,0.708881160494129,-0.026882961670834715,ForecastPage,2
1718905591.25,34.13,0.6819981988401422,0.7091090481874154,-0.027110849364377902,ForecastPage,2
1718905591.5,34.13,0.6819981988401422,0.7093199748329423,-0.027321776010180855,ForecastPage,2
1718905591.75,34.13,0.6819981988401422,0.7095269376519989,-0.027528738829529182,ForecastPage,2
1718905592.0,34.13,0.6819981988401422,0.7097420248846475,-0.02774382606248134,ForecastPage,2
1718905592.25,34.13,0.6819981988401422,0.7099760202741902,-0.02797782145233525,ForecastPage,2
1718905592.5,34.13,0.6819981988401422,0.7102380638717778,-0.02823986505023827,ForecastPage,2
1718905592.75,34.13,0.6819981988401422,0.7105353785917284,-0.028537179770504174,ForecastPage,2
1718905593.0,34.15,0.7227935153983075,0.7108730686178841,0.011920446761194824,ForecastPage,2
1718905593.25,34.15,0.7227935153983075,0.7112539924704909,0.011539522908286685,ForecastPage,2
1718905593.5,34.15,0.7227935153983075,0.7116787105322872,0.01111480484620225,ForecastPage,2
1718905593.75,34.15,0.7227935153983075,0.7121455043003191,0.0106480110778983,ForecastPage,2
1718905594.0,34.16,0.7431911736773901,0.7126504626995922,0.0305407109574539,ForecastPage,2
1718905594.25,34.16,0.7431911736773901,0.7131876294967279,0.030003544160084286,ForecastPage,2
1718905594.5,34.16,0.7431911736773901,0.7137492051341503,0.02944196852244899,ForecastPage,2
1718905594.75,34.16,0.7431911736773901,0.7143257960527879,0.02886537760362147,ForecastPage,2
1718905595.0,34.13,0.6819981988401422,0.7149067046177273,-0.03290850579873101,ForecastPage,2
1718905595.25,34.13,0.6819981988401422,0.7154802529002623,-0.03348205408140525,ForecastPage,2
1718905595.5,34.13,0.6819981988401422,0.71603413358546,-0.03403593476671443,ForecastPage,2
1718905595.75,34.13,0.6819981988401422,0.7165557810006444,-0.03455758218198038,ForecastPage,2
1718905596.0,34.15,0.7227935153983075,0.7170327546446602,0.005760760732119893,ForecastPage,2
1718905596.25,34.15,0.7227935153983075,0.7174531267283056,0.0053403886484603355,ForecastPage,2
1718905596.5,34.15,0.7227935153983075,0.7178058643062403,0.004987651070548777,ForecastPage,2
1718905596.75,34.15,0.7227935153983075,0.7180811958106575,0.004712319566192696,ForecastPage,2
1718905597.0,34.15,0.7227935153983075,0.7182709513594566,0.004522564017493152,ForecastPage,2
1718905597.25,34.15,0.7227935153983075,0.7183688661951197,0.004424649181967066,ForecastPage,2
1718905597.5,34.15,0.7227935153983075,0.7183708370298277,0.0044226783474311795,ForecastPage,2
1718905597.75,34.15,0.7227935153983075,0.7182751219008946,0.004518393476567691,ForecastPage,2
1718905598.0,34.15,0.7227935153983075,0.7180824753374797,0.004711040040212978,ForecastPage,2
1718905598.25,34.15,0.7227935153983075,0.7177962121618415,0.004997303216102937,ForecastPage,2
1718905598.5,34.15,0.7227935153983075,0.7174221950537178,0.0053713203244934934,ForecastPage,2
1718905598.75,34.15,0.7227935153983075,0.7169687430523309,0.005824772326155463,ForecastPage,2
1718905599.0,34.15,0.7227935153983075,0.7164464604137349,0.0063470549650276875,ForecastPage,2
1718905599.25,34.15,0.7227935153983075,0.7158679876366819,0.006925527742350844,ForecastPage,2
1718905599.5,34.15,0.7227935153983075,0.715247678970223,0.007545836409066188,ForecastPage,2
1718905599.75,34.15,0.7227935153983075,0.7146012132698232,0.00819230210970101,ForecastPage,2
1718905600.0,34.16,0.7431911736773901,0.7139451476204964,0.02924602603831632,ForecastPage,2
1718905600.25,34.16,0.7431911736773901,0.7132964256334211,0.029894748025562502,MarketWaitPage,2
1718905600.5,34.16,0.7431911736773901,0.712671854671116,0.03051931898799868,MarketWaitPage,2
1718905600.75,34.16,0.7431911736773901,0.7120875683620848,0.031103605297119023,MarketWaitPage,2
1718905601.0,34.13,0.6819981988401422,0.7115584924810441,-0.029560293659041503,MarketWaitPage,2
1718905601.25,34.13,0.6819981988401422,0.7110978334004278,-0.029099634578419974,MarketWaitPage,2
1718905601.5,34.13,0.6819981988401422,0.7107166086479505,-0.02871840982597628,MarketWaitPage,2
1718905601.75,34.13,0.6819981988401422,0.7104232384577868,-0.028425039635881142,MarketWaitPage,2
1718905602.0,34.13,0.6819981988401422,0.7102232155070125,-0.02822501668520714,MarketWaitPage,2
1718905602.25,34.13,0.6819981988401422,0.7101188673459721,-0.028120668524295123,MarketWaitPage,2
1718905602.5,34.13,0.6819981988401422,0.7101092225355418,-0.028111023714018687,MarketWaitPage,2
1718905602.75,34.13,0.6819981988401422,0.7101899874337543,-0.0281917886124085,MarketWaitPage,2
1718905603.0,34.15,0.7227935153983075,0.7103536361888332,0.012439879190479855,MarketWaitPage,2
1718905603.25,34.15,0.7227935153983075,0.7105896120553188,0.012203903323778794,MarketWaitPage,2
1718905603.5,34.15,0.7227935153983075,0.7108846338974286,0.011908881481440127,MarketWaitPage,2
1718905603.75,34.15,0.7227935153983075,0.7112230978770901,0.011570417501540932,MarketWaitPage,2
1718905604.0,34.13,0.6819981988401422,0.711587560964166,-0.02958936214394163,MarketWaitPage,2
1718905604.25,34.13,0.6819981988401422,0.7119592900856037,-0.029961091265619036,MarketWaitPage,2
1718905604.5,34.13,0.6819981988401422,0.7123188584216162,-0.030320659601863725,MarketWaitPage,2
1718905604.75,34.13,0.6819981988401422,0.7126467685361436,-0.030648569716609435,MarketWaitPage,2
1718905605.0,34.16,0.7431911736773901,0.7129240807351312,0.030267092921451712,MarketWaitPage,2
1718905605.25,34.16,0.7431911736773901,0.7131330244065788,0.030058149249829014,MarketWaitPage,2
1718905605.5,34.16,0.7431911736773901,0.7132575702937244,0.029933603362535772,MarketWaitPage,2
1718905605.75,34.16,0.7431911736773901,0.7132839428508099,0.02990723080533335,MarketWaitPage,2
1718905606.0,34.16,0.7431911736773901,0.713201054095734,0.029990119560325375,MarketWaitPage,2
1718905606.25,34.16,0.7431911736773901,0.7130008436371653,0.030190330018844844,MarketWaitPage,2
1718905606.5,34.16,0.7431911736773901,0.7126785136319476,0.030512660024047872,MarketWaitPage,2
1718905606.75,34.16,0.7431911736773901,0.7122326520725687,0.030958521583444268,MarketWaitPage,2
1718905607.0,34.15,0.7227935153983075,0.7116652427399293,0.011128272637047503,MarketWaitPage,2
1718905607.25,34.15,0.7227935153983075,0.7109815651049234,0.01181195027212388,MarketWaitPage,2
1718905607.5,34.15,0.7227935153983075,0.7101899921505987,0.01260352322653742,MarketWaitPage,2
1718905607.75,34.15,0.7227935153983075,0.7093016982613426,0.013491817115894433,MarketWaitPage,2
1718905608.0,34.13,0.6819981988401422,0.708330292768385,-0.026332093949206704,MarketWaitPage,2
1718905608.25,34.13,0.6819981988401422,0.7072913972790031,-0.025293198459719377,MarketWaitPage,2
1718905608.5,34.13,0.6819981988401422,0.7062021864267418,-0.024203987607360738,MarketWaitPage,2
1718905608.75,34.13,0.6819981988401422,0.7050809120979913,-0.023082713278527258,MarketWaitPage,2
1718905609.0,34.13,0.6819981988401422,0.7039464305309925,-0.02194823171146515,MarketWaitPage,2
1718905609.25,34.13,0.6819981988401422,0.7028177500480816,-0.020819551228515063,MarketWaitPage,2
1718905609.5,34.13,0.6819981988401422,0.7017136147408142,-0.019715415921236275,MarketWaitPage,2
1718905609.75,34.13,0.6819981988401422,0.7006521363852888,-0.018653937565729608,MarketWaitPage,2
1718905610.0,34.13,0.6819981988401422,0.6996504834327711,-0.017652284613261786,MarketWaitPage,2
1718905610.25,34.13,0.6819981988401422,0.6987246323031933,-0.01672643348376401,MarketWaitPage,2
1718905610.5,34.13,0.6819981988401422,0.6978891826009073,-0.01589098378158565,MarketWaitPage,2
1718905610.75,34.13,0.6819981988401422,0.6971572344577724,-0.015159035638580844,MarketWaitPage,2
1718905611.0,34.15,0.7227935153983075,0.6965403231626943,0.026253192214517683,MarketWaitPage,2
1718905611.25,34.15,0.7227935153983075,0.6960484037207103,0.026745111656349876,MarketWaitPage,2
1718905611.5,34.15,0.7227935153983075,0.6956898761349922,0.027103639241916902,MarketWaitPage,2
1718905611.75,34.15,0.7227935153983075,0.695471641105797,0.02732187427096961,MarketWaitPage,2
1718905612.0,34.13,0.6819981988401422,0.6953991754911141,-0.013400976672639862,MarketWaitPage,2
1718905612.25,34.13,0.6819981988401422,0.6954766171785448,-0.013478418360176193,MarketWaitPage,2
1718905612.5,34.13,0.6819981988401422,0.6957068498149491,-0.013708650996659764,MarketWaitPage,2
1718905612.75,34.13,0.6819981988401422,0.6960915789645075,-0.014093380146268278,MarketWaitPage,2
1718905613.0,34.15,0.7227935153983075,0.6966313926109693,0.026162122765414974,MarketWaitPage,2
1718905613.25,34.15,0.7227935153983075,0.6973258004655636,0.025467714910830476,MarketWaitPage,2
1718905613.5,34.15,0.7227935153983075,0.6981732483296506,0.024620267046782558,MarketWaitPage,2
1718905613.75,34.15,0.7227935153983075,0.6991711058341905,0.023622409542308643,MarketWaitPage,2
1718905614.0,34.15,0.7227935153983075,0.7003156282222126,0.02247788715437634,MarketWaitPage,2
1718905614.25,34.15,0.7227935153983075,0.7016018953564254,0.021191620020273385,MarketWaitPage,2
1718905614.5,34.15,0.7227935153983075,0.703023733651414,0.019769781725410347,MarketWaitPage,2
1718905614.75,34.15,0.7227935153983075,0.7045736289412474,0.01821988643571406,MarketWaitPage,2
1718905615.0,34.13,0.6819981988401422,0.7062426401844021,-0.024244441365461174,MarketWaitPage,2
1718905615.25,34.13,0.6819981988401422,0.7080203251749724,-0.02602212635588304,MarketWaitPage,2
1718905615.5,34.13,0.6819981988401422,0.7098946898967449,-0.02789649107750669,MarketWaitPage,2
1718905615.75,34.13,0.6819981988401422,0.7118521727072403,-0.029853973887854567,MarketWaitPage,2
1718905616.0,34.13,0.6819981988401422,0.7138776731471295,-0.031879474327597905,MarketWaitPage,2
1718905616.25,34.13,0.6819981988401422,0.7159546329205403,-0.033956434100864755,MarketWaitPage,2
1718905616.5,34.13,0.6819981988401422,0.7180651736622868,-0.03606697484246884,MarketWaitPage,2
1718905616.75,34.13,0.6819981988401422,0.7201902927395187,-0.038192093919559106,MarketWaitPage,2
1718905617.0,34.16,0.7431911736773901,0.7223101148025697,0.020881058854779547,MarketWaitPage,2
1718905617.25,34.16,0.7431911736773901,0.7244041933945617,0.018786980262930443,MarketWaitPage,2
1718905617.5,34.16,0.7431911736773901,0.7264518539377507,0.01673931971988555,MarketWaitPage,2
1718905617.75,34.16,0.7431911736773901,0.7284325670753579,0.014758606582422916,MarketWaitPage,2
1718905618.0,34.16,0.7431911736773901,0.7303263398018613,0.012864833856062647,MarketWaitPage,2
1718905618.25,34.16,0.7431911736773901,0.732114111082527,0.011077062575536256,MarketWaitPage,2
1718905618.5,34.16,0.7431911736773901,0.7337781386665968,0.009413034991598615,MarketWaitPage,2
1718905618.75,34.16,0.7431911736773901,0.7353023644122182,0.007888809246099634,MarketWaitPage,2
1718905619.0,34.16,0.7431911736773901,0.7366727465322315,0.006518427126197475,MarketWaitPage,2
1718905619.25,34.16,0.7431911736773901,0.7378775486175717,0.005313625040956569,MarketWaitPage,2
1718905619.5,34.16,0.7431911736773901,0.7389075769944364,0.004283596664179858,MarketWaitPage,2
1718905619.75,34.16,0.7431911736773901,0.7397563598330231,0.0034348138256711253,MarketWaitPage,2
1718905620.0,34.16,0.7431911736773901,0.7404202633741254,0.0027709102846391644,MarketWaitPage,2
1718905620.25,34.16,0.7431911736773901,0.7408985426124202,0.0022926310464093545,MarketWaitPage,2
1718905620.5,34.16,0.7431911736773901,0.74119332572026,0.0019978479386317163,MarketWaitPage,2
1718905620.75,34.16,0.7431911736773901,0.7413095333710966,0.0018816402878571465,MarketWaitPage,2
1718905621.0,34.16,0.7431911736773901,0.7412547358931231,0.001936437765895464,MarketWaitPage,2
1718905621.25,34.16,0.7431911736773901,0.7410389528232911,0.0021522208357982846,MarketWaitPage,2
1718905621.5,34.16,0.7431911736773901,0.7406744009160252,0.0025167727431446713,MarketWaitPage,2
1718905621.75,34.16,0.7431911736773901,0.7401751979689886,0.0030159756902749515,MarketWaitPage,2
1718905622.0,34.16,0.7431911736773901,0.7395570309406143,0.003634142718759244,MarketWaitPage,2
1718905622.25,34.16,0.7431911736773901,0.7388367977308509,0.004354375928652045,MarketWaitPage,2
1718905622.5,34.16,0.7431911736773901,0.7380322326558709,0.0051589410037837504,MarketWaitPage,2
1718905622.75,34.16,0.7431911736773901,0.7371615260442934,0.006029647615537323,MarketWaitPage,2
1718905623.0,34.15,0.7227935153983075,0.736242948487429,-0.01344943310648004,MarketWaitPage,2
1718905623.25,34.15,0.7227935153983075,0.7352944900560995,-0.012500974674926422,MarketWaitPage,2
1718905623.5,34.15,0.7227935153983075,0.7343335242204923,-0.011540008839074927,MarketWaitPage,2
1718905623.75,34.15,0.7227935153983075,0.7333765052610847,-0.010582989879408552,MarketWaitPage,2
1718905624.0,34.15,0.7227935153983075,0.7324387066528433,-0.009645191270900088,MarketWaitPage,2
1718905624.25,34.15,0.7227935153983075,0.7315340062950844,-0.008740490912873013,MarketWaitPage,2
1718905624.5,34.15,0.7227935153983075,0.730674722629419,-0.007881207246945124,MarketWaitPage,2
1718905624.75,34.15,0.7227935153983075,0.729871503735431,-0.007077988352706629,MarketWaitPage,2
1718905625.0,34.15,0.7227935153983075,0.7291332695151398,-0.00633975413218351,MarketWaitPage,2
1718905625.25,34.15,0.7227935153983075,0.7284672051631076,-0.005673689779942973,MarketWaitPage,2
1718905625.5,34.15,0.7227935153983075,0.7278788023513718,-0.005085286968026327,MarketWaitPage,2
1718905625.75,34.15,0.7227935153983075,0.7273719430114608,-0.004578427627964199,MarketWaitPage,2
1718905626.0,34.16,0.7431911736773901,0.7269490193361968,0.016242154326501747,MarketWaitPage,2
1718905626.25,34.16,0.7431911736773901,0.7266110827098031,0.016580090952981706,RoundResultsPage,2
1718905626.5,34.16,0.7431911736773901,0.7263580137494385,0.016833159913398465,RoundResultsPage,2
1718905626.75,34.16,0.7431911736773901,0.726188705520386,0.017002468142469643,RoundResultsPage,2
1718905627.0,34.15,0.7227935153983075,0.7261012522428361,-0.0033077368590754587,RoundResultsPage,2
1718905627.25,34.15,0.7227935153983075,0.726093136363713,-0.0032996209799925555,RoundResultsPage,2
1718905627.5,34.15,0.7227935153983075,0.7261614076116347,-0.0033678922279776324,RoundResultsPage,2
1718905627.75,34.15,0.7227935153983075,0.7263028484738436,-0.0035093330902673005,RoundResultsPage,2
1718905628.0,34.15,0.7227935153983075,0.726514121346842,-0.0037206059633580393,RoundResultsPage,2
1718905628.25,34.15,0.7227935153983075,0.7267918933777341,-0.003998377994348218,RoundResultsPage,2
1718905628.5,34.15,0.7227935153983075,0.7271329357298606,-0.004339420346573162,RoundResultsPage,2
1718905628.75,34.15,0.7227935153983075,0.7275341946961101,-0.004740679312916045,RoundResultsPage,2
1718905629.0,34.15,0.7227935153983075,0.7279928327778232,-0.005199317394711974,RoundResultsPage,2
1718905629.25,34.15,0.7227935153983075,0.728506238581802,-0.005712723198758271,RoundResultsPage,2
1718905629.5,34.15,0.7227935153983075,0.7290720052006637,-0.0062784898176689065,RoundResultsPage,2
1718905629.75,34.15,0.7227935153983075,0.7296878776738491,-0.006894362290882569,RoundResultsPage,2
1718905630.0,34.18,0.7839864902355699,0.7303516712223762,0.05363481899784605,RoundResultsPage,2
1718905630.25,34.18,0.7839864902355699,0.731061163252971,0.052925326967265984,RoundResultsPage,2
1718905630.5,34.18,0.7839864902355699,0.731813963659207,0.052172526561063415,RoundResultsPage,2
1718905630.75,34.18,0.7839864902355699,0.7326073696697541,0.05137912055056362,RoundResultsPage,2
1718905631.0,34.13,0.6819981988401422,0.7334382132572815,-0.05144001443233687,RoundResultsPage,2
1718905631.25,34.13,0.6819981988401422,0.7343027106513744,-0.05230451182637587,RoundResultsPage,2
1718905631.5,34.13,0.6819981988401422,0.73519632445168,-0.05319812562663634,RoundResultsPage,2
1718905631.75,34.13,0.6819981988401422,0.73611364892169,-0.05411545009661773,RoundResultsPage,2
1718905632.0,34.16,0.7431911736773901,0.7370483281443604,0.006142845517964873,RoundResultsPage,2
1718905632.25,34.16,0.7431911736773901,0.7379930149542896,0.005198158708012605,RoundResultsPage,2
1718905632.5,34.16,0.7431911736773901,0.7389393762211602,0.004251797441086509,RoundResultsPage,2
1718905632.75,34.16,0.7431911736773901,0.7398781474922634,0.0033130261698915107,RoundResultsPage,2
1718905633.0,34.16,0.7431911736773901,0.7407992374879712,0.00239193617405249,RoundResultsPage,2
1718905633.25,34.16,0.7431911736773901,0.7416918806401954,0.0014992930216560629,RoundResultsPage,2
1718905633.5,34.16,0.7431911736773901,0.7425448338198376,0.0006463398418009155,RoundResultsPage,2
1718905633.75,34.16,0.7431911736773901,0.7433466116064514,-0.00015543794506354828,RoundResultsPage,2
1718905634.0,34.15,0.7227935153983075,0.7440857528869882,-0.021292237504965242,RoundResultsPage,2
1718905634.25,34.15,0.7227935153983075,0.7447511102105171,-0.02195759482880036,RoundResultsPage,2
1718905634.5,34.15,0.7227935153983075,0.7453321521681621,-0.022538636786765796,RoundResultsPage,2
1718905634.75,34.15,0.7227935153983075,0.7458192681382616,-0.023025752757189776,RoundResultsPage,2
1718905635.0,34.18,0.7839864902355699,0.7462040641078973,0.0377824261101188,RoundResultsPage,2
1718905635.25,34.18,0.7839864902355699,0.7464796380734411,0.03750685214427332,RoundResultsPage,2
1718905635.5,34.18,0.7839864902355699,0.7466408238746822,0.03734566634275705,RoundResultsPage,2
1718905635.75,34.18,0.7839864902355699,0.7466843933301288,0.03730209688707061,RoundResultsPage,2
1718905636.0,34.16,0.7431911736773901,0.7466092082120062,-0.003418034553183978,RoundResultsPage,2
1718905636.25,34.16,0.7431911736773901,0.7464163157935397,-0.003225142134866913,RoundResultsPage,2
1718905636.5,34.16,0.7431911736773901,0.7461089841858688,-0.0029178105272928013,RoundResultsPage,2
1718905636.75,34.16,0.7431911736773901,0.7456926762040799,-0.002501502545544246,RoundResultsPage,2
1718905637.0,34.16,0.7431911736773901,0.7451749628614647,-0.0019837892029099437,RoundResultsPage,2
1718905637.25,34.16,0.7431911736773901,0.7445653796757458,-0.0013742060171114683,RoundResultsPage,2
1718905637.5,34.16,0.7431911736773901,0.7438752307439962,-0.0006840570852225759,RoundResultsPage,2
1718905637.75,34.16,0.7431911736773901,0.743117347009455,7.38266495149539e-05,RoundResultsPage,2
1718905638.0,34.16,0.7431911736773901,0.7423058063215138,0.0008853673377044969,RoundResultsPage,2
1718905638.25,34.16,0.7431911736773901,0.7414556237968916,0.0017355498626203426,RoundResultsPage,2
1718905638.5,34.16,0.7431911736773901,0.7405824216373291,0.002608752022513295,RoundResultsPage,2
1718905638.75,34.16,0.7431911736773901,0.7397020879526272,0.003489085707573612,RoundResultsPage,2
1718905639.0,34.16,0.7431911736773901,0.7388304342762061,0.004360739384371825,RoundResultsPage,2
1718905639.25,34.16,0.7431911736773901,0.7379828613348748,0.005208312326089967,RoundResultsPage,2
1718905639.5,34.16,0.7431911736773901,0.7371740422286878,0.006017131432664823,RoundResultsPage,2
1718905639.75,34.16,0.7431911736773901,0.7364176314662044,0.0067735421955296485,RoundResultsPage,2
1718905640.0,34.13,0.6819981988401422,0.735726007253229,-0.05372780842837371,RoundResultsPage,2
1718905640.25,34.13,0.6819981988401422,0.7351100530149088,-0.05311185418970267,RoundResultsPage,2
1718905640.5,34.13,0.6819981988401422,0.7345789823249644,-0.05258078349943073,RoundResultsPage,2
1718905640.75,34.13,0.6819981988401422,0.7341402092644365,-0.05214201043860259,RoundResultsPage,2
1718905641.0,34.18,0.7839864902355699,0.7337992638875845,0.05018722633394601,RoundResultsPage,2
1718905641.25,34.18,0.7839864902355699,0.7335597502113539,0.05042674001041165,RoundResultsPage,2
1718905641.5,34.18,0.7839864902355699,0.733423342313679,0.05056314790828504,RoundResultsPage,2
1718905641.75,34.18,0.7839864902355699,0.7333898130218802,0.05059667720024441,RoundResultsPage,2
1718905642.0,34.15,0.7227935153983075,0.7334570894189458,-0.010663574033961107,RoundResultsPage,2
1718905642.25,34.15,0.7227935153983075,0.7336213298897101,-0.010827814504640772,RoundResultsPage,2
1718905642.5,34.15,0.7227935153983075,0.7338770183961573,-0.011083503011041284,RoundResultsPage,2
1718905642.75,34.15,0.7227935153983075,0.7342170727907051,-0.011423557405580636,RoundResultsPage,2
1718905643.0,34.16,0.7431911736773901,0.7346329650025535,0.008558208661623549,RoundResultsPage,2
1718905643.25,34.16,0.7431911736773901,0.7351148517492392,0.008076321914868732,RoundResultsPage,2
1718905643.5,34.16,0.7431911736773901,0.7356517150269594,0.007539458637039902,RoundResultsPage,2
1718905643.75,34.16,0.7431911736773901,0.7362315120594809,0.006959661604369419,RoundResultsPage,2
1718905644.0,34.15,0.7227935153983075,0.7368413346663469,-0.014047819281769451,RoundResultsPage,2
1718905644.25,34.15,0.7227935153983075,0.7374675781407463,-0.014674062756400326,RoundResultsPage,2
1718905644.5,34.15,0.7227935153983075,0.738096119674217,-0.015302604290141972,RoundResultsPage,2
1718905644.75,34.15,0.7227935153983075,0.7387125061025642,-0.01591899071879646,RoundResultsPage,2
1718905645.0,34.16,0.7431911736773901,0.7393021502839969,0.003889023378514182,RoundResultsPage,2
1718905645.25,34.16,0.7431911736773901,0.73985053481422,0.003340638847925726,RoundResultsPage,2
1718905645.5,34.16,0.7431911736773901,0.7403434211279347,0.0028477525338268493,RoundResultsPage,2
1718905645.75,34.16,0.7431911736773901,0.740767061431469,0.0024241122298977735,RoundResultsPage,2
1718905646.0,34.16,0.7431911736773901,0.7411084104315643,0.002082763229406168,RoundResultsPage,2
1718905646.25,34.16,0.7431911736773901,0.74135533350548,0.00183584015510145,RoundResultsPage,2
1718905646.5,34.16,0.7431911736773901,0.7414968077984564,0.0016943658617504067,RoundResultsPage,2
1718905646.75,34.16,0.7431911736773901,0.7415231127192152,0.0016680609406364486,RoundResultsPage,2
1718905647.0,34.16,0.7431911736773901,0.7414260064110328,0.0017651672484873086,RoundResultsPage,2
1718905647.25,34.16,0.7431911736773901,0.7411988849846461,0.0019922886745692672,RoundResultsPage,2
1718905647.5,34.16,0.7431911736773901,0.7408369215914852,0.0023542520674544112,RoundResultsPage,2
1718905647.75,34.16,0.7431911736773901,0.7403371827743113,0.0028539908843823207,RoundResultsPage,2
1718905648.0,34.16,0.7431911736773901,0.7396987199402751,0.003492453718202772,RoundResultsPage,2
1718905648.25,34.16,0.7431911736773901,0.7389226342407053,0.004268539417586786,RoundResultsPage,2
1718905648.5,34.16,0.7431911736773901,0.7380121135924441,0.00517906006569113,RoundResultsPage,2
1718905648.75,34.16,0.7431911736773901,0.7369724410136739,0.0062187326443323395,RoundResultsPage,2
1718905649.0,34.15,0.7227935153983075,0.7358109738448682,-0.013017458466047842,RoundResultsPage,2
1718905649.25,34.15,0.7227935153983075,0.7345370937506126,-0.011743578371872182,RoundResultsPage,2
1718905649.5,34.15,0.7227935153983075,0.733162127619557,-0.010368612240874915,RoundResultsPage,2
1718905649.75,34.15,0.7227935153983075,0.7316992395805869,-0.008905724201944798,RoundResultsPage,2
1718905650.0,34.15,0.7227935153983075,0.7301632943457521,-0.007369778967136535,RoundResultsPage,2
1718905650.25,34.15,0.7227935153983075,0.7285706920229963,-0.005777176644399576,RoundResultsPage,2
1718905650.5,34.15,0.7227935153983075,0.7269391744900385,-0.004145659111458489,RoundResultsPage,2
1718905650.75,34.15,0.7227935153983075,0.7252876034702296,-0.0024940880916687275,RoundResultsPage,2
1718905651.0,34.16,0.7431911736773901,0.7236357106819125,0.019555462975705425,RoundResultsPage,2
1718905651.25,34.16,0.7431911736773901,0.7220038209106642,0.02118735274691858,RoundResultsPage,2
1718905651.5,34.16,0.7431911736773901,0.7204125496218685,0.02277862403566685,RoundResultsPage,2
1718905651.75,34.16,0.7431911736773901,0.7188824777950978,0.02430869586237597,RoundResultsPage,2
1718905652.0,34.15,0.7227935153983075,0.717433807973468,0.005359707404845865,RoundResultsPage,2
1718905652.25,34.15,0.7227935153983075,0.716086006971965,0.006707508406255178,RoundResultsPage,2
1718905652.5,34.15,0.7227935153983075,0.714857442124546,0.007936073253565273,RoundResultsPage,2
1718905652.75,34.15,0.7227935153983075,0.7137650192018001,0.009028496176189633,RoundResultsPage,2
1718905653.0,34.13,0.6819981988401422,0.7128238310473158,-0.03082563222762298,RoundResultsPage,2
1718905653.25,34.13,0.6819981988401422,0.7120468264452849,-0.03004862762573072,RoundResultsPage,2
1718905653.5,34.13,0.6819981988401422,0.7114445086711206,-0.02944630985170895,RoundResultsPage,2
1718905653.75,34.13,0.6819981988401422,0.7110246725735382,-0.029026473754269085,RoundResultsPage,2
1718905654.0,34.15,0.7227935153983075,0.71079218794923,0.012001327428065173,RoundResultsPage,2
1718905654.25,34.15,0.7227935153983075,0.7107488355418194,0.012044679835343446,RoundResultsPage,2
1718905654.5,34.15,0.7227935153983075,0.7108932004214388,0.011900314955601954,RoundResultsPage,2
1718905654.75,34.15,0.7227935153983075,0.7112206259707889,0.011572889406142425,RoundResultsPage,2
1718905655.0,34.15,0.7227935153983075,0.7117232303433833,0.011070285033453415,RoundResultsPage,2
1718905655.25,34.15,0.7227935153983075,0.7123899861032027,0.010403529273555265,RoundResultsPage,2
1718905655.5,34.15,0.7227935153983075,0.7132068627573759,0.009586652619320948,RoundResultsPage,2
1718905655.75,34.15,0.7227935153983075,0.7141570309665946,0.008636484410061105,RoundResultsPage,2
1718905656.0,34.13,0.6819981988401422,0.715221126260232,-0.03322292744176048,RoundResultsPage,2
1718905656.25,34.13,0.6819981988401422,0.716377568997569,-0.034379370179090506,RiskPage1,2
1718905656.5,34.13,0.6819981988401422,0.717602936028575,-0.03560473721005967,RiskPage1,2
1718905656.75,34.13,0.6819981988401422,0.7188723779948601,-0.03687417917627418,RiskPage1,2
1718905657.0,34.16,0.7431911736773901,0.7201600745373866,0.023031099118554478,RiskPage1,2
1718905657.25,34.16,0.7431911736773901,0.7214397180038368,0.02175145565225014,RiskPage1,2
1718905657.5,34.16,0.7431911736773901,0.7226850148002276,0.020506158856043667,RiskPage1,2
1718905657.75,34.16,0.7431911736773901,0.7238701925223195,0.019320981134173156,RiskPage1,2
1718905658.0,34.15,0.7227935153983075,0.7249705005577959,-0.0021769851801298704,RiskPage1,2
1718905658.25,34.15,0.7227935153983075,0.7259626919720024,-0.003169176594051061,RiskPage1,2
1718905658.5,34.15,0.7227935153983075,0.7268254750833807,-0.0040319597051216224,RiskPage1,2
1718905658.75,34.15,0.7227935153983075,0.7275399240714294,-0.004746408692849048,RiskPage1,2
1718905659.0,34.16,0.7431911736773901,0.7280898391364736,0.015101334521514737,RiskPage1,2
1718905659.25,34.16,0.7431911736773901,0.7284620480925131,0.014729125565796584,RiskPage1,2
1718905659.5,34.16,0.7431911736773901,0.7286466428069022,0.01454453085171784,RiskPage1,2
1718905659.75,34.16,0.7431911736773901,0.7286371455963747,0.014554028062539368,RiskPage1,2
1718905660.0,34.15,0.7227935153983075,0.7284306025167278,-0.005637087136621182,RiskPage1,2
1718905660.25,34.15,0.7227935153983075,0.7280276023739238,-0.005234086993562459,RiskPage1,2
1718905660.5,34.15,0.7227935153983075,0.7274322221409429,-0.004638706760346712,RiskPage1,2
1718905660.75,34.15,0.7227935153983075,0.7266519011925132,-0.003858385811700144,RiskPage1,2
1718905661.0,34.15,0.7227935153983075,0.7256972483045586,-0.0029037329235445087,RiskPage1,2
1718905661.25,34.15,0.7227935153983075,0.7245817866855865,-0.0017882713043854276,RiskPage1,2
1718905661.5,34.15,0.7227935153983075,0.7233216434271942,-0.000528128045819338,RiskPage1,2
1718905661.75,34.15,0.7227935153983075,0.7219351907111632,0.0008583246703734709,RiskPage1,2
1718905662.0,34.15,0.7227935153983075,0.7204426469231803,0.0023508684585072156,RiskPage1,2
1718905662.25,34.15,0.7227935153983075,0.7188656465231523,0.003927868858675937,RiskPage1,2
1718905662.5,34.15,0.7227935153983075,0.7172267881243677,0.005566727257591327,RiskPage1,2
1718905662.75,34.15,0.7227935153983075,0.7155491707418804,0.007244344640199329,RiskPage1,2
1718905663.0,34.15,0.7227935153983075,0.7138559285752055,0.008937586806985073,RiskPage1,2
1718905663.25,34.15,0.7227935153983075,0.7121697749687945,0.010623740413497944,RiskPage1,2
1718905663.5,34.15,0.7227935153983075,0.7105125663084102,0.012280949073976623,RiskPage1,2
1718905663.75,34.15,0.7227935153983075,0.708904896510033,0.013888618872441206,RiskPage1,2
1718905664.0,34.13,0.6819981988401422,0.7073657323728553,-0.025367533548465448,RiskPage1,2
1718905664.25,34.13,0.6819981988401422,0.7059120993199821,-0.023913900495517497,RiskPage1,2
1718905664.5,34.13,0.6819981988401422,0.7045588258616514,-0.022560627037117045,RiskPage1,2
1718905664.75,34.13,0.6819981988401422,0.7033183534374731,-0.021320154612872653,RiskPage1,2
1718905665.0,34.13,0.6819981988401422,0.7022006161410732,-0.020202417316408792,RiskPage1,2
1718905665.25,34.13,0.6819981988401422,0.7012129922968452,-0.019214793472117065,RiskPage1,2
1718905665.5,34.13,0.6819981988401422,0.7003603271032145,-0.01836212827842111,RiskPage1,2
1718905665.75,34.13,0.6819981988401422,0.6996450227710042,-0.017646823946143544,RiskPage1,2
1718905666.0,34.15,0.7227935153983075,0.6990671899651401,0.02372632541795481,RiskPage1,2
1718905666.25,34.15,0.7227935153983075,0.6986248520886862,0.024168663294478854,RiskPage1,2
1718905666.5,34.15,0.7227935153983075,0.6983141921901809,0.024479323193054094,RiskPage1,2
1718905666.75,34.15,0.7227935153983075,0.6981298311360021,0.024663684247300616,RiskPage1,2
1718905667.0,34.13,0.6819981988401422,0.698065125192167,-0.016066926366965467,RiskPage1,2
1718905667.25,34.13,0.6819981988401422,0.6981124712322904,-0.016114272407030016,RiskPage1,2
1718905667.5,34.13,0.6819981988401422,0.698263608292584,-0.016265409467271293,RiskPage1,2
1718905667.75,34.13,0.6819981988401422,0.6985099049899837,-0.016511706164624926,RiskPage1,2
1718905668.0,34.15,0.7227935153983075,0.6988426233241721,0.023950892059391694,RiskPage1,2
1718905668.25,34.15,0.7227935153983075,0.6992531506024485,0.02354036478114991,RiskPage2,2
1718905668.5,34.15,0.7227935153983075,0.6997331927234153,0.02306032266021315,RiskPage2,2
1718905668.75,34.15,0.7227935153983075,0.7002749238980122,0.0225185914856419,RiskPage2,2
1718905669.0,34.15,0.7227935153983075,0.7008710900820004,0.02192242530167504,RiskPage2,2
1718905669.25,34.15,0.7227935153983075,0.7015150658631071,0.021278449520585427,RiskPage2,2
1718905669.5,34.15,0.7227935153983075,0.7022008671351855,0.02059264824851912,RiskPage2,2
1718905669.75,34.15,0.7227935153983075,0.702923124407203,0.019870390976508667,RiskPage2,2
1718905670.0,34.13,0.6819981988401422,0.7036770238315023,-0.02167882500595531,RiskPage2,2
1718905670.25,34.13,0.6819981988401422,0.7044582247939821,-0.022460025968443764,RiskPage2,2
1718905670.5,34.13,0.6819981988401422,0.7052627640112529,-0.023264565185737173,RiskPage2,2
1718905670.75,34.13,0.6819981988401422,0.7060869564001104,-0.024088757574636743,RiskPage2,2
1718905671.0,34.13,0.6819981988401422,0.7069273024812485,-0.024929103655840182,RiskPage2,2
1718905671.25,34.13,0.6819981988401422,0.7077804108111546,-0.025782211985837966,RiskPage2,2
1718905671.5,34.13,0.6819981988401422,0.7086429420481001,-0.02664474322290251,RiskPage2,2
1718905671.75,34.13,0.6819981988401422,0.7095115789466144,-0.027513380121562424,RiskPage2,2
1718905672.0,34.15,0.7227935153983075,0.7103830240604606,0.012410491322587404,RiskPage2,2
1718905672.25,34.15,0.7227935153983075,0.711254024445299,0.011539490937558815,RiskPage2,2
1718905672.5,34.15,0.7227935153983075,0.7121214204089233,0.010672094973725236,RiskPage2,2
1718905672.75,34.15,0.7227935153983075,0.7129822135425286,0.009811301839893424,RiskPage2,2
1718905673.0,34.15,0.7227935153983075,0.7138336479942504,0.008959867387929364,RiskPage2,2
1718905673.25,34.15,0.7227935153983075,0.7146732982439067,0.008120217138018141,RiskPage2,2
1718905673.5,34.15,0.7227935153983075,0.7154991564631469,0.007294358918515044,RiskPage2,2
1718905673.75,34.15,0.7227935153983075,0.7163097128192105,0.006483802562185738,RiskPage2,2
1718905674.0,34.15,0.7227935153983075,0.7171040227155996,0.005689492665533584,RiskPage2,2
1718905674.25,34.15,0.7227935153983075,0.717881755875761,0.004911759505117325,RiskPage2,2
1718905674.5,34.15,0.7227935153983075,0.7186432232904016,0.004150292090235954,RiskPage2,2
1718905674.75,34.15,0.7227935153983075,0.7193893792970433,0.0034041360833725314,RiskPage2,2
1718905675.0,34.15,0.7227935153983075,0.7201217973811535,0.002671717999064213,RiskPage2,2
1718905675.25,34.15,0.7227935153983075,0.7208426196283485,0.001950895751699027,RiskPage2,2
1718905675.5,34.15,0.7227935153983075,0.7215544810707316,0.0012390343091783157,RiskPage2,2
1718905675.75,34.15,0.7227935153983075,0.7222604114184649,0.0005331039613436926,RiskPage2,2
1718905676.0,34.16,0.7431911736773901,0.7229637178180724,0.02022745584075671,RiskPage2,2
1718905676.25,34.16,0.7431911736773901,0.7236678533045963,0.019523320354212094,RiskPage2,2
1718905676.5,34.16,0.7431911736773901,0.7243762764868636,0.01881489717196546,RiskPage2,2
1718905676.75,34.16,0.7431911736773901,0.725092308679397,0.018098864979492903,RiskPage2,2
1718905677.0,34.13,0.6819981988401422,0.7258189950946887,-0.04382079627294944,RiskPage2,2
1718905677.25,34.13,0.6819981988401422,0.7265589767247541,-0.044560777902886595,RiskPage2,2
1718905677.5,34.13,0.6819981988401422,0.7273143790528297,-0.04531618023080911,RiskPage2,2
1718905677.75,34.13,0.6819981988401422,0.7280867226778434,-0.046088523855650994,RiskPage2,2
1718905678.0,34.16,0.7431911736773901,0.7288768593538295,0.014314314305795328,RiskPage2,2
1718905678.25,34.16,0.7431911736773901,0.7296849350317582,0.013506238628058644,RiskPage2,2
1718905678.5,34.16,0.7431911736773901,0.7305103795290316,0.012680794130980267,RiskPage2,2
1718905678.75,34.16,0.7431911736773901,0.7313519207359926,0.011839252924213515,RiskPage2,2
1718905679.0,34.16,0.7431911736773901,0.7322076200081858,0.01098355365221096,RiskPage2,2
1718905679.25,34.16,0.7431911736773901,0.7330749246691531,0.010116248991428305,RiskPage2,2
1718905679.5,34.16,0.7431911736773901,0.7339507333335469,0.009240440327211056,RiskPage2,2
1718905679.75,34.16,0.7431911736773901,0.7348314699673353,0.008359703693588896,RiskPage2,2
1718905680.0,34.16,0.7431911736773901,0.7357131631266361,0.0074780105344425096,RiskPage2,2
1718905680.25,34.16,0.7431911736773901,0.736591527557391,0.006599646103829985,RiskPage3,2
1718905680.5,34.16,0.7431911736773901,0.7374620462003459,0.005729127461004589,RiskPage3,2
1718905680.75,34.16,0.7431911736773901,0.738320051543427,0.00487112211803996,RiskPage3,2
1718905681.0,34.16,0.7431911736773901,0.739160806118543,0.004030367543027351,RiskPage3,2
1718905681.25,34.16,0.7431911736773901,0.7399795826822803,0.0032115909793807877,RiskPage3,2
1718905681.5,34.16,0.7431911736773901,0.740771745188159,0.0024194284735813794,RiskPage3,2
1718905681.75,34.16,0.7431911736773901,0.7415328319984692,0.0016583416633406851,RiskPage3,2
1718905682.0,34.15,0.7227935153983075,0.7422586428507094,-0.019465127467921044,RiskPage3,2
1718905682.25,34.15,0.7227935153983075,0.7429453308514744,-0.020151815468631824,RiskPage3,2
1718905682.5,34.15,0.7227935153983075,0.743589500199397,-0.020795984816505415,RiskPage3,2
1718905682.75,34.15,0.7227935153983075,0.744188309448237,-0.021394794065300236,RiskPage3,2
1718905683.0,34.16,0.7431911736773901,0.7447395789671191,-0.0015484053050569303,RiskPage3,2
1718905683.25,34.16,0.7431911736773901,0.7452418999446929,-0.0020507262825891007,RiskPage3,2
1718905683.5,34.16,0.7431911736773901,0.745694740962121,-0.0025035672999764204,RiskPage3,2
1718905683.75,34.16,0.7431911736773901,0.7460985469767596,-0.002907373314575316,RiskPage3,2
1718905684.0,34.16,0.7431911736773901,0.7464548246395442,-0.0032636509773215127,RiskPage3,2
1718905684.25,34.16,0.7431911736773901,0.7467662072999076,-0.0035750336376491826,RiskPage3,2
1718905684.5,34.16,0.7431911736773901,0.7470364928838551,-0.003845319221565865,RiskPage3,2
1718905684.75,34.16,0.7431911736773901,0.7472706480968002,-0.004079474434488754,RiskPage3,2
1718905685.0,34.18,0.7839864902355699,0.7474747731312139,0.03651171708928681,RiskPage3,2
1718905685.25,34.18,0.7839864902355699,0.7476560222760879,0.03633046794440575,RiskPage3,2
1718905685.5,34.18,0.7839864902355699,0.7478224775427471,0.036164012677719265,RiskPage3,2
1718905685.75,34.18,0.7839864902355699,0.7479829746096857,0.03600351561073003,RiskPage3,2
1718905686.0,34.16,0.7431911736773901,0.7481468829423937,-0.004955709280234404,RiskPage3,2
1718905686.25,34.16,0.7431911736773901,0.748323844669127,-0.005132671007072369,RiskPage4,2
1718905686.5,34.16,0.7431911736773901,0.7485234794371969,-0.005332305775275905,RiskPage4,2
1718905686.75,34.16,0.7431911736773901,0.7487550647852289,-0.005563891123469571,RiskPage4,2
1718905687.0,34.16,0.7431911736773901,0.7490272033565384,-0.005836029694966423,RiskPage4,2
1718905687.25,34.16,0.7431911736773901,0.749347489450529,-0.00615631578916743,RiskPage4,2
1718905687.5,34.16,0.7431911736773901,0.7497221879455525,-0.006531014284421285,RiskPage4,2
1718905687.75,34.16,0.7431911736773901,0.7501559385572955,-0.006964764896411062,RiskPage4,2
1718905688.0,34.16,0.7431911736773901,0.7506514977698038,-0.007460324109179306,RiskPage4,2
1718905688.25,34.16,0.7431911736773901,0.7512095296463834,-0.008018355986027988,RiskPage4,2
1718905688.5,34.16,0.7431911736773901,0.7518284551529173,-0.008637281492835408,RiskPage4,2
1718905688.75,34.16,0.7431911736773901,0.7525043676682724,-0.009313194008464403,RiskPage4,2
1718905689.0,34.16,0.7431911736773901,0.7532310200811639,-0.01003984642162594,RiskPage4,2
1718905689.25,34.16,0.7431911736773901,0.7539998863504482,-0.010808712691172272,RiskPage4,2
1718905689.5,34.16,0.7431911736773901,0.7548002977119033,-0.011609124052877583,RiskPage4,2
1718905689.75,34.16,0.7431911736773901,0.755619650930396,-0.012428477271605365,RiskPage4,2
1718905690.0,34.15,0.7227935153983075,0.7564436832096437,-0.03365016783015235,RiskPage4,2
1718905690.25,34.15,0.7227935153983075,0.7572568056788092,-0.03446329029951217,RiskPage4,2
1718905690.5,34.15,0.7227935153983075,0.7580424848875922,-0.035248969508463214,RiskPage4,2
1718905690.75,34.15,0.7227935153983075,0.7587836596006309,-0.03599014422163876,RiskPage4,2
1718905691.0,34.21,0.8451794650728321,0.7594631785746182,0.08571628647879839,RiskPage4,2
1718905691.25,34.21,0.8451794650728321,0.7600642441575538,0.08511522089580498,RiskPage4,2
1718905691.5,34.21,0.8451794650728321,0.7605708466951743,0.084608618358173,RiskPage4,2
1718905691.75,34.21,0.8451794650728321,0.7609681759866012,0.08421128906678282,RiskPage4,2
1718905692.0,34.15,0.7227935153983075,0.7612429983032679,-0.03844948292432425,RiskPage4,2
1718905692.25,34.15,0.7227935153983075,0.7613839904138926,-0.038590475034820076,MarketGridChoice,3
1718905692.5,34.15,0.7227935153983075,0.761382025106808,-0.03858850972756605,MarketGridChoice,3
1718905692.75,34.15,0.7227935153983075,0.7612304053370706,-0.03843688995762405,MarketGridChoice,3
1718905693.0,34.16,0.7431911736773901,0.7609250460046342,-0.017733872345871107,MarketGridChoice,3
1718905693.25,34.16,0.7431911736773901,0.7604646034172743,-0.017273429758253734,MarketGridChoice,3
1718905693.5,34.16,0.7431911736773901,0.7598505528597177,-0.01665937920042064,MarketGridChoice,3
1718905693.75,34.16,0.7431911736773901,0.7590872146418564,-0.015896040982267618,MarketGridChoice,3
1718905694.0,34.18,0.7839864902355699,0.7581817288066489,0.025804761411423287,MarketGridChoice,3
1718905694.25,34.18,0.7839864902355699,0.7571439785726577,0.02684251164572705,MarketGridChoice,3
1718905694.5,34.18,0.7839864902355699,0.755986462738528,0.028000027480174227,MarketGridChoice,3
1718905694.75,34.18,0.7839864902355699,0.7547241177858395,0.029262372433180976,MarketGridChoice,3
1718905695.0,34.16,0.7431911736773901,0.753374091288257,-0.010182917627101981,MarketGridChoice,3
1718905695.25,34.16,0.7431911736773901,0.7519554693741959,-0.008764295712735147,MarketGridChoice,3
1718905695.5,34.16,0.7431911736773901,0.7504889622315969,-0.0072977885698435425,MarketGridChoice,3
1718905695.75,34.16,0.7431911736773901,0.7489965528105644,-0.00580537914853534,MarketGridChoice,3
1718905696.0,34.16,0.7431911736773901,0.7475011148460139,-0.004309941183729751,MarketGridChoice,3
1718905696.25,34.16,0.7431911736773901,0.7460260070391889,-0.002834833376673153,MarketGridChoice,3
1718905696.5,34.16,0.7431911736773901,0.7445946507197441,-0.0014034770570222647,MarketGridChoice,3
1718905696.75,34.16,0.7431911736773901,0.7432300986060656,-3.892494316451098e-05,MarketGridChoice,3
1718905697.0,34.16,0.7431911736773901,0.741954602440676,0.0012365712223766888,MarketGridChoice,3
1718905697.25,34.16,0.7431911736773901,0.740789187340058,0.0024019863231179864,MarketGridChoice,3
1718905697.5,34.16,0.7431911736773901,0.7397532406909955,0.003437932972275186,MarketGridChoice,3
1718905697.75,34.16,0.7431911736773901,0.7388641233624516,0.0043270503008844665,MarketGridChoice,3
1718905698.0,34.16,0.7431911736773901,0.738136810884481,0.005054362778889439,MarketGridChoice,3
1718905698.25,34.16,0.7431911736773901,0.7375835720634323,0.005607601599939924,MarketGridChoice,3
1718905698.5,34.16,0.7431911736773901,0.7372136922348123,0.005977481428527213,MarketGridChoice,3
1718905698.75,34.16,0.7431911736773901,0.7370332479712708,0.006157925692000582,MarketGridChoice,3
1718905699.0,34.15,0.7227935153983075,0.737044939524866,-0.014251424140780943,MarketGridChoice,3
1718905699.25,34.15,0.7227935153983075,0.7372479865469844,-0.014454471163038331,MarketGridChoice,3
1718905699.5,34.15,0.7227935153983075,0.7376380916561802,-0.014844576272406934,MarketGridChoice,3
1718905699.75,34.15,0.7227935153983075,0.7382074751928955,-0.015413959809326671,MarketGridChoice,3
1718905700.0,34.16,0.7431911736773901,0.7389449830268485,0.00424619063556975,MarketGridChoice,3
1718905700.25,34.16,0.7431911736773901,0.7398362676292664,0.0033549060328931842,MarketGridChoice,3
1718905700.5,34.16,0.7431911736773901,0.7408640408820524,0.0023271327798274444,MarketGridChoice,3
1718905700.75,34.16,0.7431911736773901,0.7420083953669215,0.0011827782946636652,MarketGridChoice,3
1718905701.0,34.16,0.7431911736773901,0.7432471892315397,-5.6015570256973124e-05,MarketGridChoice,3
1718905701.25,34.16,0.7431911736773901,0.7445564882004831,-0.001365314539503018,MarketGridChoice,3
1718905701.5,34.16,0.7431911736773901,0.7459110568893811,-0.0027198832286957873,MarketGridChoice,3
1718905701.75,34.16,0.7431911736773901,0.747284890280962,-0.004093716620556304,MarketGridChoice,3
1718905702.0,34.16,0.7431911736773901,0.748651775023978,-0.005460601363830264,MarketGridChoice,3
1718905702.25,34.16,0.7431911736773901,0.7499858691216645,-0.006794695461747894,MarketGridChoice,3
1718905702.5,34.16,0.7431911736773901,0.7512622875987649,-0.008071113939047976,MarketGridChoice,3
1718905702.75,34.16,0.7431911736773901,0.7524576809008314,-0.009266507241280236,MarketGridChoice,3
1718905703.0,34.16,0.7431911736773901,0.7535507921246528,-0.010359618465232794,MarketGridChoice,3
1718905703.25,34.16,0.7431911736773901,0.7545229787548369,-0.011331805095514371,MarketGridChoice,3
1718905703.5,34.16,0.7431911736773901,0.7553586844515753,-0.01216751079231837,MarketGridChoice,3
1718905703.75,34.16,0.7431911736773901,0.7560458466728499,-0.012854673013628925,MarketGridChoice,3
1718905704.0,34.18,0.7839864902355699,0.7565762266057616,0.027410263611631437,MarketGridChoice,3
1718905704.25,34.18,0.7839864902355699,0.7569456491175032,0.027040841099909788,MarketGridChoice,3
1718905704.5,34.18,0.7839864902355699,0.7571541423001475,0.026832347917312996,MarketGridChoice,3
1718905704.75,34.18,0.7839864902355699,0.7572059687213027,0.026780521496233674,MarketGridChoice,3
1718905705.0,34.18,0.7839864902355699,0.7571095436794274,0.026876946538214253,MarketGridChoice,3
1718905705.25,34.18,0.7839864902355699,0.7568772394840344,0.027109250733741735,MarketGridChoice,3
1718905705.5,34.18,0.7839864902355699,0.7565250788482893,0.02746141136964822,MarketGridChoice,3
1718905705.75,34.18,0.7839864902355699,0.756072324663162,0.027914165554960485,MarketGridChoice,3
1718905706.0,34.16,0.7431911736773901,0.7555409774710603,-0.01234980381091344,MarketGridChoice,3
1718905706.25,34.16,0.7431911736773901,0.7549551956247572,-0.011764021964391629,MarketGridChoice,3
1718905706.5,34.16,0.7431911736773901,0.7543406561707735,-0.01114948251017949,MarketGridChoice,3
1718905706.75,34.16,0.7431911736773901,0.7537238767431347,-0.010532703082307146,MarketGridChoice,3
1718905707.0,34.16,0.7431911736773901,0.7531315200756453,-0.009940346414583821,MarketGridChoice,3
1718905707.25,34.16,0.7431911736773901,0.7525897031096203,-0.00939852944832922,MarketGridChoice,3
1718905707.5,34.16,0.7431911736773901,0.7521233321334155,-0.008932158471903864,MarketGridChoice,3
1718905707.75,34.16,0.7431911736773901,0.7517554840233434,-0.008564310361624432,MarketGridChoice,3
1718905708.0,34.15,0.7227935153983075,0.7515068515573463,-0.028713336174520945,MarketGridChoice,3
1718905708.25,34.15,0.7227935153983075,0.7513952680381979,-0.02860175265520638,MarketGridChoice,3
1718905708.5,34.15,0.7227935153983075,0.7514353231910103,-0.028641807807880053,MarketGridChoice,3
1718905708.75,34.15,0.7227935153983075,0.7516380786077297,-0.02884456322449204,MarketGridChoice,3
1718905709.0,34.16,0.7431911736773901,0.7520108870519909,-0.008819713389597621,MarketGridChoice,3
1718905709.25,34.16,0.7431911736773901,0.752557315907011,-0.009366142244581294,MarketGridChoice,3
1718905709.5,34.16,0.7431911736773901,0.7532771711727395,-0.010085997510310729,MarketGridChoice,3
1718905709.75,34.16,0.7431911736773901,0.7541666149223656,-0.01097544125997445,MarketGridChoice,3
1718905710.0,34.18,0.7839864902355699,0.7552183662095743,0.028768124010923712,MarketGridChoice,3
1718905710.25,34.18,0.7839864902355699,0.7564219732284696,0.027564516991920508,MarketGridChoice,3
1718905710.5,34.18,0.7839864902355699,0.7577641431692008,0.026222347051046774,MarketGridChoice,3
1718905710.75,34.18,0.7839864902355699,0.7592291157250951,0.02475737449497531,MarketGridChoice,3
1718905711.0,34.18,0.7839864902355699,0.7607990665543545,0.023187423665503377,MarketGridChoice,3
1718905711.25,34.18,0.7839864902355699,0.7624545280580463,0.02153196216156323,MarketGridChoice,3
1718905711.5,34.18,0.7839864902355699,0.7641748164159256,0.01981167380339967,MarketGridChoice,3
1718905711.75,34.18,0.7839864902355699,0.7659384557000422,0.018048034518963453,MarketGridChoice,3
1718905712.0,34.16,0.7431911736773901,0.7677235918376388,-0.024532418177167087,MarketGridChoice,3
1718905712.25,34.16,0.7431911736773901,0.7695083910085379,-0.026317217348454505,MarketGridChoice,3
1718905712.5,34.16,0.7431911736773901,0.7712714185586065,-0.028080244898946102,MarketGridChoice,3
1718905712.75,34.16,0.7431911736773901,0.7729919955709863,-0.02980082191178319,MarketGridChoice,3
1718905713.0,34.18,0.7839864902355699,0.7746505308355286,0.009335959381363806,MarketGridChoice,3
1718905713.25,34.18,0.7839864902355699,0.7762288261756678,0.00775766404070212,ForecastPage,3
1718905713.5,34.18,0.7839864902355699,0.7777103530899356,0.006276137125881568,ForecastPage,3
1718905713.75,34.18,0.7839864902355699,0.7790804986178349,0.004905991597400953,ForecastPage,3
1718905714.0,34.18,0.7839864902355699,0.780326778376706,0.003659711837922565,ForecastPage,3
1718905714.25,34.18,0.7839864902355699,0.7814390148926226,0.002547475321376526,ForecastPage,3
1718905714.5,34.18,0.7839864902355699,0.7824094796561779,0.0015770105571746278,ForecastPage,3
1718905714.75,34.18,0.7839864902355699,0.7832329977342101,0.000753492478486017,ForecastPage,3
1718905715.0,34.18,0.7839864902355699,0.78390701421792,7.947599411774284e-05,ForecastPage,3
1718905715.25,34.18,0.7839864902355699,0.7844316222511294,-0.00044513203974369986,ForecastPage,3
1718905715.5,34.18,0.7839864902355699,0.7848095528341683,-0.0008230626234190992,ForecastPage,3
1718905715.75,34.18,0.7839864902355699,0.7850461270226593,-0.0010596368125213918,ForecastPage,3
1718905716.0,34.18,0.7839864902355699,0.785149171527522,-0.0011626813179605967,ForecastPage,3
1718905716.25,34.18,0.7839864902355699,0.7851288990703744,-0.001142408861346513,ForecastPage,3
1718905716.5,34.18,0.7839864902355699,0.7849977551596236,-0.0010112649510780926,ForecastPage,3
1718905716.75,34.18,0.7839864902355699,0.7847702332329581,-0.0007837430248372069,ForecastPage,3
1718905717.0,34.18,0.7839864902355699,0.7844626603700431,-0.0004761701622834286,ForecastPage,3
1718905717.25,34.18,0.7839864902355699,0.78409295602438,-0.00010646581691475896,ForecastPage,3
1718905717.5,34.18,0.7839864902355699,0.7836803664649349,0.0003061237423044169,ForecastPage,3
1718905717.75,34.18,0.7839864902355699,0.783245177864567,0.0007413123425142874,ForecastPage,3
1718905718.0,34.18,0.7839864902355699,0.7828084112299118,0.0011780789770777446,ForecastPage,3
1718905718.25,34.18,0.7839864902355699,0.7823915026399043,0.0015949875670570445,ForecastPage,3
1718905718.5,34.18,0.7839864902355699,0.7820159725480803,0.001970517658911302,ForecastPage,3
1718905718.75,34.18,0.7839864902355699,0.7817030882040429,0.002283402003031079,ForecastPage,3
1718905719.0,34.18,0.7839864902355699,0.7814735235550846,0.002512966652116421,ForecastPage,3
1718905719.25,34.18,0.7839864902355699,0.7813470212891632,0.002639468918202212,ForecastPage,3
1718905719.5,34.18,0.7839864902355699,0.7813420619608163,0.0026444282467434185,ForecastPage,3
1718905719.75,34.18,0.7839864902355699,0.7814755453845107,0.0025109448232654608,ForecastPage,3
1718905720.0,34.18,0.7839864902355699,0.7817624896649965,0.0022240005430101298,ForecastPage,3
1718905720.25,34.18,0.7839864902355699,0.7822157533392177,0.0017707368690255995,ForecastPage,3
1718905720.5,34.18,0.7839864902355699,0.7828457861059785,0.0011407041025003996,ForecastPage,3
1718905720.75,34.18,0.7839864902355699,0.7836604134948086,0.000326076713898438,ForecastPage,3
1718905721.0,34.18,0.7839864902355699,0.784664660552633,-0.0006781703437110658,ForecastPage,3
1718905721.25,34.18,0.7839864902355699,0.7858606191871105,-0.0018741289779926375,ForecastPage,3
1718905721.5,34.18,0.7839864902355699,0.787247363184369,-0.003260872975079623,ForecastPage,3
1718905721.75,34.18,0.7839864902355699,0.7888209141078252,-0.004834423898392465,ForecastPage,3
1718905722.0,34.18,0.7839864902355699,0.7905742602829791,-0.006587770073434032,ForecastPage,3
1718905722.25,34.18,0.7839864902355699,0.792497429889086,-0.008510939679460705,ForecastPage,3
1718905722.5,34.18,0.7839864902355699,0.7945776178321116,-0.010591127622437135,ForecastPage,3
1718905722.75,34.18,0.7839864902355699,0.7967993645969934,-0.012812874387298594,ForecastPage,3
1718905723.0,34.18,0.7839864902355699,0.7991447837181688,-0.015158293508478797,ForecastPage,3
1718905723.25,34.18,0.7839864902355699,0.8015938329290512,-0.017607342719386663,ForecastPage,3
1718905723.5,34.18,0.7839864902355699,0.8041246225349199,-0.020138132325295415,ForecastPage,3
1718905723.75,34.18,0.7839864902355699,0.806713753200035,-0.022727262990457787,ForecastPage,3
1718905724.0,34.21,0.8451794650728321,0.8093366742692015,0.035842790777591435,ForecastPage,3
1718905724.25,34.21,0.8451794650728321,0.8119680530930488,0.03321141195370674,ForecastPage,3
1718905724.5,34.21,0.8451794650728321,0.8145821457290429,0.03059731931769179,ForecastPage,3
1718905724.75,34.21,0.8451794650728321,0.8171531599371998,0.028026305109536798,ForecastPage,3
1718905725.0,34.21,0.8451794650728321,0.8196556025778378,0.02552386246892898,ForecastPage,3
1718905725.25,34.21,0.8451794650728321,0.822064605229313,0.0231148598175168,ForecastPage,3
1718905725.5,34.21,0.8451794650728321,0.8243562238644807,0.020823241182449458,ForecastPage,3
1718905725.75,34.21,0.8451794650728321,0.8265077105006894,0.018671754546381834,ForecastPage,3
1718905726.0,34.18,0.7839864902355699,0.8284977566137228,-0.04451126640372926,ForecastPage,3
1718905726.25,34.18,0.7839864902355699,0.8303067095485668,-0.046320219338343904,ForecastPage,3
1718905726.5,34.18,0.7839864902355699,0.8319167639832994,-0.047930273772801894,ForecastPage,3
1718905726.75,34.18,0.7839864902355699,0.8333121306089287,-0.04932564039811124,ForecastPage,3
1718905727.0,34.21,0.8451794650728321,0.8344791836162495,0.010700281432194848,ForecastPage,3
1718905727.25,34.21,0.8451794650728321,0.8354065875227039,0.009772877526147326,ForecastPage,3
1718905727.5,34.21,0.8451794650728321,0.8360854026285034,0.009094062420792814,ForecastPage,3
1718905727.75,34.21,0.8451794650728321,0.8365091672774329,0.008670297772341087,ForecastPage,3
1718905728.0,34.21,0.8451794650728321,0.8366739543501686,0.008505510700109926,ForecastPage,3
1718905728.25,34.21,0.8451794650728321,0.8365783991487106,0.008601065902092666,ForecastPage,3
1718905728.5,34.21,0.8451794650728321,0.8362236960437174,0.00895576900762488,ForecastPage,3
1718905728.75,34.21,0.8451794650728321,0.8356135618955184,0.009565903156371418,ForecastPage,3
1718905729.0,34.21,0.8451794650728321,0.8347541652465618,0.01042529980587832,ForecastPage,3
1718905729.25,34.21,0.8451794650728321,0.8336540215361538,0.011525443516833416,ForecastPage,3
1718905729.5,34.21,0.8451794650728321,0.832323856024261,0.012855609029264296,ForecastPage,3
1718905729.75,34.21,0.8451794650728321,0.8307764376433028,0.014403027410746165,ForecastPage,3
1718905730.0,34.21,0.8451794650728321,0.8290263885330577,0.016153076521495162,ForecastPage,3
1718905730.25,34.21,0.8451794650728321,0.8270899754539273,0.018089489601104673,ForecastPage,3
1718905730.5,34.21,0.8451794650728321,0.8249848905075695,0.02019457454791154,ForecastPage,3
1718905730.75,34.21,0.8451794650728321,0.8227300294987958,0.02244943555709991,ForecastPage,3
1718905731.0,34.18,0.7839864902355699,0.8203452767123575,-0.03635878649334631,ForecastPage,3
1718905731.25,34.18,0.7839864902355699,0.8178513047060081,-0.033864814486658665,ForecastPage,3
1718905731.5,34.18,0.7839864902355699,0.8152693967974232,-0.03128290657777616,ForecastPage,3
1718905731.75,34.18,0.7839864902355699,0.8126212981550904,-0.028634807935186846,ForecastPage,3
1718905732.0,34.16,0.7431911736773901,0.8099290987967968,-0.06673792513485795,ForecastPage,3
1718905732.25,34.16,0.7431911736773901,0.807215148480728,-0.064023974818617,ForecastPage,3
1718905732.5,34.16,0.7431911736773901,0.8045019996812334,-0.06131082601899435,ForecastPage,3
1718905732.75,34.16,0.7431911736773901,0.8018123708994745,-0.058621197237152686,ForecastPage,3
1718905733.0,34.21,0.8451794650728321,0.799169118871789,0.0460103461860113,ForecastPage,3
1718905733.25,34.21,0.8451794650728321,0.7965952052740888,0.048584259783700595,ForecastPage,3
1718905733.5,34.21,0.8451794650728321,0.7941136417591634,0.051065823298567355,ForecastPage,3
1718905733.75,34.21,0.8451794650728321,0.7917473969935412,0.05343206806408355,ForecastPage,3
1718905734.0,34.21,0.8451794650728321,0.7895192509663959,0.055660214091076195,ForecastPage,3
1718905734.25,34.21,0.8451794650728321,0.7874515851546708,0.05772787990260324,ForecastPage,3
1718905734.5,34.21,0.8451794650728321,0.7855661018572913,0.05961336319974305,ForecastPage,3
1718905734.75,34.21,0.8451794650728321,0.7838834717337295,0.061295993323028104,ForecastPage,3
1718905735.0,34.18,0.7839864902355699,0.7824229148118668,0.0015635754073201336,ForecastPage,3
1718905735.25,34.18,0.7839864902355699,0.7812017264563511,0.0027847637624997673,ForecastPage,3
1718905735.5,34.18,0.7839864902355699,0.7802347655059423,0.0037517247125500378,ForecastPage,3
1718905735.75,34.18,0.7839864902355699,0.7795339265406613,0.00445256367745531,ForecastPage,3
1718905736.0,34.16,0.7431911736773901,0.7791076216730114,-0.03591644801346267,ForecastPage,3
1718905736.25,34.16,0.7431911736773901,0.7789602991490164,-0.03576912548986465,ForecastPage,3
1718905736.5,34.16,0.7431911736773901,0.7790920262939344,-0.03590085263518465,ForecastPage,3
1718905736.75,34.16,0.7431911736773901,0.7794981629465195,-0.036306989288173636,ForecastPage,3
1718905737.0,34.16,0.7431911736773901,0.780169148593681,-0.036977974935737665,ForecastPage,3
1718905737.25,34.16,0.7431911736773901,0.7810904221387057,-0.037899248481159734,ForecastPage,3
1718905737.5,34.16,0.7431911736773901,0.7822424878825923,-0.03905131422543551,ForecastPage,3
1718905737.75,34.16,0.7431911736773901,0.7836011351869863,-0.04040996153020722,ForecastPage,3
1718905738.0,34.18,0.7839864902355699,0.785137812756236,-0.0011513225416404232,ForecastPage,3
1718905738.25,34.18,0.7839864902355699,0.786820151868873,-0.002833661654624245,ForecastPage,3
1718905738.5,34.18,0.7839864902355699,0.7886126265409924,-0.004626136327072657,ForecastPage,3
1718905738.75,34.18,0.7839864902355699,0.7904773328170633,-0.006490842603454696,ForecastPage,3
1718905739.0,34.18,0.7839864902355699,0.7923748643933897,-0.008388374180075623,ForecastPage,3
1718905739.25,34.18,0.7839864902355699,0.7942652577417493,-0.010278767528715625,ForecastPage,3
1718905739.5,34.18,0.7839864902355699,0.7961089769088536,-0.012122486696089417,ForecastPage,3
1718905739.75,34.18,0.7839864902355699,0.7978679062860412,-0.013881416073538285,ForecastPage,3
1718905740.0,34.21,0.8451794650728321,0.799506318937548,0.04567314611196217,ForecastPage,3
1718905740.25,34.21,0.8451794650728321,0.8009917886172627,0.04418767643199878,ForecastPage,3
1718905740.5,34.21,0.8451794650728321,0.8022960154572428,0.04288344959177787,ForecastPage,3
1718905740.75,34.21,0.8451794650728321,0.8033955384904561,0.04178392655833395,ForecastPage,3
1718905741.0,34.21,0.8451794650728321,0.8042723125880776,0.04090715246049428,ForecastPage,3
1718905741.25,34.21,0.8451794650728321,0.8049141328354109,0.04026533221295696,ForecastPage,3
1718905741.5,34.21,0.8451794650728321,0.8053148955236973,0.03986456952448159,ForecastPage,3
1718905741.75,34.21,0.8451794650728321,0.8054746914262715,0.03970477362173497,ForecastPage,3
1718905742.0,34.18,0.7839864902355699,0.8053997334707663,-0.02141324326017583,ForecastPage,3
1718905742.25,34.18,0.7839864902355699,0.8051021269364614,-0.02111563672600493,ForecastPage,3
1718905742.5,34.18,0.7839864902355699,0.8045994955499736,-0.020613005339631153,ForecastPage,3
1718905742.75,34.18,0.7839864902355699,0.8039144810465491,-0.019927990836301826,ForecastPage,3
1718905743.0,34.18,0.7839864902355699,0.8030741367502185,-0.019087646540049557,ForecastPage,3
1718905743.25,34.18,0.7839864902355699,0.8021092374859968,-0.018122747275891814,MarketWaitPage,3
1718905743.5,34.18,0.7839864902355699,0.8010535287677443,-0.017067038557691188,MarketWaitPage,3
1718905743.75,34.18,0.7839864902355699,0.7999429378653286,-0.015956447655317084,MarketWaitPage,3
1718905744.0,34.18,0.7839864902355699,0.7988147682224621,-0.014828278012483247,MarketWaitPage,3
1718905744.25,34.18,0.7839864902355699,0.7977068969482294,-0.013720406738275046,MarketWaitPage,3
1718905744.5,34.18,0.7839864902355699,0.7966569929090026,-0.012670502699064473,MarketWaitPage,3
1718905744.75,34.18,0.7839864902355699,0.7957017704618766,-0.011715280251945993,MarketWaitPage,3
1718905745.0,34.18,0.7839864902355699,0.7948762912446924,-0.010889801034759745,MarketWaitPage,3
1718905745.25,34.18,0.7839864902355699,0.794213323809825,-0.010226833599879942,RoundResultsPage,3
1718905745.5,34.18,0.7839864902355699,0.7937427683879538,-0.009756278177985652,RoundResultsPage,3
1718905745.75,34.18,0.7839864902355699,0.7934911518133847,-0.00950466160338332,RoundResultsPage,3
1718905746.0,34.21,0.8451794650728321,0.7934811957444744,0.05169826930283207,RoundResultsPage,3
1718905746.25,34.21,0.8451794650728321,0.7937314598687116,0.051448005178647324,RoundResultsPage,3
1718905746.5,34.21,0.8451794650728321,0.7942560608585094,0.05092340418891262,RoundResultsPage,3
1718905746.75,34.21,0.8451794650728321,0.7950644674361722,0.050114997611325485,RoundResultsPage,3
1718905747.0,34.16,0.7431911736773901,0.7961613718919435,-0.05297019823979714,RoundResultsPage,3
1718905747.25,34.16,0.7431911736773901,0.7975466385234545,-0.05435546487120035,RoundResultsPage,3
1718905747.5,34.16,0.7431911736773901,0.7992153294014245,-0.0560241557490432,RoundResultsPage,3
1718905747.75,34.16,0.7431911736773901,0.8011578073378661,-0.057966633685336624,RoundResultsPage,3
1718905748.0,34.21,0.8451794650728321,0.8033599148389443,0.04181955020919785,RoundResultsPage,3
1718905748.25,34.21,0.8451794650728321,0.8058032262942689,0.03937623875406667,RoundResultsPage,3
1718905748.5,34.21,0.8451794650728321,0.8084653689827989,0.03671409606575189,RoundResultsPage,3
1718905748.75,34.21,0.8451794650728321,0.8113204069731506,0.033859058075634434,RoundResultsPage,3
1718905749.0,34.18,0.7839864902355699,0.8143392808385367,-0.030352790626763812,RoundResultsPage,3
1718905749.25,34.18,0.7839864902355699,0.8174902952702904,-0.03350380505825437,RoundResultsPage,3
1718905749.5,34.18,0.7839864902355699,0.8207396459887849,-0.03675315577647527,RoundResultsPage,3
1718905749.75,34.18,0.7839864902355699,0.8240519766262824,-0.040065486413690676,RoundResultsPage,3
1718905750.0,34.21,0.8451794650728321,0.8273909554036417,0.017788509646501572,RoundResultsPage,3
1718905750.25,34.21,0.8451794650728321,0.8307198605062375,0.014459604544201688,RoundResultsPage,3
1718905750.5,34.21,0.8451794650728321,0.8340021622683732,0.011177302782367693,RoundResultsPage,3
1718905750.75,34.21,0.8451794650728321,0.8372020898143198,0.007977375236727332,RoundResultsPage,3
1718905751.0,34.21,0.8451794650728321,0.8402851698307457,0.004894295220610468,RoundResultsPage,3
1718905751.25,34.21,0.8451794650728321,0.8432187257083292,0.001960739343337279,RoundResultsPage,3
1718905751.5,34.21,0.8451794650728321,0.8459723263524077,-0.0007928613004325909,RoundResultsPage,3
1718905751.75,34.21,0.8451794650728321,0.8485181754495796,-0.0033387103973019413,RoundResultsPage,3
1718905752.0,34.23,0.8859747816309974,0.850831433819152,0.03514334779158196,RoundResultsPage,3
1718905752.25,34.23,0.8859747816309974,0.852890469624279,0.03308431198672856,RoundResultsPage,3
1718905752.5,34.23,0.8859747816309974,0.8546770336263356,0.031297747984921465,RoundResultsPage,3
1718905752.75,34.23,0.8859747816309974,0.8561763592770677,0.02979842233440877,RoundResultsPage,3
1718905753.0,34.21,0.8451794650728321,0.8573771901416154,-0.012197725088121801,RoundResultsPage,3
1718905753.25,34.21,0.8451794650728321,0.858271739748272,-0.013092274694638983,RoundResultsPage,3
1718905753.5,34.21,0.8451794650728321,0.8588555912420496,-0.013676126188324415,RoundResultsPage,3
1718905753.75,34.21,0.8451794650728321,0.8591275459695749,-0.013948080915807794,RoundResultsPage,3
1718905754.0,34.21,0.8451794650728321,0.8590894312085203,-0.013909966154762886,RoundResultsPage,3
1718905754.25,34.21,0.8451794650728321,0.8587458776428221,-0.013566412589124771,RoundResultsPage,3
1718905754.5,34.21,0.8451794650728321,0.8581040769285039,-0.012924611874914602,RoundResultsPage,3
1718905754.75,34.21,0.8451794650728321,0.8571735288972426,-0.011994063843805868,RoundResultsPage,3
1718905755.0,34.21,0.8451794650728321,0.8559657867283951,-0.010786321675152498,RoundResultsPage,3
1718905755.25,34.21,0.8451794650728321,0.8544942069109949,-0.00931474185798526,RoundResultsPage,3
1718905755.5,34.21,0.8451794650728321,0.8527737091384002,-0.0075942440856584074,RoundResultsPage,3
1718905755.75,34.21,0.8451794650728321,0.8508205495471362,-0.00564108449469174,RoundResultsPage,3
1718905756.0,34.21,0.8451794650728321,0.8486521090367768,-0.003472643984653148,RoundResultsPage,3
1718905756.25,34.21,0.8451794650728321,0.8462866968870765,-0.0011072318352894663,RiskPage1,3
1718905756.5,34.21,0.8451794650728321,0.8437433686060429,0.001436096445399224,RiskPage1,3
1718905756.75,34.21,0.8451794650728321,0.8410417559664489,0.004137709084647979,RiskPage1,3
1718905757.0,34.21,0.8451794650728321,0.8382019065685459,0.006977558482213371,RiskPage1,3
1718905757.25,34.21,0.8451794650728321,0.8352441300336052,0.009935335016832029,RiskPage1,3
1718905757.5,34.21,0.8451794650728321,0.8321888480946336,0.01299061695550447,RiskPage1,3
1718905757.75,34.21,0.8451794650728321,0.8290564463919361,0.016123018657930553,RiskPage1,3
1718905758.0,34.21,0.8451794650728321,0.8258671266618947,0.019312338387731012,RiskPage1,3
1718905758.25,34.21,0.8451794650728321,0.8226407591608722,0.022538705888543172,RiskPage1,3
1718905758.5,34.21,0.8451794650728321,0.8193967364986617,0.025782728550573397,RiskPage1,3
1718905758.75,34.21,0.8451794650728321,0.8161538314451886,0.02902563360389589,RiskPage1,3
1718905759.0,34.18,0.7839864902355699,0.8129300625696257,-0.028943572357925287,RiskPage1,3
1718905759.25,34.18,0.7839864902355699,0.8097425725981034,-0.02575608238649705,RiskPage1,3
1718905759.5,34.18,0.7839864902355699,0.8066075249554047,-0.022621034743864718,RiskPage1,3
1718905759.75,34.18,0.7839864902355699,0.8035400239449296,-0.019553533733428694,RiskPage1,3
1718905760.0,34.18,0.7839864902355699,0.8005540633643937,-0.016567573152904386,RiskPage1,3
1718905760.25,34.18,0.7839864902355699,0.7976625071074529,-0.013676016895947362,RiskPage1,3
1718905760.5,34.18,0.7839864902355699,0.7948771036066067,-0.010890613395057498,RiskPage1,3
1718905760.75,34.18,0.7839864902355699,0.7922085340110336,-0.00822204379941535,RiskPage1,3
1718905761.0,34.18,0.7839864902355699,0.7896664919418157,-0.005680001730106037,RiskPage1,3
1718905761.25,34.18,0.7839864902355699,0.7872597906815064,-0.0032733004696870235,RiskPage1,3
1718905761.5,34.18,0.7839864902355699,0.7849964918641105,-0.0010100016521674676,RiskPage1,3
1718905761.75,34.18,0.7839864902355699,0.7828840482382887,0.0011024419737866529,RiskPage1,3
1718905762.0,34.18,0.7839864902355699,0.7809294519592189,0.003057038252992317,RiskPage1,3
1718905762.25,34.18,0.7839864902355699,0.7791393791776209,0.004847111034725816,RiskPage2,3
1718905762.5,34.18,0.7839864902355699,0.7775203214702276,0.006466168742252429,RiskPage2,3
1718905762.75,34.18,0.7839864902355699,0.7760786949056402,0.007907795306971404,RiskPage2,3
1718905763.0,34.18,0.7839864902355699,0.774820918254592,0.009165571958151278,RiskPage2,3
1718905763.25,34.18,0.7839864902355699,0.7737534530075417,0.010233037205335811,RiskPage2,3
1718905763.5,34.18,0.7839864902355699,0.7728827994119639,0.011103690801053502,RiskPage2,3
1718905763.75,34.18,0.7839864902355699,0.7722154446284112,0.01177104558475493,RiskPage2,3
1718905764.0,34.18,0.7839864902355699,0.7717577612567108,0.012228728956615548,RiskPage2,3
1718905764.25,34.18,0.7839864902355699,0.7715158568181822,0.01247063339531811,RiskPage2,3
1718905764.5,34.18,0.7839864902355699,0.7714953772032855,0.012491113010403846,RiskPage2,3
1718905764.75,34.18,0.7839864902355699,0.7717012695053476,0.012285220708546088,RiskPage2,3
1718905765.0,34.18,0.7839864902355699,0.7721375119525189,0.011848978261594529,RiskPage2,3
1718905765.25,34.18,0.7839864902355699,0.7728068207102382,0.011179669504110597,RiskPage2,3
1718905765.5,34.18,0.7839864902355699,0.7737103450413916,0.010276145173207659,RiskPage2,3
1718905765.75,34.18,0.7839864902355699,0.7748473635670654,0.009139126647797853,RiskPage2,3
1718905766.0,34.15,0.7227935153983075,0.7762149950558578,-0.0534214796779799,RiskPage2,3
1718905766.25,34.15,0.7227935153983075,0.7778079371823579,-0.05501442180419067,RiskPage2,3
1718905766.5,34.15,0.7227935153983075,0.7796182459652352,-0.05682473058676764,RiskPage2,3
1718905766.75,34.15,0.7227935153983075,0.7816351671273539,-0.058841651748577896,RiskPage2,3
1718905767.0,34.21,0.8451794650728321,0.7838450285460273,0.06133443650758416,RiskPage2,3
1718905767.25,34.21,0.8451794650728321,0.7862312005546814,0.05894826449923605,RiskPage3,3
1718905767.5,34.21,0.8451794650728321,0.788774128473231,0.05640533658097973,RiskPage3,3
1718905767.75,34.21,0.8451794650728321,0.7914514396886716,0.053728025365811644,RiskPage3,3
1718905768.0,34.16,0.7431911736773901,0.7942381259954163,-0.051046952336131254,RiskPage3,3
1718905768.25,34.16,0.7431911736773901,0.7971068006065526,-0.05391562694705916,RiskPage3,3
1718905768.5,34.16,0.7431911736773901,0.800028027962406,-0.0568368543027448,RiskPage3,3
1718905768.75,34.16,0.7431911736773901,0.8029707228926839,-0.05977954923289831,RiskPage3,3
1718905769.0,34.21,0.8451794650728321,0.8059026137029561,0.039276851352350976,RiskPage3,3
1718905769.25,34.21,0.8451794650728321,0.8087907614647976,0.036388703590544726,RiskPage3,3
1718905769.5,34.21,0.8451794650728321,0.8116021254797793,0.033577339575555115,RiskPage3,3
1718905769.75,34.21,0.8451794650728321,0.8143041628758066,0.030875302179478883,RiskPage3,3
1718905770.0,34.18,0.7839864902355699,0.8168654487694138,-0.03287895855147837,RiskPage3,3
1718905770.25,34.18,0.7839864902355699,0.819256302386481,-0.035269812168670645,RiskPage3,3
1718905770.5,34.18,0.7839864902355699,0.8214494038307175,-0.03746291361306783,RiskPage3,3
1718905770.75,34.18,0.7839864902355699,0.8234203856596731,-0.039433895442218675,RiskPage3,3
1718905771.0,34.21,0.8451794650728321,0.8251483830071508,0.020031082047336113,RiskPage3,3
1718905771.25,34.21,0.8451794650728321,0.8266165257631102,0.01856293929111282,RiskPage3,3
1718905771.5,34.21,0.8451794650728321,0.8278123564850155,0.01736710856890998,RiskPage3,3
1718905771.75,34.21,0.8451794650728321,0.8287281584858397,0.016451306567756164,RiskPage3,3
1718905772.0,34.21,0.8451794650728321,0.8293611800674281,0.01581828498580806,RiskPage3,3
1718905772.25,34.21,0.8451794650728321,0.8297137431684283,0.01546572188442008,RiskPage4,3
1718905772.5,34.21,0.8451794650728321,0.8297932276952529,0.015386237357181545,RiskPage4,3
1718905772.75,34.21,0.8451794650728321,0.8296119263684198,0.015567538683576708,RiskPage4,3
1718905773.0,34.21,0.8451794650728321,0.8291867688944038,0.015992696157133612,RiskPage4,3
1718905773.25,34.21,0.8451794650728321,0.82853891851447,0.016640546536589813,RiskPage4,3
1718905773.5,34.21,0.8451794650728321,0.827693248339309,0.017486216711257687,RiskPage4,3
1718905773.75,34.21,0.8451794650728321,0.8266777092049886,0.01850175584507264,RiskPage4,3
1718905774.0,34.21,0.8451794650728321,0.8255226049336404,0.019656860115906474,RiskPage4,3
1718905774.25,34.21,0.8451794650728321,0.8242597946995196,0.020919670349507494,RiskPage4,3
1718905774.5,34.21,0.8451794650728321,0.8229218455299808,0.02225761951852547,RiskPage4,3
1718905774.75,34.21,0.8451794650728321,0.8215411606462821,0.023638304401707933,RiskPage4,3
1718905775.0,34.18,0.7839864902355699,0.8201491111971877,-0.03616262098696487,RiskPage4,3
1718905775.25,34.18,0.7839864902355699,0.8187751997804519,-0.03478870957071551,RiskPage4,3
1718905775.5,34.18,0.7839864902355699,0.817446283818506,-0.033459793609229405,RiskPage4,3
1718905775.75,34.18,0.7839864902355699,0.8161858852449267,-0.03219939503607384,RiskPage4,3
1718905776.0,34.18,0.7839864902355699,0.8150136100620631,-0.031027119853587685,RiskPage4,3
1718905776.25,34.18,0.7839864902355699,0.8139446972699944,-0.029958207061841095,RiskPage4,3
1718905776.5,34.18,0.7839864902355699,0.8129897116698714,-0.029003221461976914,RiskPage4,3
1718905776.75,34.18,0.7839864902355699,0.8121543893925568,-0.028167899184852175,RiskPage4,3
1718905777.0,34.18,0.7839864902355699,0.8114396389918063,-0.02745314878421887,RiskPage4,3
1718905777.25,34.18,0.7839864902355699,0.8108416948602818,-0.026855204652735873,PreMarketWait,4
1718905777.5,34.18,0.7839864902355699,0.8103524138574495,-0.02636592364986734,PreMarketWait,4
1718905777.75,34.18,0.7839864902355699,0.8099597006530244,-0.025973210445327678,PreMarketWait,4
1718905778.0,34.21,0.8451794650728321,0.8096480426518531,0.035531422393297735,PreMarketWait,4
1718905778.25,34.21,0.8451794650728321,0.8093991317274775,0.035780333317940366,PreMarketWait,4
1718905778.5,34.21,0.8451794650728321,0.8091925475728015,0.035986917472954245,PreMarketWait,4
1718905778.75,34.21,0.8451794650728321,0.8090064764263623,0.036172988619795704,PreMarketWait,4
1718905779.0,34.21,0.8451794650728321,0.8088184392797338,0.03636102576688303,PreMarketWait,4
1718905779.25,34.21,0.8451794650728321,0.8086060052999317,0.03657345974719123,PreMarketWait,4
1718905779.5,34.21,0.8451794650728321,0.8083474688749847,0.03683199617268183,PreMarketWait,4
1718905779.75,34.21,0.8451794650728321,0.8080224721066025,0.03715699294163597,PreMarketWait,4
1718905780.0,34.18,0.7839864902355699,0.807612558400083,-0.023626068188515592,PreMarketWait,4
1718905780.25,34.18,0.7839864902355699,0.8071016467052268,-0.02311515649305866,PreMarketWait,4
1718905780.5,34.18,0.7839864902355699,0.8064764196323414,-0.022489929419572396,PreMarketWait,4
1718905780.75,34.18,0.7839864902355699,0.8057266218579863,-0.021740131644625238,PreMarketWait,4
1718905781.0,34.18,0.7839864902355699,0.804845267813429,-0.020858777599493998,PreMarketWait,4
1718905781.25,34.18,0.7839864902355699,0.8038287596189064,-0.01984226940442377,PreMarketWait,4
1718905781.5,34.18,0.7839864902355699,0.8026769177049935,-0.018690427489996504,PreMarketWait,4
1718905781.75,34.18,0.7839864902355699,0.8013929277259744,-0.017406437510501645,PreMarketWait,4
1718905782.0,34.21,0.8451794650728321,0.7999832084138115,0.04519625663935581,PreMarketWait,4
1718905782.25,34.21,0.8451794650728321,0.7984572061316174,0.046722258921934566,MarketGridChoice,4
1718905782.5,34.21,0.8451794650728321,0.7968271232148654,0.048352341839018396,MarketGridChoice,4
1718905782.75,34.21,0.8451794650728321,0.7951075888117279,0.05007187624243009,MarketGridChoice,4
1718905783.0,34.18,0.7839864902355699,0.7933152827971498,-0.009328792580041503,MarketGridChoice,4
1718905783.25,34.18,0.7839864902355699,0.7914685252367659,-0.007482035019511189,MarketGridChoice,4
1718905783.5,34.18,0.7839864902355699,0.7895868455086064,-0.005600355291274657,MarketGridChoice,4
1718905783.75,34.18,0.7839864902355699,0.7876905462296868,-0.003704056012348969,MarketGridChoice,4
1718905784.0,34.16,0.7431911736773901,0.7858002773346302,-0.042609103675536136,MarketGridChoice,4
1718905784.25,34.16,0.7431911736773901,0.7839366348901741,-0.040745461231210284,MarketGridChoice,4
1718905784.5,34.16,0.7431911736773901,0.7821197974948653,-0.038928623836090984,MarketGridChoice,4
1718905784.75,34.16,0.7431911736773901,0.7803692104937671,-0.03717803683523177,MarketGridChoice,4
1718905785.0,34.16,0.7431911736773901,0.7787033249056765,-0.03551215124741959,MarketGridChoice,4
1718905785.25,34.16,0.7431911736773901,0.7771393941691459,-0.03394822051119588,MarketGridChoice,4
1718905785.5,34.16,0.7431911736773901,0.775693327878974,-0.0325021542213475,MarketGridChoice,4
1718905785.75,34.16,0.7431911736773901,0.774379597950158,-0.03118842429285878,MarketGridChoice,4
1718905786.0,34.21,0.8451794650728321,0.7732111894546045,0.07196827559781745,MarketGridChoice,4
1718905786.25,34.21,0.8451794650728321,0.7721995860493063,0.07297987900281486,MarketGridChoice,4
1718905786.5,34.21,0.8451794650728321,0.7713547787194075,0.07382468633243863,MarketGridChoice,4
1718905786.75,34.21,0.8451794650728321,0.7706852866369451,0.07449417841465689,MarketGridChoice,4
1718905787.0,34.16,0.7431911736773901,0.7701981802209122,-0.027007006564963354,MarketGridChoice,4
1718905787.25,34.16,0.7431911736773901,0.769899098675764,-0.026707925019993826,MarketGridChoice,4
1718905787.5,34.16,0.7431911736773901,0.7697922569198882,-0.026601083264265843,MarketGridChoice,4
1718905787.75,34.16,0.7431911736773901,0.769880439421463,-0.026689265765958897,MarketGridChoice,4
1718905788.0,34.18,0.7839864902355699,0.7701649807119589,0.013821509501635148,MarketGridChoice,4
1718905788.25,34.18,0.7839864902355699,0.7706457341395492,0.01334075607398143,MarketGridChoice,4
1718905788.5,34.18,0.7839864902355699,0.7713210318229754,0.012665458390516013,MarketGridChoice,4
1718905788.75,34.18,0.7839864902355699,0.77218763990404,0.011798850309433664,MarketGridChoice,4
1718905789.0,34.18,0.7839864902355699,0.7732407141715292,0.010745776041945095,MarketGridChoice,4
1718905789.25,34.18,0.7839864902355699,0.77447376195688,0.009512728256609771,MarketGridChoice,4
1718905789.5,34.18,0.7839864902355699,0.7758786168254784,0.008107873388037862,MarketGridChoice,4
1718905789.75,34.18,0.7839864902355699,0.7774454329119116,0.006541057301639159,MarketGridChoice,4
1718905790.0,34.16,0.7431911736773901,0.7791627056692877,-0.035971532013876525,MarketGridChoice,4
1718905790.25,34.16,0.7431911736773901,0.7810173252281092,-0.03782615157265358,MarketGridChoice,4
1718905790.5,34.16,0.7431911736773901,0.7829946674231619,-0.03980349376765941,MarketGridChoice,4
1718905790.75,34.16,0.7431911736773901,0.7850787258391052,-0.04188755218355507,MarketGridChoice,4
1718905791.0,34.18,0.7839864902355699,0.7872522860307899,-0.003265795817012057,MarketGridChoice,4
1718905791.25,34.18,0.7839864902355699,0.7894971405825464,-0.005510650368720019,MarketGridChoice,4
1718905791.5,34.18,0.7839864902355699,0.7917943411500485,-0.007807850936172828,MarketGridChoice,4
1718905791.75,34.18,0.7839864902355699,0.7941244813654063,-0.010137991151479621,MarketGridChoice,4
1718905792.0,34.21,0.8451794650728321,0.7964680027247397,0.04871146232650367,MarketGridChoice,4
1718905792.25,34.21,0.8451794650728321,0.7988055144860144,0.04637395056528876,MarketGridChoice,4
1718905792.5,34.21,0.8451794650728321,0.8011181182696482,0.044061346781720835,MarketGridChoice,4
1718905792.75,34.21,0.8451794650728321,0.803387728471231,0.0417917365802083,MarketGridChoice,4
1718905793.0,34.18,0.7839864902355699,0.8055973806487574,-0.021610890434507937,MarketGridChoice,4
1718905793.25,34.18,0.7839864902355699,0.8077315215030724,-0.023745031288751564,MarketGridChoice,4
1718905793.5,34.18,0.7839864902355699,0.80977627562601,-0.025789785411622305,MarketGridChoice,4
1718905793.75,34.18,0.7839864902355699,0.8117196855635382,-0.027733195349091064,MarketGridChoice,4
1718905794.0,34.21,0.8451794650728321,0.813551922761205,0.031627542290555324,MarketGridChoice,4
1718905794.25,34.21,0.8451794650728321,0.8152654676062578,0.029913997445545952,MarketGridChoice,4
1718905794.5,34.21,0.8451794650728321,0.8168552571462021,0.028324207905639796,MarketGridChoice,4
1718905794.75,34.21,0.8451794650728321,0.8183187992574339,0.026860665794443107,MarketGridChoice,4
1718905795.0,34.16,0.7431911736773901,0.8196562520969984,-0.07646507844053003,MarketGridChoice,4
1718905795.25,34.16,0.7431911736773901,0.820870467523873,-0.07767929386737149,MarketGridChoice,4
1718905795.5,34.16,0.7431911736773901,0.821966996693007,-0.0787758230364714,MarketGridChoice,4
1718905795.75,34.16,0.7431911736773901,0.8229540551346893,-0.07976288147811857,MarketGridChoice,4
1718905796.0,34.23,0.8859747816309974,0.8238424434451732,0.062132338165040935,MarketGridChoice,4
1718905796.25,34.23,0.8859747816309974,0.8246454185716167,0.0613293630386334,MarketGridChoice,4
1718905796.5,34.23,0.8859747816309974,0.825378510062601,0.060596271547682386,MarketGridChoice,4
1718905796.75,34.23,0.8859747816309974,0.826059276027729,0.05991550558258159,MarketGridChoice,4
1718905797.0,34.21,0.8451794650728321,0.8267069951372601,0.01847246991490305,MarketGridChoice,4
1718905797.25,34.21,0.8451794650728321,0.8273422937200186,0.017837171332149702,MarketGridChoice,4
1718905797.5,34.21,0.8451794650728321,0.8279867105614911,0.017192754490666026,MarketGridChoice,4
1718905797.75,34.21,0.8451794650728321,0.8286622059361657,0.016517259115960484,MarketGridChoice,4
1718905798.0,34.21,0.8451794650728321,0.8293906253269099,0.015788839725163005,MarketGridChoice,4
1718905798.25,34.21,0.8451794650728321,0.8301931318746902,0.014986333177305097,MarketGridChoice,4
1718905798.5,34.21,0.8451794650728321,0.8310896246323393,0.014089840419554585,MarketGridChoice,4
1718905798.75,34.21,0.8451794650728321,0.832098161985386,0.013081303066383767,MarketGridChoice,4
1718905799.0,34.18,0.7839864902355699,0.8332344109940951,-0.04924792077973179,MarketGridChoice,4
1718905799.25,34.18,0.7839864902355699,0.8345111437630031,-0.050524653548800647,MarketGridChoice,4
1718905799.5,34.18,0.7839864902355699,0.8359378011498373,-0.05195131093580831,MarketGridChoice,4
1718905799.75,34.18,0.7839864902355699,0.8375201421526928,-0.0535336519388451,MarketGridChoice,4
1718905800.0,34.21,0.8451794650728321,0.839259994256857,0.005919470794069459,MarketGridChoice,4
1718905800.25,34.21,0.8451794650728321,0.8411551161206177,0.004024348930129366,MarketGridChoice,4
1718905800.5,34.21,0.8451794650728321,0.8431991795767387,0.0019802854738394417,MarketGridChoice,4
1718905800.75,34.21,0.8451794650728321,0.8453818733804022,-0.00020240832997506578,MarketGridChoice,4
1718905801.0,34.21,0.8451794650728321,0.8476891267253966,-0.00250966167509528,MarketGridChoice,4
1718905801.25,34.21,0.8451794650728321,0.8501034464394938,-0.004923981389284616,MarketGridChoice,4
1718905801.5,34.21,0.8451794650728321,0.8526043580196266,-0.0074248929694678625,MarketGridChoice,4
1718905801.75,34.21,0.8451794650728321,0.8551689372920225,-0.009989472241865041,MarketGridChoice,4
1718905802.0,34.21,0.8451794650728321,0.8577724164912983,-0.012592951441088067,MarketGridChoice,4
1718905802.25,34.21,0.8451794650728321,0.8603888459709288,-0.01520938092060898,MarketGridChoice,4
1718905802.5,34.21,0.8451794650728321,0.8629917906324008,-0.0178123255819141,MarketGridChoice,4
1718905802.75,34.21,0.8451794650728321,0.8655550385618315,-0.020375573511120567,MarketGridChoice,4
1718905803.0,34.23,0.8859747816309974,0.8680532983841704,0.01792148322498589,MarketGridChoice,4
1718905803.25,34.23,0.8859747816309974,0.8704628615999651,0.015511920009525362,ForecastPage,4
1718905803.5,34.23,0.8859747816309974,0.8727622067790274,0.013212574830846414,ForecastPage,4
1718905803.75,34.23,0.8859747816309974,0.8749325240495985,0.011042257560700987,ForecastPage,4
1718905804.0,34.25,0.9267700981891772,0.8769581408862673,0.04981195728267149,ForecastPage,4
1718905804.25,34.25,0.9267700981891772,0.8788268337361261,0.047943264433295524,ForecastPage,4
1718905804.5,34.25,0.9267700981891772,0.8805300144289859,0.04624008374093017,ForecastPage,4
1718905804.75,34.25,0.9267700981891772,0.8820627854244434,0.04470731274596611,ForecastPage,4
1718905805.0,34.23,0.8859747816309974,0.883423863512354,0.002550918100354904,ForecastPage,4
1718905805.25,34.23,0.8859747816309974,0.8846153772850124,0.0013594043281486695,ForecastPage,4
1718905805.5,34.23,0.8859747816309974,0.8856425491758554,0.00033223243771957414,ForecastPage,4
1718905805.75,34.23,0.8859747816309974,0.8865132777634379,-0.0005384961494958439,ForecastPage,4
1718905806.0,34.23,0.8859747816309974,0.8872376400990848,-0.001262858484828858,ForecastPage,4
1718905806.25,34.23,0.8859747816309974,0.8878273368630262,-0.0018525552485135753,ForecastPage,4
1718905806.5,34.23,0.8859747816309974,0.8882951051069266,-0.002320323492215703,ForecastPage,4
1718905806.75,34.23,0.8859747816309974,0.8886541241747773,-0.0026793425599248334,ForecastPage,4
1718905807.0,34.21,0.8451794650728321,0.8889174401087556,-0.04373797505198046,ForecastPage,4
1718905807.25,34.21,0.8451794650728321,0.889097432455793,-0.04391796739898029,ForecastPage,4
1718905807.5,34.21,0.8451794650728321,0.8892053449309508,-0.04402587987414712,ForecastPage,4
1718905807.75,34.21,0.8451794650728321,0.8892508979511144,-0.04407143289436222,ForecastPage,4
1718905808.0,34.23,0.8859747816309974,0.8892419967940794,-0.003267215179251791,ForecastPage,4
1718905808.25,34.23,0.8859747816309974,0.8891845443235,-0.0032097627087971647,ForecastPage,4
1718905808.5,34.23,0.8859747816309974,0.8890823621722632,-0.0031075805577172565,ForecastPage,4
1718905808.75,34.23,0.8859747816309974,0.8889372193196247,-0.0029624377052651814,ForecastPage,4
1718905809.0,34.23,0.8859747816309974,0.8887489623940283,-0.002774180779882172,ForecastPage,4
1718905809.25,34.23,0.8859747816309974,0.8885157379570421,-0.0025409563431332575,ForecastPage,4
1718905809.5,34.23,0.8859747816309974,0.8882342935691723,-0.002259511955522005,ForecastPage,4
1718905809.75,34.23,0.8859747816309974,0.8879003416547898,-0.0019255600414157872,ForecastPage,4
1718905810.0,34.23,0.8859747816309974,0.8875089681022418,-0.0015341864891579788,ForecastPage,4
1718905810.25,34.23,0.8859747816309974,0.8870550661821864,-0.0010802845694034583,ForecastPage,4
1718905810.5,34.23,0.8859747816309974,0.8865337757654095,-0.000558994152934169,ForecastPage,4
1718905810.75,34.23,0.8859747816309974,0.8859409079913505,3.387362081310949e-05,ForecastPage,4
1718905811.0,34.25,0.9267700981891772,0.8852733364972156,0.04149676167281482,ForecastPage,4
1718905811.25,34.25,0.9267700981891772,0.8845293380743773,0.042240760095343416,ForecastPage,4
1718905811.5,34.25,0.9267700981891772,0.8837088681622401,0.043061230007180394,ForecastPage,4
1718905811.75,34.25,0.9267700981891772,0.882813759858821,0.043956338310315236,ForecastPage,4
1718905812.0,34.23,0.8859747816309974,0.8818478389775758,0.004126942633117872,ForecastPage,4
1718905812.25,34.23,0.8859747816309974,0.8808169518708773,0.00515782973957922,ForecastPage,4
1718905812.5,34.23,0.8859747816309974,0.8797289069630733,0.0062458746471736465,ForecastPage,4
1718905812.75,34.23,0.8859747816309974,0.8785933348736616,0.007381446736402975,ForecastPage,4
1718905813.0,34.21,0.8451794650728321,0.8774214754006514,-0.03224201034890852,ForecastPage,4
1718905813.25,34.21,0.8451794650728321,0.8762259022972682,-0.031046437245657192,ForecastPage,4
1718905813.5,34.21,0.8451794650728321,0.8750201986183693,-0.029840733566866902,ForecastPage,4
1718905813.75,34.21,0.8451794650728321,0.8738185964220392,-0.028639131370622663,ForecastPage,4
1718905814.0,34.23,0.8859747816309974,0.8726355948566054,0.013339186752912263,ForecastPage,4
1718905814.25,34.23,0.8859747816309974,0.8714855702964596,0.014489211313015397,ForecastPage,4
1718905814.5,34.23,0.8859747816309974,0.8703823914150082,0.015592390194446474,ForecastPage,4
1718905814.75,34.23,0.8859747816309974,0.8693390510921761,0.016635730517280435,ForecastPage,4
1718905815.0,34.21,0.8451794650728321,0.8683673259674367,-0.023187860916121912,ForecastPage,4
1718905815.25,34.21,0.8451794650728321,0.8674774732904612,-0.022298008239101885,ForecastPage,4
1718905815.5,34.21,0.8451794650728321,0.8666779734417569,-0.021498508390333213,ForecastPage,4
1718905815.75,34.21,0.8451794650728321,0.8659753250364914,-0.020795859984986006,ForecastPage,4
1718905816.0,34.23,0.8859747816309974,0.8653738978788927,0.02060088373087375,ForecastPage,4
1718905816.25,34.23,0.8859747816309974,0.8648758472723019,0.021098934337570843,ForecastPage,4
1718905816.5,34.23,0.8859747816309974,0.8644810914340613,0.021493690175922817,ForecastPage,4
1718905816.75,34.23,0.8859747816309974,0.8641873521304867,0.021787429479607184,ForecastPage,4
1718905817.0,34.21,0.8451794650728321,0.863990257183211,-0.01881079213118027,ForecastPage,4
1718905817.25,34.21,0.8451794650728321,0.8638835021603609,-0.018704037108242023,ForecastPage,4
1718905817.5,34.21,0.8451794650728321,0.8638590672448547,-0.018679602192667046,ForecastPage,4
1718905817.75,34.21,0.8451794650728321,0.8639074838543589,-0.018728018802126208,ForecastPage,4
1718905818.0,34.21,0.8451794650728321,0.8640181440185131,-0.01883867896626314,ForecastPage,4
1718905818.25,34.21,0.8451794650728321,0.8641796438323753,-0.019000178780139192,ForecastPage,4
1718905818.5,34.21,0.8451794650728321,0.8643801506107608,-0.019200685558571375,ForecastPage,4
1718905818.75,34.21,0.8451794650728321,0.8646077818206522,-0.019428316768542973,ForecastPage,4
1718905819.0,34.23,0.8859747816309974,0.8648509826392446,0.021123798970917627,ForecastPage,4
1718905819.25,34.23,0.8859747816309974,0.8650988882454419,0.02087589336457929,ForecastPage,4
1718905819.5,34.23,0.8859747816309974,0.8653416568597644,0.02063312475009215,ForecastPage,4
1718905819.75,34.23,0.8859747816309974,0.8655707602157539,0.020404021393920894,ForecastPage,4
1718905820.0,34.23,0.8859747816309974,0.8657792196130804,0.020195561996403336,ForecastPage,4
1718905820.25,34.23,0.8859747816309974,0.8659617779150808,0.020013003694211922,ForecastPage,4
1718905820.5,34.23,0.8859747816309974,0.8661150006819102,0.019859780927200407,ForecastPage,4
1718905820.75,34.23,0.8859747816309974,0.8662373029029226,0.019737478706023357,ForecastPage,4
1718905821.0,34.23,0.8859747816309974,0.8663289013216824,0.019645880287123465,ForecastPage,4
1718905821.25,34.23,0.8859747816309974,0.8663916959457012,0.01958308566299519,ForecastPage,4
1718905821.5,34.23,0.8859747816309974,0.8664290878134159,0.019545693795206626,ForecastPage,4
1718905821.75,34.23,0.8859747816309974,0.8664457432673334,0.019529038341253368,ForecastPage,4
1718905822.0,34.21,0.8451794650728321,0.86644731767042,-0.021267852619996867,ForecastPage,4
1718905822.25,34.21,0.8451794650728321,0.866440153523069,-0.02126068847260936,ForecastPage,4
1718905822.5,34.21,0.8451794650728321,0.8664309691280522,-0.021251504077525234,ForecastPage,4
1718905822.75,34.21,0.8451794650728321,0.866426554193515,-0.021247089142894082,ForecastPage,4
1718905823.0,34.21,0.8451794650728321,0.866433488020369,-0.02125402296963159,ForecastPage,4
1718905823.25,34.21,0.8451794650728321,0.8664578942452716,-0.021278429194400154,ForecastPage,4
1718905823.5,34.21,0.8451794650728321,0.8665052436367484,-0.021325778585730027,ForecastPage,4
1718905823.75,34.21,0.8451794650728321,0.8665802133475324,-0.021400748296358515,ForecastPage,4
1718905824.0,34.21,0.8451794650728321,0.8666866075052696,-0.021507142453935382,ForecastPage,4
1718905824.25,34.21,0.8451794650728321,0.8668273402746046,-0.021647875223108085,ForecastPage,4
1718905824.5,34.21,0.8451794650728321,0.8670044787452326,-0.021825013693573377,ForecastPage,4
1718905824.75,34.21,0.8451794650728321,0.8672193393921837,-0.022039874340362663,ForecastPage,4
1718905825.0,34.23,0.8859747816309974,0.867472628616183,0.018502152993963482,ForecastPage,4
1718905825.25,34.23,0.8859747816309974,0.8677646152004748,0.01821016640982923,ForecastPage,4
1718905825.5,34.23,0.8859747816309974,0.868095320597712,0.017879461012745245,ForecastPage,4
1718905825.75,34.23,0.8859747816309974,0.8684647119251184,0.017510069685487264,ForecastPage,4
1718905826.0,34.23,0.8859747816309974,0.8688728824607606,0.01710189914998823,ForecastPage,4
1718905826.25,34.23,0.8859747816309974,0.8693202052697239,0.01665457634116249,ForecastPage,4
1718905826.5,34.23,0.8859747816309974,0.8698074472421531,0.01616733436886402,ForecastPage,4
1718905826.75,34.23,0.8859747816309974,0.8703358331498792,0.015638948461259555,ForecastPage,4
1718905827.0,34.23,0.8859747816309974,0.8709070521657769,0.015067729445470971,ForecastPage,4
1718905827.25,34.23,0.8859747816309974,0.8715232024812593,0.014451579130080872,ForecastPage,4
1718905827.5,34.23,0.8859747816309974,0.872186673047407,0.013788108564001898,ForecastPage,4
1718905827.75,34.23,0.8859747816309974,0.8728999649037052,0.013074816707743001,ForecastPage,4
1718905828.0,34.23,0.8859747816309974,0.8736654578997036,0.012309323711749658,ForecastPage,4
1718905828.25,34.23,0.8859747816309974,0.8744851317190201,0.011489649892401177,ForecastPage,4
1718905828.5,34.23,0.8859747816309974,0.8753602528475812,0.010614528763769965,ForecastPage,4
1718905828.75,34.23,0.8859747816309974,0.8762910413607129,0.009683740250530006,ForecastPage,4
1718905829.0,34.21,0.8451794650728321,0.8772763330155748,-0.032096867962642425,ForecastPage,4
1718905829.25,34.21,0.8451794650728321,0.8783132530162732,-0.03313378796351927,ForecastPage,4
1718905829.5,34.21,0.8451794650728321,0.879396917883,-0.03421745283045254,ForecastPage,4
1718905829.75,34.21,0.8451794650728321,0.8805201810707389,-0.035340716018418795,ForecastPage,4
1718905830.0,34.23,0.8859747816309974,0.881673436400855,0.004301345209390808,ForecastPage,4
1718905830.25,34.23,0.8859747816309974,0.8828444911428397,0.0031302904671636662,ForecastPage,4
1718905830.5,34.23,0.8859747816309974,0.8840185179371708,0.001956263672596034,ForecastPage,4
1718905830.75,34.23,0.8859747816309974,0.8851780919172842,0.0007966896922613036,ForecastPage,4
1718905831.0,34.23,0.8859747816309974,0.8863033165516329,-0.0003285349422838084,ForecastPage,4
1718905831.25,34.23,0.8859747816309974,0.8873720389889704,-0.001397257379784125,ForecastPage,4
1718905831.5,34.23,0.8859747816309974,0.8883601530875938,-0.002385371478528081,ForecastPage,4
1718905831.75,34.23,0.8859747816309974,0.8892419858446791,-0.003267204235686194,ForecastPage,4
1718905832.0,34.23,0.8859747816309974,0.8899907606113138,-0.0040159790023431875,ForecastPage,4
1718905832.25,34.23,0.8859747816309974,0.8905791282851028,-0.004604346676104331,ForecastPage,4
1718905832.5,34.23,0.8859747816309974,0.89097975562743,-0.005004974018357071,ForecastPage,4
1718905832.75,34.23,0.8859747816309974,0.8911659579775923,-0.005191176368403214,ForecastPage,4
1718905833.0,34.23,0.8859747816309974,0.8911123619600425,-0.005137580350701247,ForecastPage,4
1718905833.25,34.23,0.8859747816309974,0.8907955823395052,-0.004820800729981235,MarketWaitPage,4
1718905833.5,34.23,0.8859747816309974,0.8901948960125536,-0.004220114402823441,MarketWaitPage,4
1718905833.75,34.23,0.8859747816309974,0.8892928952775971,-0.003318113667644202,MarketWaitPage,4
1718905834.0,34.23,0.8859747816309974,0.8880761020437866,-0.0021013204336023847,MarketWaitPage,4
1718905834.25,34.23,0.8859747816309974,0.8865355245680295,-0.0005607429576139347,MarketWaitPage,4
1718905834.5,34.23,0.8859747816309974,0.8846671386898002,0.001307642920836701,MarketWaitPage,4
1718905834.75,34.23,0.8859747816309974,0.8824722764016676,0.0035025052091701126,MarketWaitPage,4
1718905835.0,34.23,0.8859747816309974,0.8799579059767472,0.006016875634261263,MarketWaitPage,4
1718905835.25,34.23,0.8859747816309974,0.8771367897884967,0.00883799182264356,MarketWaitPage,4
1718905835.5,34.23,0.8859747816309974,0.8740275084048567,0.011947273206368778,MarketWaitPage,4
1718905835.75,34.23,0.8859747816309974,0.870654342501693,0.01532043910956483,MarketWaitPage,4
1718905836.0,34.23,0.8859747816309974,0.8670470075834513,0.018927774027782694,MarketWaitPage,4
1718905836.25,34.23,0.8859747816309974,0.8632402403621463,0.022734541249006587,MarketWaitPage,4
1718905836.5,34.23,0.8859747816309974,0.8592732398434677,0.026701541767547205,MarketWaitPage,4
1718905836.75,34.23,0.8859747816309974,0.855188970586287,0.030785811024534676,MarketWaitPage,4
1718905837.0,34.21,0.8451794650728321,0.8510333400938465,-0.005853875041435412,MarketWaitPage,4
1718905837.25,34.21,0.8451794650728321,0.8468542666864952,-0.0016748016343767352,RoundResultsPage,4
1718905837.5,34.21,0.8451794650728321,0.842700658303737,0.002478806748047708,RoundResultsPage,4
1718905837.75,34.21,0.8451794650728321,0.8386213263024122,0.006558138749004592,RoundResultsPage,4
1718905838.0,34.21,0.8451794650728321,0.834663861313384,0.010515603737639056,RoundResultsPage,4
1718905838.25,34.21,0.8451794650728321,0.830873500501956,0.014305964548656428,RoundResultsPage,4
1718905838.5,34.21,0.8451794650728321,0.8272920170978911,0.017887447952302633,RoundResultsPage,4
1718905838.75,34.21,0.8451794650728321,0.823956663776221,0.02122280127355384,RoundResultsPage,4
1718905839.0,34.18,0.7839864902355699,0.8208992013166774,-0.0369127111045775,RoundResultsPage,4
1718905839.25,34.18,0.7839864902355699,0.8181450428570735,-0.03415855264537404,RoundResultsPage,4
1718905839.5,34.18,0.7839864902355699,0.8157125418844057,-0.031726051673088215,RoundResultsPage,4
1718905839.75,34.18,0.7839864902355699,0.8136124488108821,-0.029625958599921582,RoundResultsPage,4
1718905840.0,34.18,0.7839864902355699,0.811847556580924,-0.027861066370289317,RoundResultsPage,4
1718905840.25,34.18,0.7839864902355699,0.810412550382198,-0.026426060171853297,RoundResultsPage,4
1718905840.5,34.18,0.7839864902355699,0.8092940704133255,-0.025307580203230606,RoundResultsPage,4
1718905840.75,34.18,0.7839864902355699,0.8084709900618507,-0.02448449985196137,RoundResultsPage,4
1718905841.0,34.18,0.7839864902355699,0.8079149050426466,-0.023928414832914566,RoundResultsPage,4
1718905841.25,34.18,0.7839864902355699,0.8075908223025288,-0.02360433209290324,RoundResultsPage,4
1718905841.5,34.18,0.7839864902355699,0.8074580310617956,-0.023471540852224013,RoundResultsPage,4
1718905841.75,34.18,0.7839864902355699,0.80747113247737,-0.02348464226779857,RoundResultsPage,4
1718905842.0,34.21,0.8451794650728321,0.8075811993062955,0.03759826574059249,RoundResultsPage,4
1718905842.25,34.21,0.8451794650728321,0.8077370328424489,0.03744243220454781,RoundResultsPage,4
1718905842.5,34.21,0.8451794650728321,0.8078864814848075,0.03729298356235233,RoundResultsPage,4
1718905842.75,34.21,0.8451794650728321,0.8079777836950486,0.0372016813523279,RoundResultsPage,4
1718905843.0,34.18,0.7839864902355699,0.8079608978212681,-0.023974407610885,RoundResultsPage,4
1718905843.25,34.18,0.7839864902355699,0.8077887821741564,-0.023802291963453966,RoundResultsPage,4
1718905843.5,34.18,0.7839864902355699,0.8074185906218981,-0.023432100410828507,RoundResultsPage,4
1718905843.75,34.18,0.7839864902355699,0.8068127516009664,-0.022826261389484948,RoundResultsPage,4
1718905844.0,34.21,0.8451794650728321,0.8059399016942355,0.03923956335496025,RoundResultsPage,4
1718905844.25,34.21,0.8451794650728321,0.8047756488065552,0.040403816243127263,RoundResultsPage,4
1718905844.5,34.21,0.8451794650728321,0.8033031445616028,0.041876320488595166,RoundResultsPage,4
1718905844.75,34.21,0.8451794650728321,0.8015134509390706,0.04366601411166565,RoundResultsPage,4
1718905845.0,34.21,0.8451794650728321,0.7994056923565993,0.045773772694690434,RoundResultsPage,4
1718905845.25,34.21,0.8451794650728321,0.7969869912214381,0.04819247383041214,RoundResultsPage,4
1718905845.5,34.21,0.8451794650728321,0.7942721921500273,0.05090727290238203,RoundResultsPage,4
1718905845.75,34.21,0.8451794650728321,0.7912833872162298,0.0538960778367293,RoundResultsPage,4
1718905846.0,34.16,0.7431911736773901,0.7880492613365171,-0.04485808767846637,RoundResultsPage,4
1718905846.25,34.16,0.7431911736773901,0.7846042828129322,-0.04141310915436854,RoundResultsPage,4
1718905846.5,34.16,0.7431911736773901,0.780987768730851,-0.03779659507179772,RoundResultsPage,4
1718905846.75,34.16,0.7431911736773901,0.7772428580336879,-0.03405168437416983,RoundResultsPage,4
1718905847.0,34.16,0.7431911736773901,0.7734154265236608,-0.030224252863703487,RoundResultsPage,4
1718905847.25,34.16,0.7431911736773901,0.7695529778239838,-0.026361804163612473,RoundResultsPage,4
1718905847.5,34.16,0.7431911736773901,0.7657035427043842,-0.022512369043623838,RoundResultsPage,4
1718905847.75,34.16,0.7431911736773901,0.761914616417953,-0.018723442756828315,RoundResultsPage,4
1718905848.0,34.16,0.7431911736773901,0.7582321601297294,-0.015040986468265918,RoundResultsPage,4
1718905848.25,34.16,0.7431911736773901,0.7546996884169345,-0.011508514755159426,RiskPage1,4
1718905848.5,34.16,0.7431911736773901,0.751357460433644,-0.008166286771587816,RiskPage1,4
1718905848.75,34.16,0.7431911736773901,0.7482417878698001,-0.005050614207496609,RiskPage1,4
1718905849.0,34.16,0.7431911736773901,0.7453844684718158,-0.0021932948093021966,RiskPage1,4
1718905849.25,34.16,0.7431911736773901,0.742812349771788,0.00037882389089603265,RiskPage1,4
1718905849.5,34.16,0.7431911736773901,0.7405470239041271,0.0026441497586856717,RiskPage1,4
1718905849.75,34.16,0.7431911736773901,0.7386046510510978,0.004586522611799827,RiskPage1,4
1718905850.0,34.16,0.7431911736773901,0.7369959062024777,0.006195267460459438,RiskPage1,4
1718905850.25,34.16,0.7431911736773901,0.7357260415630492,0.007465132099881066,RiskPage1,4
1718905850.5,34.16,0.7431911736773901,0.7347950550949697,0.008396118567907371,RiskPage1,4
1718905850.75,34.16,0.7431911736773901,0.7341979543192503,0.008993219343528225,RiskPage1,4
1718905851.0,34.16,0.7431911736773901,0.7339251035826735,0.0092660700799632,RiskPage1,4
1718905851.25,34.16,0.7431911736773901,0.7339626424695718,0.009228531192882326,RiskPage1,4
1718905851.5,34.16,0.7431911736773901,0.7342929628362179,0.00889821082601647,RiskPage1,4
1718905851.75,34.16,0.7431911736773901,0.7348952319946142,0.008295941667367947,RiskPage1,4
1718905852.0,34.15,0.7227935153983075,0.7357459497922159,-0.012952434409596428,RiskPage1,4
1718905852.25,34.15,0.7227935153983075,0.7368195276437196,-0.014026012261403244,RiskPage1,4
1718905852.5,34.15,0.7227935153983075,0.7380888778981424,-0.015295362516146091,RiskPage1,4
1718905852.75,34.15,0.7227935153983075,0.7395260022218363,-0.016732486840171763,RiskPage1,4
1718905853.0,34.16,0.7431911736773901,0.7411025679428663,0.002088605717542196,RiskPage1,4
1718905853.25,34.16,0.7431911736773901,0.7427904615839898,0.00040071207607784596,RiskPage2,4
1718905853.5,34.16,0.7431911736773901,0.7445623092004134,-0.0013711355406855678,RiskPage2,4
1718905853.75,34.16,0.7431911736773901,0.7463919537361621,-0.0032007800767700446,RiskPage2,4
1718905854.0,34.18,0.7839864902355699,0.748254880502904,0.03573160971433666,RiskPage2,4
1718905854.25,34.18,0.7839864902355699,0.7501285831167708,0.03385790710014368,RiskPage2,4
1718905854.5,34.18,0.7839864902355699,0.7519928638111999,0.03199362640539349,RiskPage2,4
1718905854.75,34.18,0.7839864902355699,0.753830063935591,0.03015642628068728,RiskPage2,4
1718905855.0,34.15,0.7227935153983075,0.755625222539896,-0.03283170716118794,RiskPage2,4
1718905855.25,34.15,0.7227935153983075,0.7573661630506237,-0.0345726476722162,RiskPage2,4
1718905855.5,34.15,0.7227935153983075,0.7590435099446518,-0.036249994566536915,RiskPage2,4
1718905855.75,34.15,0.7227935153983075,0.7606506388437216,-0.03785712346589038,RiskPage2,4
1718905856.0,34.18,0.7839864902355699,0.7621835645214456,0.021802925693375177,RiskPage2,4
1718905856.25,34.18,0.7839864902355699,0.7636407720208362,0.020345718193725378,RiskPage2,4
1718905856.5,34.18,0.7839864902355699,0.765022996616386,0.018963493597933007,RiskPage2,4
1718905856.75,34.18,0.7839864902355699,0.7663329589287682,0.017653531285327366,RiskPage2,4
1718905857.0,34.18,0.7839864902355699,0.7675750622433727,0.016411427970520816,RiskPage2,4
1718905857.25,34.18,0.7839864902355699,0.7687550600065095,0.01523143020720345,RiskPage2,4
1718905857.5,34.18,0.7839864902355699,0.7698797024826046,0.014106787730948556,RiskPage2,4
1718905857.75,34.18,0.7839864902355699,0.770956372505422,0.013030117707991147,RiskPage2,4
1718905858.0,34.16,0.7431911736773901,0.771992720987222,-0.028801547332110624,RiskPage2,4
1718905858.25,34.16,0.7431911736773901,0.7729963132125122,-0.029805139557507264,RiskPage2,4
1718905858.5,34.16,0.7431911736773901,0.773974296815656,-0.0307831231607452,RiskPage2,4
1718905858.75,34.16,0.7431911736773901,0.7749331016572825,-0.03174192800245643,RiskPage2,4
1718905859.0,34.18,0.7839864902355699,0.7758781805942608,0.00810830961866598,RiskPage2,4
1718905859.25,34.18,0.7839864902355699,0.7768137985028173,0.007172691710032878,RiskPage3,4
1718905859.5,34.18,0.7839864902355699,0.7777428750558211,0.006243615156952095,RiskPage3,4
1718905859.75,34.18,0.7839864902355699,0.7786668848742317,0.005319605338462137,RiskPage3,4
1718905860.0,34.18,0.7839864902355699,0.7795858169176811,0.0044006732949310665,RiskPage3,4
1718905860.25,34.18,0.7839864902355699,0.7804981934175346,0.0034882967949944324,RiskPage3,4
1718905860.5,34.18,0.7839864902355699,0.7814011472859617,0.002585342926484274,RiskPage3,4
1718905860.75,34.18,0.7839864902355699,0.782290555719003,0.00169593449336261,RiskPage3,4
1718905861.0,34.18,0.7839864902355699,0.7831612266047172,0.0008252636075726993,RiskPage3,4
1718905861.25,34.18,0.7839864902355699,0.7840071333084409,-2.0643096220739586e-05,RiskPage3,4
1718905861.5,34.18,0.7839864902355699,0.7848216924032966,-0.0008352021911393875,RiskPage3,4
1718905861.75,34.18,0.7839864902355699,0.7855980779210541,-0.001611587708952142,RiskPage3,4
1718905862.0,34.18,0.7839864902355699,0.786329564700223,-0.002343074488168044,RiskPage3,4
1718905862.25,34.18,0.7839864902355699,0.7870098923968414,-0.003023402184825754,RiskPage3,4
1718905862.5,34.18,0.7839864902355699,0.7876336406986446,-0.003647150486662229,RiskPage3,4
1718905862.75,34.18,0.7839864902355699,0.7881966052525047,-0.00421011504055124,RiskPage3,4
1718905863.0,34.16,0.7431911736773901,0.7886961627931202,-0.045504989139373064,RiskPage3,4
1718905863.25,34.16,0.7431911736773901,0.7891316129732868,-0.04594043931956562,RiskPage3,4
1718905863.5,34.16,0.7431911736773901,0.7895044834910809,-0.046313309837386095,RiskPage3,4
1718905863.75,34.16,0.7431911736773901,0.7898187843857518,-0.04662761073208357,RiskPage3,4
1718905864.0,34.21,0.8451794650728321,0.7900811970132551,0.05509826803583029,RiskPage3,4
1718905864.25,34.21,0.8451794650728321,0.7903011834844554,0.05487828156460993,RiskPage4,4
1718905864.5,34.21,0.8451794650728321,0.7904910035647206,0.05468846148433396,RiskPage4,4
1718905864.75,34.21,0.8451794650728321,0.7906656284401399,0.05451383660891743,RiskPage4,4
1718905865.0,34.21,0.8451794650728321,0.7908425444246429,0.054336920624433786,RiskPage4,4
1718905865.25,34.21,0.8451794650728321,0.7910414444575438,0.054138020591570565,RiskPage4,4
1718905865.5,34.21,0.8451794650728321,0.7912838107734832,0.05389565427568831,RiskPage4,4
1718905865.75,34.21,0.8451794650728321,0.7915923979577384,0.05358706709151098,RiskPage4,4
1718905866.0,34.16,0.7431911736773901,0.7919906312317104,-0.04879945757780352,RiskPage4,4
1718905866.25,34.16,0.7431911736773901,0.7925019397502213,-0.04931076609619289,RiskPage4,4
1718905866.5,34.16,0.7431911736773901,0.7931490484812446,-0.04995787482707286,RiskPage4,4
1718905866.75,34.16,0.7431911736773901,0.7939532545411205,-0.050762080886785285,RiskPage4,4
1718905867.0,34.18,0.7839864902355699,0.7949337145334924,-0.010947224320796096,RiskPage4,4
1718905867.25,34.18,0.7839864902355699,0.796106768582018,-0.012120278369125746,RiskPage4,4
1718905867.5,34.18,0.7839864902355699,0.7974853246328302,-0.013498834419728989,RiskPage4,4
1718905867.75,34.18,0.7839864902355699,0.7990783235833977,-0.015091833370075813,RiskPage4,4
1718905868.0,34.18,0.7839864902355699,0.8008903021920424,-0.016903811978488843,RiskPage4,4
1718905868.25,34.18,0.7839864902355699,0.8029210667839366,-0.018934576570141668,RiskPage4,4
1718905868.5,34.18,0.7839864902355699,0.8051654866759324,-0.021178996461888512,RiskPage4,4
1718905868.75,34.18,0.7839864902355699,0.8076134121433803,-0.02362692192908298,RiskPage4,4
1718905869.0,34.21,0.8451794650728321,0.8102497177941349,0.03492974725767931,RiskPage4,4
1718905869.25,34.21,0.8451794650728321,0.8130544685527785,0.032124996499286865,PreMarketWait,5
1718905869.5,34.21,0.8451794650728321,0.8160032022397247,0.029176262812582475,PreMarketWait,5
1718905869.75,34.21,0.8451794650728321,0.8190673200571458,0.02611214499538534,PreMarketWait,5
1718905870.0,34.18,0.7839864902355699,0.8222145741745841,-0.03822808395911655,PreMarketWait,5
1718905870.25,34.18,0.7839864902355699,0.825409639938954,-0.04142314972332012,PreMarketWait,5
1718905870.5,34.18,0.7839864902355699,0.8286147588476376,-0.04462826863187601,PreMarketWait,5
1718905870.75,34.18,0.7839864902355699,0.8317904371778674,-0.04780394696202181,PreMarketWait,5
1718905871.0,34.23,0.8859747816309974,0.834896184038317,0.05107859757299369,PreMarketWait,5
1718905871.25,34.23,0.8859747816309974,0.8378912717321966,0.04808350987910461,PreMarketWait,5
1718905871.5,34.23,0.8859747816309974,0.8407355009317381,0.04523928067950766,PreMarketWait,5
1718905871.75,34.23,0.8859747816309974,0.8433899534831403,0.04258482812800707,PreMarketWait,5
1718905872.0,34.21,0.8451794650728321,0.8458177167696247,-0.0006382517167804053,PreMarketWait,5
1718905872.25,34.21,0.8451794650728321,0.8479845653425331,-0.0028051002898609213,PreMarketWait,5
1718905872.5,34.21,0.8451794650728321,0.849859587720196,-0.004680122667724756,PreMarketWait,5
1718905872.75,34.21,0.8451794650728321,0.8514157485446255,-0.0062362834923772315,PreMarketWait,5
1718905873.0,34.21,0.8451794650728321,0.8526303784305248,-0.007450913378514697,PreMarketWait,5
1718905873.25,34.21,0.8451794650728321,0.8534855856999747,-0.00830612064821232,MarketGridChoice,5
1718905873.5,34.21,0.8451794650728321,0.8539685857267952,-0.008789120675284591,MarketGridChoice,5
1718905873.75,34.21,0.8451794650728321,0.8540719448361492,-0.008892479784888746,MarketGridChoice,5
1718905874.0,34.21,0.8451794650728321,0.8537937366676362,-0.008614271616619536,MarketGridChoice,5
1718905874.25,34.21,0.8451794650728321,0.8531376096789397,-0.007958144628156867,MarketGridChoice,5
1718905874.5,34.21,0.8451794650728321,0.8521127651152614,-0.006933300064700715,MarketGridChoice,5
1718905874.75,34.21,0.8451794650728321,0.8507338453749642,-0.0055543803246125515,MarketGridChoice,5
1718905875.0,34.21,0.8451794650728321,0.8490207333426374,-0.0038412682924813847,MarketGridChoice,5
1718905875.25,34.21,0.8451794650728321,0.8469982640132508,-0.0018187989632777873,MarketGridChoice,5
1718905875.5,34.21,0.8451794650728321,0.8446958506651839,0.0004836143846184363,MarketGridChoice,5
1718905875.75,34.21,0.8451794650728321,0.8421470290163346,0.0030324360333091258,MarketGridChoice,5
1718905876.0,34.23,0.8859747816309974,0.8393889242638481,0.04658585734381441,MarketGridChoice,5
1718905876.25,34.23,0.8859747816309974,0.83646164769243,0.04951313391509765,MarketGridChoice,5
1718905876.5,34.23,0.8859747816309974,0.8334076316316397,0.052567149975763464,MarketGridChoice,5
1718905876.75,34.23,0.8859747816309974,0.8302709138761679,0.055703867731119114,MarketGridChoice,5
1718905877.0,34.18,0.7839864902355699,0.827096385081521,-0.043109894869770585,MarketGridChoice,5
1718905877.25,34.18,0.7839864902355699,0.8239290148276822,-0.039942524616035056,MarketGridChoice,5
1718905877.5,34.18,0.7839864902355699,0.8208130736590356,-0.036826583447487043,MarketGridChoice,5
1718905877.75,34.18,0.7839864902355699,0.8177913691528652,-0.03380487894141229,MarketGridChoice,5
1718905878.0,34.18,0.7839864902355699,0.8149045137836332,-0.03091802357227419,MarketGridChoice,5
1718905878.25,34.18,0.7839864902355699,0.8121902410799753,-0.028203750868709243,MarketGridChoice,5
1718905878.5,34.18,0.7839864902355699,0.8096827845257852,-0.025696294314610738,MarketGridChoice,5
1718905878.75,34.18,0.7839864902355699,0.8074123311286852,-0.02342584091759992,MarketGridChoice,5
1718905879.0,34.21,0.8451794650728321,0.8054045588749753,0.03977490617328553,MarketGridChoice,5
1718905879.25,34.21,0.8451794650728321,0.8036802646933788,0.04149920035479834,MarketGridChoice,5
1718905879.5,34.21,0.8451794650728321,0.8022550872949882,0.04292437775310841,MarketGridChoice,5
1718905879.75,34.21,0.8451794650728321,0.801139327488234,0.04404013755978444,MarketGridChoice,5
1718905880.0,34.18,0.7839864902355699,0.80033786729237,-0.016351377081690932,MarketGridChoice,5
1718905880.25,34.18,0.7839864902355699,0.7998501882443401,-0.01586369803373908,MarketGridChoice,5
1718905880.5,34.18,0.7839864902355699,0.7996704884574319,-0.015683998246912023,MarketGridChoice,5
1718905880.75,34.18,0.7839864902355699,0.7997878969781108,-0.015801406767677127,MarketGridChoice,5
1718905881.0,34.18,0.7839864902355699,0.800186782613845,-0.016200292403505727,MarketGridChoice,5
1718905881.25,34.18,0.7839864902355699,0.8008471526110759,-0.016860662400842046,MarketGridChoice,5
1718905881.5,34.18,0.7839864902355699,0.8017451344022163,-0.01775864419210158,MarketGridChoice,5
1718905881.75,34.18,0.7839864902355699,0.8028535312323125,-0.018867041022333237,MarketGridChoice,5
1718905882.0,34.18,0.7839864902355699,0.8041424399644064,-0.020155949754580755,MarketGridChoice,5
1718905882.25,34.18,0.7839864902355699,0.8055799169013946,-0.021593426691741604,MarketGridChoice,5
1718905882.5,34.18,0.7839864902355699,0.8071326752114663,-0.023146185002002974,MarketGridChoice,5
1718905882.75,34.18,0.7839864902355699,0.8087667956722241,-0.02478030546296396,MarketGridChoice,5
1718905883.0,34.21,0.8451794650728321,0.8104484311330471,0.0347310339132643,MarketGridChoice,5
1718905883.25,34.21,0.8451794650728321,0.8121444845198673,0.033034980526232154,MarketGridChoice,5
1718905883.5,34.21,0.8451794650728321,0.8138232405430211,0.03135622450287364,MarketGridChoice,5
1718905883.75,34.21,0.8451794650728321,0.8154549326360226,0.029724532409683497,MarketGridChoice,5
1718905884.0,34.21,0.8451794650728321,0.8170122290675618,0.02816723597798046,MarketGridChoice,5
1718905884.25,34.21,0.8451794650728321,0.8184706255220292,0.026708839523381094,MarketGridChoice,5
1718905884.5,34.21,0.8451794650728321,0.8198087355250134,0.02537072952030291,MarketGridChoice,5
1718905884.75,34.21,0.8451794650728321,0.8210084746374765,0.024170990407788005,MarketGridChoice,5
1718905885.0,34.21,0.8451794650728321,0.8220551390834904,0.02312432596176767,MarketGridChoice,5
1718905885.25,34.21,0.8451794650728321,0.8229373841479588,0.02224208089734091,MarketGridChoice,5
1718905885.5,34.21,0.8451794650728321,0.8236471120319424,0.02153235301344815,MarketGridChoice,5
1718905885.75,34.21,0.8451794650728321,0.8241792826456033,0.02100018239992691,MarketGridChoice,5
1718905886.0,34.18,0.7839864902355699,0.8245316638255162,-0.04054517361706201,MarketGridChoice,5
1718905886.25,34.18,0.7839864902355699,0.8247045394725302,-0.04071804926384615,MarketGridChoice,5
1718905886.5,34.18,0.7839864902355699,0.8247003949400993,-0.04071390473114548,MarketGridChoice,5
1718905886.75,34.18,0.7839864902355699,0.8245235985561596,-0.04053710834689973,MarketGridChoice,5
1718905887.0,34.18,0.7839864902355699,0.8241800964514083,-0.04019360624180947,MarketGridChoice,5
1718905887.25,34.18,0.7839864902355699,0.8236771350543399,-0.03969064484437272,MarketGridChoice,5
1718905887.5,34.18,0.7839864902355699,0.8230230219784938,-0.03903653176813295,MarketGridChoice,5
1718905887.75,34.18,0.7839864902355699,0.822226931916907,-0.03824044170613221,MarketGridChoice,5
1718905888.0,34.21,0.8451794650728321,0.8212987599425546,0.023880705105911337,MarketGridChoice,5
1718905888.25,34.21,0.8451794650728321,0.8202490206582717,0.024930444390631676,MarketGridChoice,5
1718905888.5,34.21,0.8451794650728321,0.8190887882828343,0.026090676766507538,MarketGridChoice,5
1718905888.75,34.21,0.8451794650728321,0.8178296702661038,0.027349794783669244,MarketGridChoice,5
1718905889.0,34.21,0.8451794650728321,0.8164838055355417,0.028695659514646317,MarketGridChoice,5
1718905889.25,34.21,0.8451794650728321,0.8150638779799589,0.03011558707061937,MarketGridChoice,5
1718905889.5,34.21,0.8451794650728321,0.8135831361382342,0.03159632891270289,MarketGridChoice,5
1718905889.75,34.21,0.8451794650728321,0.8120554110674445,0.03312405398381383,MarketGridChoice,5
1718905890.0,34.18,0.7839864902355699,0.8104951257667595,-0.026508635552483985,MarketGridChoice,5
1718905890.25,34.18,0.7839864902355699,0.8089172910684892,-0.024930800853978148,MarketGridChoice,5
1718905890.5,34.18,0.7839864902355699,0.8073374843252423,-0.023350994110539827,MarketGridChoice,5
1718905890.75,34.18,0.7839864902355699,0.8057718083249229,-0.021785318110071596,MarketGridChoice,5
1718905891.0,34.18,0.7839864902355699,0.8042368285589913,-0.020250338344030082,MarketGridChoice,5
1718905891.25,34.18,0.7839864902355699,0.8027494872859767,-0.018762997070939334,MarketGridChoice,5
1718905891.5,34.18,0.7839864902355699,0.8013269929061917,-0.01734050269110589,MarketGridChoice,5
1718905891.75,34.18,0.7839864902355699,0.7999866831818756,-0.016000192966763218,MarketGridChoice,5
1718905892.0,34.21,0.8451794650728321,0.7987458609966416,0.0464336040557441,MarketGridChoice,5
1718905892.25,34.21,0.8451794650728321,0.7976216018320161,0.04755786322037116,MarketGridChoice,5
1718905892.5,34.21,0.8451794650728321,0.7966305330917377,0.04854893196064661,MarketGridChoice,5
1718905892.75,34.21,0.8451794650728321,0.7957885868909661,0.049390878161415096,MarketGridChoice,5
1718905893.0,34.18,0.7839864902355699,0.7951107298833934,-0.011124239668274152,MarketGridChoice,5
1718905893.25,34.18,0.7839864902355699,0.7946106759137951,-0.010624185698670848,MarketGridChoice,5
1718905893.5,34.18,0.7839864902355699,0.7943005894438182,-0.01031409922868419,MarketGridChoice,5
1718905893.75,34.18,0.7839864902355699,0.7941907894826923,-0.010204299267544884,MarketGridChoice,5
1718905894.0,34.18,0.7839864902355699,0.7942894649243781,-0.010302974709216355,MarketGridChoice,5
1718905894.25,34.18,0.7839864902355699,0.7946024126395604,-0.010615922424385653,ForecastPage,5
1718905894.5,34.18,0.7839864902355699,0.7951328093980381,-0.011146319182854008,ForecastPage,5
1718905894.75,34.18,0.7839864902355699,0.7958810277718654,-0.011894537556678197,ForecastPage,5
1718905895.0,34.18,0.7839864902355699,0.7968445046835722,-0.01285801446838929,ForecastPage,5
1718905895.25,34.18,0.7839864902355699,0.798017669315055,-0.01403117909988523,ForecastPage,5
1718905895.5,34.18,0.7839864902355699,0.7993919347829309,-0.015405444567782658,ForecastPage,5
1718905895.75,34.18,0.7839864902355699,0.8009557554218303,-0.016969265206711014,ForecastPage,5
1718905896.0,34.18,0.7839864902355699,0.8026947488118472,-0.01870825859676352,ForecastPage,5
1718905896.25,34.18,0.7839864902355699,0.8045918789626059,-0.02060538874756265,ForecastPage,5
1718905896.5,34.18,0.7839864902355699,0.8066276944574666,-0.022641204242465778,ForecastPage,5
1718905896.75,34.18,0.7839864902355699,0.8087806130133055,-0.024794122798345964,ForecastPage,5
1718905897.0,34.21,0.8451794650728321,0.8110272419839379,0.03415222306824596,ForecastPage,5
1718905897.25,34.21,0.8451794650728321,0.813342722998969,0.0318367420531823,ForecastPage,5
1718905897.5,34.21,0.8451794650728321,0.815701088347371,0.029478376704753752,ForecastPage,5
1718905897.75,34.21,0.8451794650728321,0.8180756170009468,0.02710384805115677,ForecastPage,5
1718905898.0,34.21,0.8451794650728321,0.8204391793442489,0.02474028570783765,ForecastPage,5
1718905898.25,34.21,0.8451794650728321,0.8227645616317926,0.02241490342028025,ForecastPage,5
1718905898.5,34.21,0.8451794650728321,0.8250247637320003,0.020154701320061762,ForecastPage,5
1718905898.75,34.21,0.8451794650728321,0.8271932665964743,0.0179861984555798,ForecastPage,5
1718905899.0,34.21,0.8451794650728321,0.8292442688658888,0.01593519618615969,ForecastPage,5
1718905899.25,34.21,0.8451794650728321,0.8311528948591754,0.014026570192869368,ForecastPage,5
1718905899.5,34.21,0.8451794650728321,0.8328953786807255,0.012284086371318266,ForecastPage,5
1718905899.75,34.21,0.8451794650728321,0.8344492311318316,0.010730233920214199,ForecastPage,5
1718905900.0,34.18,0.7839864902355699,0.835793397358828,-0.05180690714403901,ForecastPage,5
1718905900.25,34.18,0.7839864902355699,0.836908413567062,-0.05292192335226484,ForecastPage,5
1718905900.5,34.18,0.7839864902355699,0.8377765705753224,-0.05379008036051435,ForecastPage,5
1718905900.75,34.18,0.7839864902355699,0.8383820904609639,-0.054395600246142595,ForecastPage,5
1718905901.0,34.21,0.8451794650728321,0.8387113201638878,0.006468144888211402,ForecastPage,5
1718905901.25,34.21,0.8451794650728321,0.8387529429372563,0.006426522114861888,ForecastPage,5
1718905901.5,34.21,0.8451794650728321,0.8384982053161072,0.006681259736034208,ForecastPage,5
1718905901.75,34.21,0.8451794650728321,0.8379411541915681,0.007238310860601723,ForecastPage,5
1718905902.0,34.21,0.8451794650728321,0.8370788759112666,0.008100589140937831,ForecastPage,5
1718905902.25,34.21,0.8451794650728321,0.835911727226862,0.00926773782538462,ForecastPage,5
1718905902.5,34.21,0.8451794650728321,0.8344435464121343,0.010735918640163496,ForecastPage,5
1718905902.75,34.21,0.8451794650728321,0.8326818319451077,0.012497633107251136,ForecastPage,5
1718905903.0,34.18,0.7839864902355699,0.8306378757208507,-0.046651385505681285,ForecastPage,5
1718905903.25,34.18,0.7839864902355699,0.8283268377653955,-0.044340347550139214,ForecastPage,5
1718905903.5,34.18,0.7839864902355699,0.8257677497969128,-0.04178125958155279,ForecastPage,5
1718905903.75,34.18,0.7839864902355699,0.8229834357223953,-0.03899694550691227,ForecastPage,5
1718905904.0,34.23,0.8859747816309974,0.820000338361136,0.06597444324991854,ForecastPage,5
1718905904.25,34.23,0.8859747816309974,0.816848243557071,0.06912653805414884,ForecastPage,5
1718905904.5,34.23,0.8859747816309974,0.8135598956414181,0.07241488596998734,ForecastPage,5
1718905904.75,34.23,0.8859747816309974,0.8101705021275267,0.07580427948408171,ForecastPage,5
1718905905.0,34.21,0.8451794650728321,0.8067171305585719,0.03846233449508788,ForecastPage,5
1718905905.25,34.21,0.8451794650728321,0.8032380063302211,0.041941458723663706,ForecastPage,5
1718905905.5,34.21,0.8451794650728321,0.7997717266122645,0.04540773844185003,ForecastPage,5
1718905905.75,34.21,0.8451794650728321,0.796356411635724,0.048823053418621164,ForecastPage,5
1718905906.0,34.16,0.7431911736773901,0.7930288200414815,-0.04983764638234954,ForecastPage,5
1718905906.25,34.16,0.7431911736773901,0.7898234592111792,-0.04663228555182288,ForecastPage,5
1718905906.5,34.16,0.7431911736773901,0.7867717241162955,-0.04358055045672028,ForecastPage,5
1718905906.75,34.16,0.7431911736773901,0.7839010989463469,-0.04070992528655906,ForecastPage,5
1718905907.0,34.16,0.7431911736773901,0.7812344545121832,-0.03804328085218922,ForecastPage,5
1718905907.25,34.16,0.7431911736773901,0.7787894712726823,-0.03559829761248784,ForecastPage,5
1718905907.5,34.16,0.7431911736773901,0.7765782130763118,-0.033387039415922234,ForecastPage,5
1718905907.75,34.16,0.7431911736773901,0.7746068706998588,-0.031415697039280197,ForecastPage,5
1718905908.0,34.16,0.7431911736773901,0.7728756873773049,-0.02968451371654519,ForecastPage,5
1718905908.25,34.16,0.7431911736773901,0.7713790710991361,-0.028187897438205375,ForecastPage,5
1718905908.5,34.16,0.7431911736773901,0.7701058908613341,-0.02691471720024548,ForecastPage,5
1718905908.75,34.16,0.7431911736773901,0.7690399465683708,-0.025848772907140532,ForecastPage,5
1718905909.0,34.16,0.7431911736773901,0.7681605952417477,-0.024969421580394918,ForecastPage,5
1718905909.25,34.16,0.7431911736773901,0.7674435098348381,-0.024252336173384903,ForecastPage,5
1718905909.5,34.16,0.7431911736773901,0.7668615415717183,-0.02367036791018941,ForecastPage,5
1718905909.75,34.16,0.7431911736773901,0.766385652565971,-0.023194478904393592,ForecastPage,5
1718905910.0,34.21,0.8451794650728321,0.7659858827776579,0.07919358227938214,ForecastPage,5
1718905910.25,34.21,0.8451794650728321,0.7656323143575269,0.07954715069950566,ForecastPage,5
1718905910.5,34.21,0.8451794650728321,0.7652959972829765,0.07988346777402051,ForecastPage,5
1718905910.75,34.21,0.8451794650728321,0.7649498029688744,0.08022966208805894,ForecastPage,5
1718905911.0,34.18,0.7839864902355699,0.7645691770971242,0.01941731312245537,ForecastPage,5
1718905911.25,34.18,0.7839864902355699,0.7641327688781411,0.019853721341320907,ForecastPage,5
1718905911.5,34.18,0.7839864902355699,0.7636229207876247,0.02036356943169612,ForecastPage,5
1718905911.75,34.18,0.7839864902355699,0.76302600991761,0.02096048030155022,ForecastPage,5
1718905912.0,34.16,0.7431911736773901,0.762332638918275,-0.019141465257468952,ForecastPage,5
1718905912.25,34.16,0.7431911736773901,0.7615376806941984,-0.01834650703357482,ForecastPage,5
1718905912.5,34.16,0.7431911736773901,0.7606401862921311,-0.017449012631692646,ForecastPage,5
1718905912.75,34.16,0.7431911736773901,0.7596431696199918,-0.016451995959735347,ForecastPage,5
1718905913.0,34.16,0.7431911736773901,0.7585532857093753,-0.015362112049292175,ForecastPage,5
1718905913.25,34.16,0.7431911736773901,0.7573804212097826,-0.014189247549858806,ForecastPage,5
1718905913.5,34.16,0.7431911736773901,0.7561372167866818,-0.012946043126899058,ForecastPage,5
1718905913.75,34.16,0.7431911736773901,0.7548385412283337,-0.011647367568670249,ForecastPage,5
1718905914.0,34.16,0.7431911736773901,0.7535009364964786,-0.010309762836909778,ForecastPage,5
1718905914.25,34.16,0.7431911736773901,0.7521420518255852,-0.008950878166083136,ForecastPage,5
1718905914.5,34.16,0.7431911736773901,0.7507800834160606,-0.0075889097565938965,ForecastPage,5
1718905914.75,34.16,0.7431911736773901,0.7494332343988347,-0.0062420607393677,ForecastPage,5
1718905915.0,34.16,0.7431911736773901,0.7481192076803466,-0.00492803402084006,ForecastPage,5
1718905915.25,34.16,0.7431911736773901,0.7468547421041877,-0.0036635684445996027,ForecastPage,5
1718905915.5,34.16,0.7431911736773901,0.745655200172006,-0.002464026512293176,ForecastPage,5
1718905915.75,34.16,0.7431911736773901,0.7445342134227831,-0.0013430397629025734,ForecastPage,5
1718905916.0,34.16,0.7431911736773901,0.7435033895348986,-0.0003122158748097067,ForecastPage,5
1718905916.25,34.16,0.7431911736773901,0.7425720833360893,0.0006190903242447639,ForecastPage,5
1718905916.5,34.16,0.7431911736773901,0.7417472322174194,0.001443941443191622,ForecastPage,5
1718905916.75,34.16,0.7431911736773901,0.741033254972631,0.002157918688282498,ForecastPage,5
1718905917.0,34.16,0.7431911736773901,0.7404320118373074,0.002759161823926214,ForecastPage,5
1718905917.25,34.16,0.7431911736773901,0.7399428224872246,0.0032483511743397037,ForecastPage,5
1718905917.5,34.16,0.7431911736773901,0.7395625379675204,0.003628635694377133,ForecastPage,5
1718905917.75,34.16,0.7431911736773901,0.7392856619517056,0.0039055117105186764,ForecastPage,5
1718905918.0,34.16,0.7431911736773901,0.7391045163532007,0.004086657309336808,ForecastPage,5
1718905918.25,34.16,0.7431911736773901,0.7390094461075508,0.00418172755528011,ForecastPage,5
1718905918.5,34.16,0.7431911736773901,0.7389890578817031,0.004202115781395914,ForecastPage,5
1718905918.75,34.16,0.7431911736773901,0.7390304875150079,0.0041606861483295746,ForecastPage,5
1718905919.0,34.16,0.7431911736773901,0.7391196911195976,0.004071482543945805,ForecastPage,5
1718905919.25,34.16,0.7431911736773901,0.739241754928341,0.003949418735374037,ForecastPage,5
1718905919.5,34.16,0.7431911736773901,0.7393812191384919,0.0038099545253593766,ForecastPage,5
1718905919.75,34.16,0.7431911736773901,0.7395224111199331,0.0036687625440192037,ForecastPage,5
1718905920.0,34.15,0.7227935153983075,0.73964978340045,-0.01685626801551299,ForecastPage,5
1718905920.25,34.15,0.7227935153983075,0.7397482517711842,-0.01695473638621137,ForecastPage,5
1718905920.5,34.15,0.7227935153983075,0.739803528647045,-0.017010013262063438,ForecastPage,5
1718905920.75,34.15,0.7227935153983075,0.7398024464665857,-0.017008931081617523,ForecastPage,5
1718905921.0,34.16,0.7431911736773901,0.7397332654608737,0.0034579082031466115,ForecastPage,5
1718905921.25,34.16,0.7431911736773901,0.7395859596443899,0.003605214019588179,ForecastPage,5
1718905921.5,34.16,0.7431911736773901,0.7393524744976319,0.0038386991662956753,ForecastPage,5
1718905921.75,34.16,0.7431911736773901,0.7390269496358821,0.00416422402798845,ForecastPage,5
1718905922.0,34.16,0.7431911736773901,0.738605899875693,0.004585273788114289,ForecastPage,5
1718905922.25,34.16,0.7431911736773901,0.738088348558469,0.005102825105267703,ForecastPage,5
1718905922.5,34.16,0.7431911736773901,0.7374759077671598,0.005715265896497692,ForecastPage,5
1718905922.75,34.16,0.7431911736773901,0.736772801151036,0.006418372512531927,ForecastPage,5
1718905923.0,34.16,0.7431911736773901,0.7359858264168797,0.007205347246587414,ForecastPage,5
1718905923.25,34.16,0.7431911736773901,0.7351242561089351,0.00806691755441939,ForecastPage,5
1718905923.5,34.16,0.7431911736773901,0.7341996770359243,0.00899149662730599,ForecastPage,5
1718905923.75,34.16,0.7431911736773901,0.7332257705569207,0.009965403106174841,ForecastPage,5
1718905924.0,34.16,0.7431911736773901,0.7322180378480135,0.010973135814939118,ForecastPage,5
1718905924.25,34.16,0.7431911736773901,0.7311934761703682,0.011997697492436411,ForecastPage,5
1718905924.5,34.16,0.7431911736773901,0.7301702139714571,0.013020959691198705,ForecastPage,5
1718905924.75,34.16,0.7431911736773901,0.7291671142903885,0.01402405937212287,ForecastPage,5
1718905925.0,34.15,0.7227935153983075,0.728203357312181,-0.005409841928887285,ForecastPage,5
1718905925.25,34.15,0.7227935153983075,0.7272980139239195,-0.004504498540746733,MarketWaitPage,5
1718905925.5,34.15,0.7227935153983075,0.7264696226664117,-0.0036761072833419598,MarketWaitPage,5
1718905925.75,34.15,0.7227935153983075,0.7257357824596687,-0.002942267076681311,MarketWaitPage,5
1718905926.0,34.13,0.6819981988401422,0.7251127728509215,-0.0431145740261593,MarketWaitPage,5
1718905926.25,34.13,0.6819981988401422,0.7246152122734707,-0.042617013448745314,MarketWaitPage,5
1718905926.5,34.13,0.6819981988401422,0.7242557629444847,-0.04225756411977343,MarketWaitPage,5
1718905926.75,34.13,0.6819981988401422,0.724044888660367,-0.042046689835649326,MarketWaitPage,5
1718905927.0,34.16,0.7431911736773901,0.7239906690392284,0.019200504622761863,MarketWaitPage,5
1718905927.25,34.16,0.7431911736773901,0.7240986709653735,0.01909250269665716,RoundResultsPage,5
1718905927.5,34.16,0.7431911736773901,0.7243718754133186,0.018819298248765333,RoundResultsPage,5
1718905927.75,34.16,0.7431911736773901,0.7248106557458834,0.01838051791626382,RoundResultsPage,5
1718905928.0,34.16,0.7431911736773901,0.7254128021672707,0.017778371494946835,RoundResultsPage,5
1718905928.25,34.16,0.7431911736773901,0.7261735863053514,0.017017587356940478,RoundResultsPage,5
1718905928.5,34.16,0.7431911736773901,0.7270858598194769,0.016105313842891808,RoundResultsPage,5
1718905928.75,34.16,0.7431911736773901,0.7281401813385091,0.015050992323936783,RoundResultsPage,5
1718905929.0,34.15,0.7227935153983075,0.7293249667650279,-0.0065314513815894655,RoundResultsPage,5
1718905929.25,34.15,0.7227935153983075,0.7306266588742902,-0.00783314349078184,RoundResultsPage,5
1718905929.5,34.15,0.7227935153983075,0.7320299130437974,-0.009236397660226124,RoundResultsPage,5
1718905929.75,34.15,0.7227935153983075,0.7335177967552796,-0.010724281371653507,RoundResultsPage,5
1718905930.0,34.16,0.7431911736773901,0.7350720011481467,0.008119172514608322,RoundResultsPage,5
1718905930.25,34.16,0.7431911736773901,0.7366730633604652,0.006518110302328409,RoundResultsPage,5
1718905930.5,34.16,0.7431911736773901,0.7383005987014686,0.004890574961356456,RoundResultsPage,5
1718905930.75,34.16,0.7431911736773901,0.7399335419025652,0.003257631760284973,RoundResultsPage,5
1718905931.0,34.16,0.7431911736773901,0.741550396818816,0.0016407768440539535,RoundResultsPage,5
1718905931.25,34.16,0.7431911736773901,0.7431294939962666,6.167966661859607e-05,RoundResultsPage,5
1718905931.5,34.16,0.7431911736773901,0.7446492554545151,-0.0014580817916180844,RoundResultsPage,5
1718905931.75,34.16,0.7431911736773901,0.7460884658232871,-0.0028972921603799646,RoundResultsPage,5
1718905932.0,34.15,0.7227935153983075,0.7474265485882216,-0.02463303320438561,RoundResultsPage,5
1718905932.25,34.15,0.7227935153983075,0.7486438456309977,-0.025850330247146412,RoundResultsPage,5
1718905932.5,34.15,0.7227935153983075,0.7497218975015265,-0.02692838211765268,RoundResultsPage,5
1718905932.75,34.15,0.7227935153983075,0.7506437209805673,-0.027850205596661903,RoundResultsPage,5
1718905933.0,34.18,0.7839864902355699,0.7513940795769372,0.03259241064427235,RoundResultsPage,5
1718905933.25,34.18,0.7839864902355699,0.7519597418050706,0.032026748416191936,RoundResultsPage,5
1718905933.5,34.18,0.7839864902355699,0.7523297215818257,0.03165676863950165,RoundResultsPage,5
1718905933.75,34.18,0.7839864902355699,0.7524954950070855,0.031490995214317766,RoundResultsPage,5
1718905934.0,34.16,0.7431911736773901,0.7524511881918702,-0.00926001452856056,RoundResultsPage,5
1718905934.25,34.16,0.7431911736773901,0.7521937315831773,-0.00900255791977294,RoundResultsPage,5
1718905934.5,34.16,0.7431911736773901,0.7517229772243854,-0.008531803560880243,RoundResultsPage,5
1718905934.75,34.16,0.7431911736773901,0.7510417763825681,-0.007850602718958113,RoundResultsPage,5
1718905935.0,34.16,0.7431911736773901,0.7501560158227528,-0.006964842159036347,RoundResultsPage,5
1718905935.25,34.16,0.7431911736773901,0.7490746116550064,-0.005883437991183969,RoundResultsPage,5
1718905935.5,34.16,0.7431911736773901,0.7478094601393329,-0.00461828647540736,RoundResultsPage,5
1718905935.75,34.16,0.7431911736773901,0.7463753451621259,-0.003184171498102726,RoundResultsPage,5
1718905936.0,34.16,0.7431911736773901,0.7447898023631521,-0.001598628699039293,RoundResultsPage,5
1718905936.25,34.16,0.7431911736773901,0.7430729401561376,0.00011823350805375936,RoundResultsPage,5
1718905936.5,34.16,0.7431911736773901,0.741247218201784,0.0019439554624715444,RoundResultsPage,5
1718905936.75,34.16,0.7431911736773901,0.739337184300614,0.003853989363688028,RoundResultsPage,5
1718905937.0,34.16,0.7431911736773901,0.7373691712024097,0.005822002461918466,RoundResultsPage,5
1718905937.25,34.16,0.7431911736773901,0.735370955492567,0.007820218171763923,RoundResultsPage,5
1718905937.5,34.16,0.7431911736773901,0.7333713815110909,0.00981979215321651,RoundResultsPage,5
1718905937.75,34.16,0.7431911736773901,0.7313999541680622,0.011791219496193352,RoundResultsPage,5
1718905938.0,34.15,0.7227935153983075,0.7294864055037726,-0.006692890118680786,RoundResultsPage,5
1718905938.25,34.15,0.7227935153983075,0.7276602408496846,-0.0048667254647040215,RiskPage1,5
1718905938.5,34.15,0.7227935153983075,0.7259502714153335,-0.003156756030494649,RiskPage1,5
1718905938.75,34.15,0.7227935153983075,0.7243841409976269,-0.0015906256129604572,RiskPage1,5
1718905939.0,34.16,0.7431911736773901,0.7229878552449062,0.020203318418640266,RiskPage1,5
1718905939.25,34.16,0.7431911736773901,0.7217853224982875,0.021405851165027245,RiskPage1,5
1718905939.5,34.16,0.7431911736773901,0.7207979156808378,0.022393257982217238,RiskPage1,5
1718905939.75,34.16,0.7431911736773901,0.7200440649990553,0.023147108663714434,RiskPage1,5
1718905940.0,34.13,0.6819981988401422,0.7195388913044681,-0.037540692479254484,RiskPage1,5
1718905940.25,34.13,0.6819981988401422,0.7192938897273111,-0.03729569090242536,RiskPage1,5
1718905940.5,34.13,0.6819981988401422,0.7193166725058048,-0.03731847368126288,RiskPage1,5
1718905940.75,34.13,0.6819981988401422,0.7196107786958116,-0.03761257987162525,RiskPage1,5
1718905941.0,34.15,0.7227935153983075,0.7201755566603724,0.0026179587216154307,RiskPage1,5
1718905941.25,34.15,0.7227935153983075,0.7210061230410766,0.0017873923405422633,RiskPage1,5
1718905941.5,34.15,0.7227935153983075,0.7220933995356409,0.0007001158456067091,RiskPage1,5
1718905941.75,34.15,0.7227935153983075,0.7234242265033032,-0.0006307111224266122,RiskPage1,5
1718905942.0,34.16,0.7431911736773901,0.7249815503960692,0.01820962326352219,RiskPage1,5
1718905942.25,34.16,0.7431911736773901,0.7267446803890618,0.016446493270169192,RiskPage1,5
1718905942.5,34.16,0.7431911736773901,0.7286896083985637,0.014501565260319689,RiskPage1,5
1718905942.75,34.16,0.7431911736773901,0.7307893859161797,0.012401787742375053,RiskPage1,5
1718905943.0,34.16,0.7431911736773901,0.73301455069271,0.010176622965542519,RiskPage1,5
1718905943.25,34.16,0.7431911736773901,0.7353335961803417,0.007857577477643,RiskPage2,5
1718905943.5,34.16,0.7431911736773901,0.7377134766679434,0.005477696989814205,RiskPage2,5
1718905943.75,34.16,0.7431911736773901,0.7401201410984115,0.0030710325591654375,RiskPage2,5
1718905944.0,34.15,0.7227935153983075,0.7425190885270506,-0.019725573148685924,RiskPage2,5
1718905944.25,34.15,0.7227935153983075,0.7448759379742217,-0.022082422595932814,RiskPage2,5
1718905944.5,34.15,0.7227935153983075,0.7471570049816946,-0.024363489603427182,RiskPage2,5
1718905944.75,34.15,0.7227935153983075,0.7493298764822149,-0.026536361103916318,RiskPage2,5
1718905945.0,34.16,0.7431911736773901,0.7513639746785631,-0.00817280102110181,RiskPage2,5
1718905945.25,34.16,0.7431911736773901,0.7532310996116923,-0.010039925954107408,RiskPage2,5
1718905945.5,34.16,0.7431911736773901,0.7549059391395065,-0.011714765481760762,RiskPage2,5
1718905945.75,34.16,0.7431911736773901,0.756366534331532,-0.013175360673594694,RiskPage2,5
1718905946.0,34.18,0.7839864902355699,0.7575946879820846,0.026391802234248366,RiskPage2,5
1718905946.25,34.18,0.7839864902355699,0.7585763041973986,0.025410186019168456,RiskPage2,5
1718905946.5,34.18,0.7839864902355699,0.7593016479239716,0.02468484229284242,RiskPage2,5
1718905946.75,34.18,0.7839864902355699,0.7597655149079354,0.02422097530913322,RiskPage2,5
1718905947.0,34.18,0.7839864902355699,0.7599673048873823,0.024019185329944317,RiskPage2,5
1718905947.25,34.18,0.7839864902355699,0.7599109937157612,0.024075496501821676,RiskPage2,5
1718905947.5,34.18,0.7839864902355699,0.7596050034200078,0.024381486797824224,RiskPage2,5
1718905947.75,34.18,0.7839864902355699,0.7590619726993119,0.02492451751875654,RiskPage2,5
1718905948.0,34.16,0.7431911736773901,0.758298433844694,-0.015107260184587024,RiskPage2,5
1718905948.25,34.16,0.7431911736773901,0.7573344052830906,-0.014143231622787668,RiskPage3,5
1718905948.5,34.16,0.7431911736773901,0.7561929117156188,-0.013001738055145649,RiskPage3,5
1718905948.75,34.16,0.7431911736773901,0.7548994459632081,-0.011708272302593406,RiskPage3,5
1718905949.0,34.16,0.7431911736773901,0.7534813880621686,-0.010290214401441178,RiskPage3,5
1718905949.25,34.16,0.7431911736773901,0.7519673978626555,-0.008776224201842861,RiskPage3,5
1718905949.5,34.16,0.7431911736773901,0.750386797438936,-0.007195623778063074,RiskPage3,5
1718905949.75,34.16,0.7431911736773901,0.74876895912062,-0.00557778545970832,RiskPage3,5
1718905950.0,34.16,0.7431911736773901,0.747142714002377,-0.003951540341442739,RiskPage3,5
1718905950.25,34.16,0.7431911736773901,0.7455357944806785,-0.0023446208197320916,RiskPage3,5
1718905950.5,34.16,0.7431911736773901,0.7439743227809655,-0.0007831491200119816,RiskPage3,5
1718905950.75,34.16,0.7431911736773901,0.7424823556440444,0.0007088180169150127,RiskPage3,5
1718905951.0,34.15,0.7227935153983075,0.7410814933886466,-0.018287978006761525,RiskPage3,5
1718905951.25,34.15,0.7227935153983075,0.7397905594970777,-0.016997044115178914,RiskPage3,5
1718905951.5,34.15,0.7227935153983075,0.738625354715565,-0.015831839333644425,RiskPage3,5
1718905951.75,34.15,0.7227935153983075,0.7375984874611221,-0.01480497207916959,RiskPage3,5
1718905952.0,34.16,0.7431911736773901,0.7367192801485042,0.006471893512575211,RiskPage3,5
1718905952.25,34.16,0.7431911736773901,0.7359937489922991,0.007197424668838914,RiskPage3,5
1718905952.5,34.16,0.7431911736773901,0.7354246530173795,0.007766520643832278,RiskPage3,5
1718905952.75,34.16,0.7431911736773901,0.7350116065320638,0.008179567129236225,RiskPage3,5
1718905953.0,34.16,0.7431911736773901,0.7347512482485055,0.008439925412895857,RiskPage3,5
1718905953.25,34.16,0.7431911736773901,0.7346374595869921,0.008553714074521856,RiskPage3,5
1718905953.5,34.16,0.7431911736773901,0.7346616244423351,0.008529549219300782,RiskPage3,5
1718905953.75,34.16,0.7431911736773901,0.734812922761082,0.008378250900681604,RiskPage3,5
1718905954.0,34.16,0.7431911736773901,0.7350786506053377,0.008112523056555602,RiskPage3,5
1718905954.25,34.16,0.7431911736773901,0.7354445598856143,0.007746613776406782,RiskPage4,5
1718905954.5,34.16,0.7431911736773901,0.7358952115531091,0.007295962109033527,RiskPage4,5
1718905954.75,34.16,0.7431911736773901,0.7364143366729625,0.0067768369892916,RiskPage4,5
1718905955.0,34.15,0.7227935153983075,0.7369852003776717,-0.014191684994401571,RiskPage4,5
1718905955.25,34.15,0.7227935153983075,0.7375909641514103,-0.014797448768056746,RiskPage4,5
1718905955.5,34.15,0.7227935153983075,0.7382150421606057,-0.015421526777185038,RiskPage4,5
1718905955.75,34.15,0.7227935153983075,0.7388414473891606,-0.016047932005690324,RiskPage4,5
1718905956.0,34.16,0.7431911736773901,0.7394551231671195,0.0037360504954637927,RiskPage4,5
1718905956.25,34.16,0.7431911736773901,0.7400422553584284,0.0031489183041643835,RiskPage4,5
1718905956.5,34.16,0.7431911736773901,0.7405905600919449,0.002600613570633771,RiskPage4,5
1718905956.75,34.16,0.7431911736773901,0.7410895415808854,0.0021016320816539006,RiskPage4,5
1718905957.0,34.15,0.7227935153983075,0.7415307143554682,-0.018737198972078126,RiskPage4,5
1718905957.25,34.15,0.7227935153983075,0.741907784170111,-0.01911426878681539,RiskPage4,5
1718905957.5,34.15,0.7227935153983075,0.7422167819534389,-0.019423266570264757,RiskPage4,5
1718905957.75,34.15,0.7227935153983075,0.7424561454648937,-0.01966263008186594,RiskPage4,5
1718905958.0,34.18,0.7839864902355699,0.742626743858859,0.0413597463612629,RiskPage4,5
1718905958.25,34.18,0.7839864902355699,0.7427318412324057,0.04125464898752868,RiskPage4,5
1718905958.5,34.18,0.7839864902355699,0.7427769965597094,0.0412094936600206,RiskPage4,5
1718905958.75,34.18,0.7839864902355699,0.7427698992668098,0.04121659095270239,RiskPage4,5
1718905959.0,34.16,0.7431911736773901,0.7427201420404392,0.00047103162066579676,RiskPage4,5
1718905959.25,34.16,0.7431911736773901,0.742638935126529,0.0005522385343425737,PreMarketWait,6
1718905959.5,34.16,0.7431911736773901,0.7425387690908887,0.0006524045697470955,PreMarketWait,6
1718905959.75,34.16,0.7431911736773901,0.7424330354978292,0.0007581381625722233,PreMarketWait,6
1718905960.0,34.15,0.7227935153983075,0.7423356169767933,-0.019542101595704388,PreMarketWait,6
1718905960.25,34.15,0.7227935153983075,0.7422604595466409,-0.0194669441657761,PreMarketWait,6
1718905960.5,34.15,0.7227935153983075,0.742221140791703,-0.019427625411054875,PreMarketWait,6
1718905960.75,34.15,0.7227935153983075,0.7422304475388037,-0.01943693215836246,PreMarketWait,6
1718905961.0,34.16,0.7431911736773901,0.7422999761306959,0.0008911975286338067,PreMarketWait,6
1718905961.25,34.16,0.7431911736773901,0.7424397673372439,0.0007514063219075835,PreMarketWait,6
1718905961.5,34.16,0.7431911736773901,0.7426579865302316,0.0005331871287610739,PreMarketWait,6
1718905961.75,34.16,0.7431911736773901,0.7429606581096516,0.00023051554920577692,PreMarketWait,6
1718905962.0,34.16,0.7431911736773901,0.7433514614170764,-0.00016028775832718778,PreMarketWait,6
1718905962.25,34.16,0.7431911736773901,0.7438315935693024,-0.0006404199106308794,PreMarketWait,6
1718905962.5,34.16,0.7431911736773901,0.744399702819504,-0.0012085291608772463,PreMarketWait,6
1718905962.75,34.16,0.7431911736773901,0.7450518942100613,-0.0018607205514453186,PreMarketWait,6
1718905963.0,34.16,0.7431911736773901,0.7457818074219239,-0.002590633763284237,PreMarketWait,6
1718905963.25,34.16,0.7431911736773901,0.7465807648525569,-0.003389591193861261,MarketGridChoice,6
1718905963.5,34.16,0.7431911736773901,0.7474379860751923,-0.004246812416412231,MarketGridChoice,6
1718905963.75,34.16,0.7431911736773901,0.7483408629584967,-0.005149689299608479,MarketGridChoice,6
1718905964.0,34.15,0.7227935153983075,0.7492752878763422,-0.026481772496410445,MarketGridChoice,6
1718905964.25,34.15,0.7227935153983075,0.7502260256391491,-0.02743251025907892,MarketGridChoice,6
1718905964.5,34.15,0.7227935153983075,0.7511771180739684,-0.028383602693753313,MarketGridChoice,6
1718905964.75,34.15,0.7227935153983075,0.7521123086430166,-0.029318793262656465,MarketGridChoice,6
1718905965.0,34.18,0.7839864902355699,0.753015473239398,0.030971016978363602,MarketGridChoice,6
1718905965.25,34.18,0.7839864902355699,0.7538710425037547,0.030115447714133582,MarketGridChoice,6
1718905965.5,34.18,0.7839864902355699,0.7546644008587063,0.029322089359289556,MarketGridChoice,6
1718905965.75,34.18,0.7839864902355699,0.7553822481153614,0.028604242102716924,MarketGridChoice,6
1718905966.0,34.18,0.7839864902355699,0.7560129110238522,0.027973579194277724,MarketGridChoice,6
1718905966.25,34.18,0.7839864902355699,0.7565465944432482,0.027439895774897874,MarketGridChoice,6
1718905966.5,34.18,0.7839864902355699,0.7569755647116484,0.02701092550647527,MarketGridChoice,6
1718905966.75,34.18,0.7839864902355699,0.7572942610613832,0.026692229156677964,MarketGridChoice,6
1718905967.0,34.16,0.7431911736773901,0.7574993342855326,-0.01430816062575304,MarketGridChoice,6
1718905967.25,34.16,0.7431911736773901,0.7575896150627676,-0.014398441403125347,MarketGridChoice,6
1718905967.5,34.16,0.7431911736773901,0.7575660171512961,-0.014374843491820792,MarketGridChoice,6
1718905967.75,34.16,0.7431911736773901,0.757431382881473,-0.014240209222186497,MarketGridChoice,6
1718905968.0,34.16,0.7431911736773901,0.7571902799034619,-0.013999106244377954,MarketGridChoice,6
1718905968.25,34.16,0.7431911736773901,0.7568487589699165,-0.01365758531104071,MarketGridChoice,6
1718905968.5,34.16,0.7431911736773901,0.75641408272161,-0.013222909062939577,MarketGridChoice,6
1718905968.75,34.16,0.7431911736773901,0.7558944351083732,-0.012703261449897193,MarketGridChoice,6
1718905969.0,34.16,0.7431911736773901,0.7552986203462236,-0.012107446687923322,MarketGridChoice,6
1718905969.25,34.16,0.7431911736773901,0.7546357593133243,-0.011444585655173103,MarketGridChoice,6
1718905969.5,34.16,0.7431911736773901,0.7539149901488255,-0.010723816490789616,MarketGridChoice,6
1718905969.75,34.16,0.7431911736773901,0.7531451786621788,-0.00995400500421875,MarketGridChoice,6
1718905970.0,34.18,0.7839864902355699,0.7523346431034887,0.03165184711261927,MarketGridChoice,6
1718905970.25,34.18,0.7839864902355699,0.7514908969960524,0.0324955932200708,MarketGridChoice,6
1718905970.5,34.18,0.7839864902355699,0.7506204131757629,0.03336607704042474,MarketGridChoice,6
1718905970.75,34.18,0.7839864902355699,0.7497284119525964,0.03425807826370638,MarketGridChoice,6
1718905971.0,34.15,0.7227935153983075,0.748818676356417,-0.026025160977210207,MarketGridChoice,6
1718905971.25,34.15,0.7227935153983075,0.747893397606619,-0.025099882227195325,MarketGridChoice,6
1718905971.5,34.15,0.7227935153983075,0.7469530540457151,-0.024159538666025736,MarketGridChoice,6
1718905971.75,34.15,0.7227935153983075,0.7459963266081183,-0.02320281122811659,MarketGridChoice,6
1718905972.0,34.16,0.7431911736773901,0.7450200533562837,-0.0018288796968427955,MarketGridChoice,6
1718905972.25,34.16,0.7431911736773901,0.744019224732814,-0.0008280510729761631,MarketGridChoice,6
1718905972.5,34.16,0.7431911736773901,0.7429870200746321,0.00020415358563659943,MarketGridChoice,6
1718905972.75,34.16,0.7431911736773901,0.7419148847752512,0.0012762888854744277,MarketGridChoice,6
1718905973.0,34.16,0.7431911736773901,0.7407926464019812,0.0023985272592194438,MarketGridChoice,6
1718905973.25,34.16,0.7431911736773901,0.7396086671646068,0.003582506497079102,MarketGridChoice,6
1718905973.5,34.16,0.7431911736773901,0.7383500294307378,0.004841144231436249,MarketGridChoice,6
1718905973.75,34.16,0.7431911736773901,0.7370027504986948,0.006188423163963216,MarketGridChoice,6
1718905974.0,34.16,0.7431911736773901,0.7355520225609977,0.00763915110213457,MarketGridChoice,6
1718905974.25,34.16,0.7431911736773901,0.7339824736973238,0.009208699966268531,MarketGridChoice,6
1718905974.5,34.16,0.7431911736773901,0.7322784457908953,0.010912727873139119,MarketGridChoice,6
1718905974.75,34.16,0.7431911736773901,0.7304242854203881,0.012766888244066644,MarketGridChoice,6
1718905975.0,34.15,0.7227935153983075,0.7284046439818415,-0.005611128596074233,MarketGridChoice,6
1718905975.25,34.15,0.7227935153983075,0.7262047834710238,-0.003411268084889888,MarketGridChoice,6
1718905975.5,34.15,0.7227935153983075,0.7238108844291552,-0.0010173690426857132,MarketGridChoice,6
1718905975.75,34.15,0.7227935153983075,0.7212103524529082,0.0015831629338631257,MarketGridChoice,6
1718905976.0,34.13,0.6819981988401422,0.7183921193442305,-0.036393920515358134,MarketGridChoice,6
1718905976.25,34.13,0.6819981988401422,0.7153469344093635,-0.03334873558026108,MarketGridChoice,6
1718905976.5,34.13,0.6819981988401422,0.712067640627156,-0.03006944179785918,MarketGridChoice,6
1718905976.75,34.13,0.6819981988401422,0.708549429456527,-0.026551230627070453,MarketGridChoice,6
1718905977.0,34.15,0.7227935153983075,0.7047900670655556,0.018003448322192216,MarketGridChoice,6
1718905977.25,34.15,0.7227935153983075,0.7007900839294473,0.022003431458393917,MarketGridChoice,6
1718905977.5,34.15,0.7227935153983075,0.6965529192838747,0.02624059610402846,MarketGridChoice,6
1718905977.75,34.15,0.7227935153983075,0.6920850120255762,0.030708503362359293,MarketGridChoice,6
1718905978.0,34.13,0.6819981988401422,0.687395830421398,-0.005397631591623016,MarketGridChoice,6
1718905978.25,34.13,0.6819981988401422,0.6824978343966186,-0.0004996355668640384,MarketGridChoice,6
1718905978.5,34.13,0.6819981988401422,0.6774063661015033,0.004591832728207519,MarketGridChoice,6
1718905978.75,34.13,0.6819981988401422,0.6721394667402566,0.009858732089388568,MarketGridChoice,6
1718905979.0,34.13,0.6819981988401422,0.6667176201472594,0.015280578682300521,MarketGridChoice,6
1718905979.25,34.13,0.6819981988401422,0.6611634262164907,0.020834772612967338,MarketGridChoice,6
1718905979.5,34.13,0.6819981988401422,0.6555012099683035,0.026496988861039298,MarketGridChoice,6
1718905979.75,34.13,0.6819981988401422,0.6497565747075137,0.032241624121704976,MarketGridChoice,6
1718905980.0,34.11,0.6412028822819624,0.6439559102905213,-0.002753028019610894,MarketGridChoice,6
1718905980.25,34.11,0.6412028822819624,0.638125869836457,0.003077012434324976,MarketGridChoice,6
1718905980.5,34.11,0.6412028822819624,0.6322928301131857,0.0089100521574716,MarketGridChoice,6
1718905980.75,34.11,0.6412028822819624,0.6264823521205537,0.014720530149985697,MarketGridChoice,6
1718905981.0,34.07,0.5596122491656175,0.6207186589231867,-0.061106409769100686,MarketGridChoice,6
1718905981.25,34.07,0.5596122491656175,0.6150241474434145,-0.05541189828942464,MarketGridChoice,6
1718905981.5,34.07,0.5596122491656175,0.6094189496589452,-0.049806700505036605,MarketGridChoice,6
1718905981.75,34.07,0.5596122491656175,0.6039205564869015,-0.044308307333057,MarketGridChoice,6
1718905982.0,34.09,0.6004075657237972,0.5985435147215331,0.0018640509904464739,MarketGridChoice,6
1718905982.25,34.09,0.6004075657237972,0.593299204007004,0.0071083617049520625,MarketGridChoice,6
1718905982.5,34.09,0.6004075657237972,0.588195697335712,0.012211868376241553,MarketGridChoice,6
1718905982.75,34.09,0.6004075657237972,0.5832377053257153,0.017169860386255436,MarketGridChoice,6
1718905983.0,34.09,0.6004075657237972,0.578426601811311,0.021980963900695333,MarketGridChoice,6
1718905983.25,34.09,0.6004075657237972,0.5737605262055911,0.026647039506468448,MarketGridChoice,6
1718905983.5,34.09,0.6004075657237972,0.5692345566636019,0.031173009048528218,MarketGridChoice,6
1718905983.75,34.09,0.6004075657237972,0.5648409471980619,0.035566618514155,MarketGridChoice,6
1718905984.0,34.05,0.5188169326074377,0.560569421422691,-0.04175248882673175,MarketGridChoice,6
1718905984.25,34.05,0.5188169326074377,0.5564075153260809,-0.03759058273000535,ForecastPage,6
1718905984.5,34.05,0.5188169326074377,0.5523409612062214,-0.03352402861001551,ForecastPage,6
1718905984.75,34.05,0.5188169326074377,0.5483541044637025,-0.02953717186735206,ForecastPage,6
1718905985.0,34.07,0.5596122491656175,0.5444303443163738,0.015181904838315156,ForecastPage,6
1718905985.25,34.07,0.5596122491656175,0.5405525887596985,0.01905966039516337,ForecastPage,6
1718905985.5,34.07,0.5596122491656175,0.5367037134554695,0.022908535699577924,ForecastPage,6
1718905985.75,34.07,0.5596122491656175,0.532867013893759,0.02674523526148493,ForecastPage,6
1718905986.0,34.05,0.5188169326074377,0.5290266402640285,-0.01020970766675847,ForecastPage,6
1718905986.25,34.05,0.5188169326074377,0.5251680049969764,-0.006351072399492359,ForecastPage,6
1718905986.5,34.05,0.5188169326074377,0.5212781538076192,-0.002461221209914332,ForecastPage,6
1718905986.75,34.05,0.5188169326074377,0.5173460921548643,0.0014708404430663086,ForecastPage,6
1718905987.0,34.05,0.5188169326074377,0.5133630602313722,0.005453872366785707,ForecastPage,6
1718905987.25,34.05,0.5188169326074377,0.5093227508617446,0.009494181736638223,ForecastPage,6
1718905987.5,34.05,0.5188169326074377,0.5052214660104857,0.013595466588114731,ForecastPage,6
1718905987.75,34.05,0.5188169326074377,0.5010582089854493,0.01775872361335663,ForecastPage,6
1718905988.0,34.03,0.4780216160492724,0.4968347108495592,-0.01881309480873006,ForecastPage,6
1718905988.25,34.03,0.4780216160492724,0.4925553909756374,-0.014533774934640795,ForecastPage,6
1718905988.5,34.03,0.4780216160492724,0.4882272530276812,-0.010205636986541547,ForecastPage,6
1718905988.75,34.03,0.4780216160492724,0.4838597188647376,-0.005838102823481639,ForecastPage,6
1718905989.0,34.03,0.4780216160492724,0.47946440391770373,-0.0014427878763603064,ForecastPage,6
1718905989.25,34.03,0.4780216160492724,0.47505483851638497,0.002966777525016069,ForecastPage,6
1718905989.5,34.03,0.4780216160492724,0.4706461405136166,0.00737547552781216,ForecastPage,6
1718905989.75,34.03,0.4780216160492724,0.4662546454392175,0.01176697060220959,ForecastPage,6
1718905990.0,34.03,0.4780216160492724,0.46189750136908614,0.016124114672310945,ForecastPage,6
1718905990.25,34.03,0.4780216160492724,0.45759223672680677,0.020429379314532342,ForecastPage,6
1718905990.5,34.03,0.4780216160492724,0.45335631031903995,0.02466530572221449,ForecastPage,6
1718905990.75,34.03,0.4780216160492724,0.44920665397305765,0.028814962068087327,ForecastPage,6
1718905991.0,34.0,0.4168286412120101,0.4451592190861822,-0.028330577882431124,ForecastPage,6
1718905991.25,34.0,0.4168286412120101,0.4412285390687941,-0.02439989786519319,ForecastPage,6
1718905991.5,34.0,0.4168286412120101,0.43742731990632555,-0.020598678702889,ForecastPage,6
1718905991.75,34.0,0.4168286412120101,0.43376607075017243,-0.016937429546909168,ForecastPage,6
1718905992.0,34.0,0.4168286412120101,0.43025278552026125,-0.013424144317174515,ForecastPage,6
1718905992.25,34.0,0.4168286412120101,0.4268926850135931,-0.010064043810680713,ForecastPage,6
1718905992.5,34.0,0.4168286412120101,0.42368802709454956,-0.0068593858918043395,ForecastPage,6
1718905992.75,34.0,0.4168286412120101,0.42063799035676214,-0.003809349154172595,ForecastPage,6
1718905993.0,34.0,0.4168286412120101,0.4177386343466178,-0.0009099931441679445,ForecastPage,6
1718905993.25,34.0,0.4168286412120101,0.41498293715152335,0.0018457040508069178,ForecastPage,6
1718905993.5,34.0,0.4168286412120101,0.41236090897764516,0.004467732224589646,ForecastPage,6
1718905993.75,34.0,0.4168286412120101,0.4098597783377845,0.006968862864382285,ForecastPage,6
1718905994.0,33.99,0.39643098293292744,0.4074642456778433,-0.011033262754797784,ForecastPage,6
1718905994.25,33.99,0.39643098293292744,0.40515679770217644,-0.00872581477913971,ForecastPage,6
1718905994.5,33.99,0.39643098293292744,0.40291807430873927,-0.0064870913856827465,ForecastPage,6
1718905994.75,33.99,0.39643098293292744,0.40072727890674364,-0.0042962959836412955,ForecastPage,6
1718905995.0,33.99,0.39643098293292744,0.3985626219704714,-0.002131639047300578,ForecastPage,6
1718905995.25,33.99,0.39643098293292744,0.39640178701519907,2.9195908058368605e-05,ForecastPage,6
1718905995.5,33.99,0.39643098293292744,0.394222407814391,0.002208575108966045,ForecastPage,6
1718905995.75,33.99,0.39643098293292744,0.3920025456621131,0.004428437261351346,ForecastPage,6
1718905996.0,34.0,0.4168286412120101,0.38972115585919237,0.027107485343465427,ForecastPage,6
1718905996.25,34.0,0.4168286412120101,0.3873585333837041,0.029470107819063944,ForecastPage,6
1718905996.5,34.0,0.4168286412120101,0.3848967288850173,0.03193191231785729,ForecastPage,6
1718905996.75,34.0,0.4168286412120101,0.3823199276620464,0.03450871354092856,ForecastPage,6
1718905997.0,33.97,0.3556356663747477,0.3796147860372727,-0.023979119671468138,ForecastPage,6
1718905997.25,33.97,0.3556356663747477,0.3767707213424283,-0.021135054976542313,ForecastPage,6
1718905997.5,33.97,0.3556356663747477,0.37378015337718196,-0.018144487011227145,ForecastPage,6
1718905997.75,33.97,0.3556356663747477,0.3706386964979007,-0.01500303013189058,ForecastPage,6
1718905998.0,33.97,0.3556356663747477,0.36734530233332974,-0.011709635967278068,ForecastPage,6
1718905998.25,33.97,0.3556356663747477,0.36390235351494205,-0.008266687148862122,ForecastPage,6
1718905998.5,33.97,0.3556356663747477,0.3603157088491768,-0.0046800424830806975,ForecastPage,6
1718905998.75,33.97,0.3556356663747477,0.3565947001832262,-0.0009590338171243731,ForecastPage,6
1718905999.0,33.97,0.3556356663747477,0.35275208095761484,0.002883585408484166,ForecastPage,6
1718905999.25,33.97,0.3556356663747477,0.3488039262045747,0.006831740161515006,ForecastPage,6
1718905999.5,33.97,0.3556356663747477,0.3447694836166736,0.010866182749402025,ForecastPage,6
1718905999.75,33.97,0.3556356663747477,0.3406709753174465,0.014964691048611835,ForecastPage,6
1718906000.0,33.95,0.31484034981658243,0.3365333501228305,-0.021693000314956617,ForecastPage,6
1718906000.25,33.95,0.31484034981658243,0.33238398636497923,-0.017543636557125666,ForecastPage,6
1718906000.5,33.95,0.31484034981658243,0.3282523457145861,-0.01341199590675339,ForecastPage,6
1718906000.75,33.95,0.31484034981658243,0.32416957884746217,-0.00932922903965067,ForecastPage,6
1718906001.0,33.95,0.31484034981658243,0.3201680842592142,-0.0053277344514242216,ForecastPage,6
1718906001.25,33.95,0.31484034981658243,0.316281022097274,-0.0014406722895059423,ForecastPage,6
1718906001.5,33.95,0.31484034981658243,0.3125417856507868,0.0022985641569594414,ForecastPage,6
1718906001.75,33.95,0.31484034981658243,0.3089834342209279,0.005856915586798047,ForecastPage,6
1718906002.0,33.97,0.3556356663747477,0.3056380925706699,0.04999757379520453,ForecastPage,6
1718906002.25,33.97,0.3556356663747477,0.30253632407047754,0.053099342295385564,ForecastPage,6
1718906002.5,33.97,0.3556356663747477,0.2997064870092085,0.05592917935665036,ForecastPage,6
1718906002.75,33.97,0.3556356663747477,0.2971740862428337,0.05846158012302893,ForecastPage,6
1718906003.0,33.93,0.2740450332584027,0.29496113521244327,-0.02091610196291306,ForecastPage,6
1718906003.25,33.93,0.2740450332584027,0.293085546065188,-0.019040512815635735,ForecastPage,6
1718906003.5,33.93,0.2740450332584027,0.2915605677718823,-0.01751553452229778,ForecastPage,6
1718906003.75,33.93,0.2740450332584027,0.2903942933860221,-0.016349260136394546,ForecastPage,6
1718906004.0,33.93,0.2740450332584027,0.28958925768009897,-0.015544224430417159,ForecastPage,6
1718906004.25,33.93,0.2740450332584027,0.28914214523873905,-0.015097111988991677,ForecastPage,6
1718906004.5,33.93,0.2740450332584027,0.2890436267352641,-0.014998593485440307,ForecastPage,6
1718906004.75,33.93,0.2740450332584027,0.2892783376947767,-0.015233304444866664,ForecastPage,6
1718906005.0,33.91,0.2332497167002229,0.289825009701813,-0.05657529300998827,ForecastPage,6
1718906005.25,33.91,0.2332497167002229,0.29065675889659087,-0.05740704220466479,ForecastPage,6
1718906005.5,33.91,0.2332497167002229,0.29174153088670196,-0.05849181419466945,ForecastPage,6
1718906005.75,33.91,0.2332497167002229,0.29304269509010183,-0.05979297839795962,ForecastPage,6
1718906006.0,33.95,0.31484034981658243,0.2945197753090607,0.020320574499552366,ForecastPage,6
1718906006.25,33.95,0.31484034981658243,0.29612929739308086,0.01871105241564394,ForecastPage,6
1718906006.5,33.95,0.31484034981658243,0.2978257296133968,0.01701462019543928,ForecastPage,6
1718906006.75,33.95,0.31484034981658243,0.2995624872393693,0.015277862569577291,ForecastPage,6
1718906007.0,33.95,0.31484034981658243,0.30129297004688593,0.013547379762170289,ForecastPage,6
1718906007.25,33.95,0.31484034981658243,0.3029716001993704,0.011868749609794747,ForecastPage,6
1718906007.5,33.95,0.31484034981658243,0.3045548280804245,0.010285521728849372,ForecastPage,6
1718906007.75,33.95,0.31484034981658243,0.30600207510676636,0.008838274702616628,ForecastPage,6
1718906008.0,33.97,0.3556356663747477,0.3072765851761042,0.048359081191553924,ForecastPage,6
1718906008.25,33.97,0.3556356663747477,0.3083461600764774,0.047289506291291354,ForecastPage,6
1718906008.5,33.97,0.3556356663747477,0.3091837587686849,0.04645190759919486,ForecastPage,6
1718906008.75,33.97,0.3556356663747477,0.30976794578865946,0.04586772057933078,ForecastPage,6
1718906009.0,33.95,0.31484034981658243,0.31008317987434436,0.0047571699355887925,ForecastPage,6
1718906009.25,33.95,0.31484034981658243,0.3101199399956209,0.004720409814415939,ForecastPage,6
1718906009.5,33.95,0.31484034981658243,0.30987469189825145,0.004965657911882103,ForecastPage,6
1718906009.75,33.95,0.31484034981658243,0.30934970371335757,0.005490646096863994,ForecastPage,6
1718906010.0,33.93,0.2740450332584027,0.3085527238493577,-0.03450769059723787,ForecastPage,6
1718906010.25,33.93,0.2740450332584027,0.3074965380868291,-0.03345150483464152,ForecastPage,6
1718906010.5,33.93,0.2740450332584027,0.30619842544646714,-0.0321533921942215,ForecastPage,6
1718906010.75,33.93,0.2740450332584027,0.3046795339912431,-0.030634500738947062,ForecastPage,6
1718906011.0,33.95,0.31484034981658243,0.30296419834069416,0.011876151469826977,ForecastPage,6
1718906011.25,33.95,0.31484034981658243,0.3010792204891562,0.013761129321407654,ForecastPage,6
1718906011.5,33.95,0.31484034981658243,0.29905313475385853,0.015787215056747544,ForecastPage,6
1718906011.75,33.95,0.31484034981658243,0.29691547654447714,0.017924873266173046,ForecastPage,6
1718906012.0,33.93,0.2740450332584027,0.2946960732794161,-0.020651040026897695,ForecastPage,6
1718906012.25,33.93,0.2740450332584027,0.29242437421020306,-0.018379340957630934,ForecastPage,6
1718906012.5,33.93,0.2740450332584027,0.2901288341101101,-0.01608380085747725,ForecastPage,6
1718906012.75,33.93,0.2740450332584027,0.28783636367406074,-0.013791330421359306,ForecastPage,6
1718906013.0,33.93,0.2740450332584027,0.2855718570434042,-0.011526823790625914,ForecastPage,6
1718906013.25,33.93,0.2740450332584027,0.28335780416022105,-0.009312770907357985,ForecastPage,6
1718906013.5,33.93,0.2740450332584027,0.2812139927773033,-0.007168959524348534,ForecastPage,6
1718906013.75,33.93,0.2740450332584027,0.2791573020311733,-0.005112268778121813,ForecastPage,6
1718906014.0,33.93,0.2740450332584027,0.2772015866514451,-0.0031565533982946016,ForecastPage,6
1718906014.25,33.93,0.2740450332584027,0.27535764823829695,-0.0013126149850479882,ForecastPage,6
1718906014.5,33.93,0.2740450332584027,0.2736332876785557,0.0004117455747876563,ForecastPage,6
1718906014.75,33.93,0.2740450332584027,0.2720334307578269,0.0020116024956035455,ForecastPage,6
1718906015.0,33.93,0.2740450332584027,0.270560317410111,0.003484715843395818,ForecastPage,6
1718906015.25,33.93,0.2740450332584027,0.2692137438581985,0.004831289395371148,MarketWaitPage,6
1718906015.5,33.93,0.2740450332584027,0.2679913461514507,0.0060536871021661855,MarketWaitPage,6
1718906015.75,33.93,0.2740450332584027,0.26688891329995656,0.007156119953690806,MarketWaitPage,6
1718906016.0,33.93,0.2740450332584027,0.26590071831818435,0.008144314935476805,MarketWaitPage,6
1718906016.25,33.93,0.2740450332584027,0.2650198559960562,0.009025177257603047,RoundResultsPage,6
1718906016.5,33.93,0.2740450332584027,0.26423857706720105,0.009806456186441955,RoundResultsPage,6
1718906016.75,33.93,0.2740450332584027,0.2635486095878599,0.01049642366575395,RoundResultsPage,6
1718906017.0,33.93,0.2740450332584027,0.26294145971004873,0.011103573543525046,RoundResultsPage,6
1718906017.25,33.93,0.2740450332584027,0.2624086855543406,0.01163634769918461,RoundResultsPage,6
1718906017.5,33.93,0.2740450332584027,0.26194213947792144,0.012102893775549484,RoundResultsPage,6
1718906017.75,33.93,0.2740450332584027,0.2615341756019099,0.012510857651503813,RoundResultsPage,6
1718906018.0,33.91,0.2332497167002229,0.2611778209116646,-0.02792810421648778,RoundResultsPage,6
1718906018.25,33.91,0.2332497167002229,0.26086690947623026,-0.027617192781107587,RoundResultsPage,6
1718906018.5,33.91,0.2332497167002229,0.26059618026117415,-0.027346463566099932,RoundResultsPage,6
1718906018.75,33.91,0.2332497167002229,0.2603613395859889,-0.027111622890955214,RoundResultsPage,6
1718906019.0,33.93,0.2740450332584027,0.26015908952999167,0.013885943723191001,RoundResultsPage,6
1718906019.25,33.93,0.2740450332584027,0.2599871236328371,0.014057909620325978,RoundResultsPage,6
1718906019.5,33.93,0.2740450332584027,0.25984409123939733,0.014200942013758034,RoundResultsPage,6
1718906019.75,33.93,0.2740450332584027,0.2597295319732779,0.014315501279881855,RoundResultsPage,6
1718906020.0,33.93,0.2740450332584027,0.25964378219446926,0.014401251058706991,RoundResultsPage,6
1718906020.25,33.93,0.2740450332584027,0.2595878559184974,0.014457177334707222,RoundResultsPage,6
1718906020.5,33.93,0.2740450332584027,0.25956330348149576,0.014481729771748974,RoundResultsPage,6
1718906020.75,33.93,0.2740450332584027,0.2595720521164602,0.014472981136835329,RoundResultsPage,6
1718906021.0,33.91,0.2332497167002229,0.25961623343173873,-0.02636651673656329,RoundResultsPage,6
1718906021.25,33.91,0.2332497167002229,0.2596980034239048,-0.026448286728663173,RoundResultsPage,6
1718906021.5,33.91,0.2332497167002229,0.2598193609998076,-0.026569644304496147,RoundResultsPage,6
1718906021.75,33.91,0.2332497167002229,0.25998197095743597,-0.026732254262053914,RoundResultsPage,6
1718906022.0,33.93,0.2740450332584027,0.2601869969907568,0.013858036262873654,RoundResultsPage,6
1718906022.25,33.93,0.2740450332584027,0.26043494963883634,0.013610083614858229,RoundResultsPage,6
1718906022.5,33.93,0.2740450332584027,0.2607255533553997,0.013319479898351966,RoundResultsPage,6
1718906022.75,33.93,0.2740450332584027,0.2610576361937696,0.012987397060030097,RoundResultsPage,6
1718906023.0,33.93,0.2740450332584027,0.261429045086248,0.012615988167589081,RoundResultsPage,6
1718906023.25,33.93,0.2740450332584027,0.26183658936077925,0.012208443893083435,RoundResultsPage,6
1718906023.5,33.93,0.2740450332584027,0.2622760149200494,0.011769018333826039,RoundResultsPage,6
1718906023.75,33.93,0.2740450332584027,0.26274201130599995,0.01130302194787432,RoundResultsPage,6
1718906024.0,33.91,0.2332497167002229,0.2632282535697313,-0.029978536874052646,RoundResultsPage,6
1718906024.25,33.91,0.2332497167002229,0.26372748035004423,-0.030477763654396726,RoundResultsPage,6
1718906024.5,33.91,0.2332497167002229,0.2642316087406401,-0.030981892045039573,RoundResultsPage,6
1718906024.75,33.91,0.2332497167002229,0.26473188535216036,-0.03148216865662256,RoundResultsPage,6
1718906025.0,33.93,0.2740450332584027,0.26521907148869434,0.008825961764946003,RoundResultsPage,6
1718906025.25,33.93,0.2740450332584027,0.2656836586914837,0.008361374562066863,RoundResultsPage,6
1718906025.5,33.93,0.2740450332584027,0.2661161092535987,0.007928923999851718,RoundResultsPage,6
1718906025.75,33.93,0.2740450332584027,0.26650711488125134,0.007537918372090935,RoundResultsPage,6
1718906026.0,33.93,0.2740450332584027,0.2668478656162447,0.007197167636984068,RoundResultsPage,6
1718906026.25,33.93,0.2740450332584027,0.26713032050036495,0.006914712752747874,RoundResultsPage,6
1718906026.5,33.93,0.2740450332584027,0.26734747124333,0.00669756200966757,RoundResultsPage,6
1718906026.75,33.93,0.2740450332584027,0.2674935902975419,0.006551442955344528,RoundResultsPage,6
1718906027.0,33.93,0.2740450332584027,0.26756445517848626,0.006480578074296637,RoundResultsPage,6
1718906027.25,33.93,0.2740450332584027,0.26755754153169153,0.006487491720999161,RoundResultsPage,6
1718906027.5,33.93,0.2740450332584027,0.267472178270392,0.006572854982220973,RoundResultsPage,6
1718906027.75,33.93,0.2740450332584027,0.26730965902909265,0.006735374223459845,RoundResultsPage,6
1718906028.0,33.91,0.2332497167002229,0.2670733051354437,-0.03382358844111137,RoundResultsPage,6
1718906028.25,33.91,0.2332497167002229,0.26676847623889877,-0.03351875954458414,RiskPage1,6
1718906028.5,33.91,0.2332497167002229,0.2664025256089129,-0.03315280891459135,RiskPage1,6
1718906028.75,33.91,0.2332497167002229,0.2659846979311389,-0.03273498123678474,RiskPage1,6
1718906029.0,33.95,0.31484034981658243,0.26552596826629377,0.04931438154447839,RiskPage1,6
1718906029.25,33.95,0.31484034981658243,0.26503882185632566,0.049801527954530904,RiskPage1,6
1718906029.5,33.95,0.31484034981658243,0.2645369758713093,0.0503033739396569,RiskPage1,6
1718906029.75,33.95,0.31484034981658243,0.2640350461453094,0.05080530366579009,RiskPage1,6
1718906030.0,33.93,0.2740450332584027,0.2635481644645496,0.01049686878852469,RiskPage1,6
1718906030.25,33.93,0.2740450332584027,0.2630915548767605,0.010953478376486279,RiskPage1,6
1718906030.5,33.93,0.2740450332584027,0.2626800804732011,0.011364952780232425,RiskPage1,6
1718906030.75,33.93,0.2740450332584027,0.26232777479205693,0.011717258461573742,RiskPage1,6
1718906031.0,33.91,0.2332497167002229,0.2620473740817148,-0.028797657386060285,RiskPage1,6
1718906031.25,33.91,0.2332497167002229,0.26184986790842213,-0.02860015121256232,RiskPage1,6
1718906031.5,33.91,0.2332497167002229,0.26174408584869896,-0.028494369152637106,RiskPage1,6
1718906031.75,33.91,0.2332497167002229,0.26173633721179057,-0.028486620515534834,RiskPage1,6
1718906032.0,33.91,0.2332497167002229,0.261830118922348,-0.028580402225911135,RiskPage1,6
1718906032.25,33.91,0.2332497167002229,0.26202590398426057,-0.028776187287659682,RiskPage1,6
1718906032.5,33.91,0.2332497167002229,0.2623210195457405,-0.02907130284899686,RiskPage1,6
1718906032.75,33.91,0.2332497167002229,0.26270961973968154,-0.029459903042820187,RiskPage1,6
1718906033.0,33.93,0.2740450332584027,0.2631827544446285,0.010862278810502439,RiskPage1,6
1718906033.25,33.93,0.2740450332584027,0.26372853116392336,0.010316502091267759,RiskPage2,6
1718906033.5,33.93,0.2740450332584027,0.264332363602695,0.009712669652525742,RiskPage2,6
1718906033.75,33.93,0.2740450332584027,0.2649772974413455,0.009067735813874695,RiskPage2,6
1718906034.0,33.93,0.2740450332584027,0.26564440139248346,0.008400631862707406,RiskPage2,6
1718906034.25,33.93,0.2740450332584027,0.2663132099288622,0.007731823326272591,RiskPage2,6
1718906034.5,33.93,0.2740450332584027,0.266962203052601,0.007082830202453398,RiskPage2,6
1718906034.75,33.93,0.2740450332584027,0.26756930807142626,0.0064757251835261785,RiskPage2,6
1718906035.0,33.93,0.2740450332584027,0.26811240847555656,0.005932624779275688,RiskPage2,6
1718906035.25,33.93,0.2740450332584027,0.2685698455911271,0.005475187663570122,RiskPage2,6
1718906035.5,33.93,0.2740450332584027,0.2689208996502975,0.005124133604253081,RiskPage2,6
1718906035.75,33.93,0.2740450332584027,0.26914623819779027,0.0048987950566046455,RiskPage2,6
1718906036.0,33.93,0.2740450332584027,0.26922832128737817,0.004816711966854299,RiskPage2,6
1718906036.25,33.93,0.2740450332584027,0.2691517546533864,0.004893278600678678,RiskPage2,6
1718906036.5,33.93,0.2740450332584027,0.2689035839192645,0.0051414493346298926,RiskPage2,6
1718906036.75,33.93,0.2740450332584027,0.2684735248784098,0.0055715083753119145,RiskPage2,6
1718906037.0,33.93,0.2740450332584027,0.2678541269043029,0.0061909063492452615,RiskPage2,6
1718906037.25,33.93,0.2740450332584027,0.26704086857083825,0.007004164682536035,RiskPage2,6
1718906037.5,33.93,0.2740450332584027,0.2660321865418359,0.008012846711364775,RiskPage2,6
1718906037.75,33.93,0.2740450332584027,0.26482944067099,0.00921559258203783,RiskPage2,6
1718906038.0,33.93,0.2740450332584027,0.26343681998575286,0.010608213267103393,RiskPage2,6
1718906038.25,33.93,0.2740450332584027,0.26186119575081634,0.012183837501869169,RiskPage3,6
1718906038.5,33.93,0.2740450332584027,0.26011192905129543,0.01393310420121954,RiskPage3,6
1718906038.75,33.93,0.2740450332584027,0.25820064122537645,0.015844392026967514,RiskPage3,6
1718906039.0,33.89,0.19245440014205767,0.2561409559235891,-0.06368655578776192,RiskPage3,6
1718906039.25,33.89,0.19245440014205767,0.25394822148401297,-0.06149382134835803,RiskPage3,6
1718906039.5,33.89,0.19245440014205767,0.2516392216155424,-0.059184821480059026,RiskPage3,6
1718906039.75,33.89,0.19245440014205767,0.24923188107376767,-0.056777480938453515,RiskPage3,6
1718906040.0,33.93,0.2740450332584027,0.24674497123282918,0.027300062018665375,RiskPage3,6
1718906040.25,33.93,0.2740450332584027,0.2441978184994635,0.029847214751873873,RiskPage3,6
1718906040.5,33.93,0.2740450332584027,0.24161001678254748,0.03243501646864334,RiskPage3,6
1718906040.75,33.93,0.2740450332584027,0.23900114410156656,0.03504388914949168,RiskPage3,6
1718906041.0,33.93,0.2740450332584027,0.23639048312440858,0.037654550126534084,RiskPage3,6
1718906041.25,33.93,0.2740450332584027,0.23379674599952846,0.04024828725131838,RiskPage3,6
1718906041.5,33.93,0.2740450332584027,0.231237805141645,0.04280722810912787,RiskPage3,6
1718906041.75,33.93,0.2740450332584027,0.22873043338232488,0.04531459986839724,RiskPage3,6
1718906042.0,33.89,0.19245440014205767,0.22629005878882927,-0.033835658654478976,RiskPage3,6
1718906042.25,33.89,0.19245440014205767,0.2239305411440349,-0.03147614100968762,RiskPage3,6
1718906042.5,33.89,0.19245440014205767,0.2216639782334103,-0.029209578099042836,RiskPage3,6
1718906042.75,33.89,0.19245440014205767,0.2195005504338063,-0.0270461502993966,RiskPage3,6
1718906043.0,33.89,0.19245440014205767,0.21744841150806837,-0.024994011373595845,RiskPage3,6
1718906043.25,33.89,0.19245440014205767,0.2155136320088804,-0.023059231874326187,RiskPage3,6
1718906043.5,33.89,0.19245440014205767,0.21370019944881208,-0.021245799314158896,RiskPage3,6
1718906043.75,33.89,0.19245440014205767,0.21201007663348737,-0.01955567649871958,RiskPage3,6
1718906044.0,33.89,0.19245440014205767,0.2104433165267201,-0.017988916391823824,RiskPage3,6
1718906044.25,33.89,0.19245440014205767,0.20899822895431663,-0.01654382881927975,RiskPage4,6
1718906044.5,33.89,0.19245440014205767,0.20767159157370338,-0.015217191438515593,RiskPage4,6
1718906044.75,33.89,0.19245440014205767,0.20645889503936934,-0.014004494904022084,RiskPage4,6
1718906045.0,33.91,0.2332497167002229,0.20535461036293934,0.02789510633073961,RiskPage4,6
1718906045.25,33.91,0.2332497167002229,0.20435246526677056,0.028897251427080183,RiskPage4,6
1718906045.5,33.91,0.2332497167002229,0.20344571599628852,0.029804000697737462,RiskPage4,6
1718906045.75,33.91,0.2332497167002229,0.20262740166677073,0.030622315027431457,RiskPage4,6
1718906046.0,33.91,0.2332497167002229,0.20189056976339223,0.03135914693098438,RiskPage4,6
1718906046.25,33.91,0.2332497167002229,0.20122846377339448,0.032021252921151815,RiskPage4,6
1718906046.5,33.91,0.2332497167002229,0.200634666903031,0.03261504979167734,RiskPage4,6
1718906046.75,33.91,0.2332497167002229,0.20010319916309724,0.033146517531762905,RiskPage4,6
1718906047.0,33.89,0.19245440014205767,0.1996285685149094,-0.007174168378075135,RiskPage4,6
1718906047.25,33.89,0.19245440014205767,0.19920577996613514,-0.006751379829175716,RiskPage4,6
1718906047.5,33.89,0.19245440014205767,0.19883030921559186,-0.0063759090785227256,RiskPage4,6
1718906047.75,33.89,0.19245440014205767,0.1984980494297209,-0.006043649292558207,RiskPage4,6
1718906048.0,33.87,0.15165908358387792,0.19820524082607766,-0.046546157247017314,RiskPage4,6
1718906048.25,33.87,0.15165908358387792,0.19794839286895902,-0.046289309289836995,RiskPage4,6
1718906048.5,33.87,0.15165908358387792,0.19772420806817578,-0.046065124489006855,RiskPage4,6
1718906048.75,33.87,0.15165908358387792,0.19752951471862332,-0.04587043113942095,RiskPage4,6
1718906049.0,33.89,0.19245440014205767,0.1973612136216957,-0.00490681348429188,RiskPage4,6
1718906049.25,33.89,0.19245440014205767,0.19721624117665496,-0.004761841039238997,PreMarketWait,7
1718906049.5,33.89,0.19245440014205767,0.1970915485670426,-0.004637148429621634,PreMarketWait,7
1718906049.75,33.89,0.19245440014205767,0.1969840944382103,-0.004529694300788766,PreMarketWait,7
1718906050.0,33.91,0.2332497167002229,0.19689084674755736,0.03635886994802811,PreMarketWait,7
1718906050.25,33.91,0.2332497167002229,0.196808788554278,0.036440928141306644,PreMarketWait,7
1718906050.5,33.91,0.2332497167002229,0.19673492248965885,0.03651479420592721,PreMarketWait,7
1718906050.75,33.91,0.2332497167002229,0.1966662695110923,0.03658344718449836,PreMarketWait,7
1718906051.0,33.91,0.2332497167002229,0.19659985919596268,0.036649857499636354,PreMarketWait,7
1718906051.25,33.91,0.2332497167002229,0.1965327110800537,0.0367170056155575,PreMarketWait,7
1718906051.5,33.91,0.2332497167002229,0.19646180911447853,0.03678790758114823,PreMarketWait,7
1718906051.75,33.91,0.2332497167002229,0.19638407388534118,0.03686564281030335,PreMarketWait,7
1718906052.0,33.87,0.15165908358387792,0.1962963394747425,-0.04463725589542447,PreMarketWait,7
1718906052.25,33.87,0.15165908358387792,0.19619534340673475,-0.04453625982739906,MarketGridChoice,7
1718906052.5,33.87,0.15165908358387792,0.19607773871624848,-0.04441865513689766,MarketGridChoice,7
1718906052.75,33.87,0.15165908358387792,0.19594013659026047,-0.044281053010898776,MarketGridChoice,7
1718906053.0,33.87,0.15165908358387792,0.19577918620138715,-0.044120102622020575,MarketGridChoice,7
1718906053.25,33.87,0.15165908358387792,0.19559169541411037,-0.04393261183474623,MarketGridChoice,7
1718906053.5,33.87,0.15165908358387792,0.19537479227763144,-0.043715708698277844,MarketGridChoice,7
1718906053.75,33.87,0.15165908358387792,0.19512612299969354,-0.04346703942035868,MarketGridChoice,7
1718906054.0,33.89,0.19245440014205767,0.19484407782717253,-0.002389677689684358,MarketGridChoice,7
1718906054.25,33.89,0.19245440014205767,0.19452803234855964,-0.00207363221110457,MarketGridChoice,7
1718906054.5,33.89,0.19245440014205767,0.19417858856961076,-0.0017241884321940355,MarketGridChoice,7
1718906054.75,33.89,0.19245440014205767,0.19379779803870725,-0.0013433979013327008,MarketGridChoice,7
1718906055.0,33.93,0.2740450332584027,0.19338934857396092,0.08065568467971398,MarketGridChoice,7
1718906055.25,33.93,0.2740450332584027,0.1929586969271003,0.08108633632652848,MarketGridChoice,7
1718906055.5,33.93,0.2740450332584027,0.19251313205247733,0.08153190120110426,MarketGridChoice,7
1718906055.75,33.93,0.2740450332584027,0.1920617574387838,0.08198327581474958,MarketGridChoice,7
1718906056.0,33.89,0.19245440014205767,0.19161538593620506,0.0008390142009336576,MarketGridChoice,7
1718906056.25,33.89,0.19245440014205767,0.19118634621522793,0.001268053921859122,MarketGridChoice,7
1718906056.5,33.89,0.19245440014205767,0.19078820584057696,0.0016661942964556822,MarketGridChoice,7
1718906056.75,33.89,0.19245440014205767,0.19043542134614902,0.002018978790825729,MarketGridChoice,7
1718906057.0,33.87,0.15165908358387792,0.1901429301847288,-0.038483846605995416,MarketGridChoice,7
1718906057.25,33.87,0.15165908358387792,0.18992570270978895,-0.03826661913112013,MarketGridChoice,7
1718906057.5,33.87,0.15165908358387792,0.18979827430424387,-0.03813919072564108,MarketGridChoice,7
1718906057.75,33.87,0.15165908358387792,0.18977427841142072,-0.03811519483288329,MarketGridChoice,7
1718906058.0,33.89,0.19245440014205767,0.18986600066359197,0.0025883994730631146,MarketGridChoice,7
1718906058.25,33.89,0.19245440014205767,0.19008397275493302,0.0023704273816659016,MarketGridChoice,7
1718906058.5,33.89,0.19245440014205767,0.1904366224407228,0.0020177776958282163,MarketGridChoice,7
1718906058.75,33.89,0.19245440014205767,0.1909299933339588,0.0015244068025541471,MarketGridChoice,7
1718906059.0,33.89,0.19245440014205767,0.19156754522382802,0.0008868549126578584,MarketGridChoice,7
1718906059.25,33.89,0.19245440014205767,0.19235004257814473,0.0001043575583258901,MarketGridChoice,7
1718906059.5,33.89,0.19245440014205767,0.19327553575882644,-0.0008211356223588092,MarketGridChoice,7
1718906059.75,33.89,0.19245440014205767,0.19433943627934427,-0.001885036142867457,MarketGridChoice,7
1718906060.0,33.87,0.15165908358387792,0.1955346841577546,-0.04387560057943684,MarketGridChoice,7
1718906060.25,33.87,0.15165908358387792,0.19685200206625325,-0.04519291848790418,MarketGridChoice,7
1718906060.5,33.87,0.15165908358387792,0.1982802275696993,-0.04662114399130905,MarketGridChoice,7
1718906060.75,33.87,0.15165908358387792,0.19980671135595746,-0.04814762777751676,MarketGridChoice,7
1718906061.0,33.91,0.2332497167002229,0.20141776615214294,0.03183195054270196,MarketGridChoice,7
1718906061.25,33.91,0.2332497167002229,0.20309914825219144,0.03015056844272047,MarketGridChoice,7
1718906061.5,33.91,0.2332497167002229,0.20483655156869812,0.0284131651262872,MarketGridChoice,7
1718906061.75,33.91,0.2332497167002229,0.2066160931503005,0.026633623544762834,MarketGridChoice,7
1718906062.0,33.91,0.2332497167002229,0.20842476933427917,0.02482494736086454,MarketGridChoice,7
1718906062.25,33.91,0.2332497167002229,0.21025086312291996,0.02299885357230413,MarketGridChoice,7
1718906062.5,33.91,0.2332497167002229,0.21208428583161779,0.021165430863684304,MarketGridChoice,7
1718906062.75,33.91,0.2332497167002229,0.21391683933360825,0.019332877361767146,MarketGridChoice,7
1718906063.0,33.91,0.2332497167002229,0.21574238908047527,0.01750732761496639,MarketGridChoice,7
1718906063.25,33.91,0.2332497167002229,0.21755694227840286,0.015692774417095934,MarketGridChoice,7
1718906063.5,33.91,0.2332497167002229,0.21935862993290525,0.01389108676263972,MarketGridChoice,7
1718906063.75,33.91,0.2332497167002229,0.2211475957418936,0.012102120953685121,MarketGridChoice,7
1718906064.0,33.91,0.2332497167002229,0.22292579883786476,0.01032391785773434,MarketGridChoice,7
1718906064.25,33.91,0.2332497167002229,0.2246967409911708,0.00855297570443493,MarketGridChoice,7
1718906064.5,33.91,0.2332497167002229,0.22646513194110895,0.006784584754489997,MarketGridChoice,7
1718906064.75,33.91,0.2332497167002229,0.22823650889013863,0.005013207805441281,MarketGridChoice,7
1718906065.0,33.89,0.19245440014205767,0.2300168277661625,-0.037562427628777484,MarketGridChoice,7
1718906065.25,33.89,0.19245440014205767,0.23181204453613546,-0.039357644398788826,MarketGridChoice,7
1718906065.5,33.89,0.19245440014205767,0.2336277045822428,-0.04117330444494098,MarketGridChoice,7
1718906065.75,33.89,0.19245440014205767,0.23546855693167443,-0.0430141567944213,MarketGridChoice,7
1718906066.0,33.91,0.2332497167002229,0.2373382080591117,-0.00408849136374316,MarketGridChoice,7
1718906066.25,33.91,0.2332497167002229,0.2392388272606191,-0.005989110565298723,MarketGridChoice,7
1718906066.5,33.91,0.2332497167002229,0.24117091251007225,-0.00792119581479546,MarketGridChoice,7
1718906066.75,33.91,0.2332497167002229,0.2431331225529329,-0.009883405857691829,MarketGridChoice,7
1718906067.0,33.93,0.2740450332584027,0.24512217802096642,0.02892285523242997,MarketGridChoice,7
1718906067.25,33.93,0.2740450332584027,0.24713283174300846,0.026912201510378042,MarketGridChoice,7
1718906067.5,33.93,0.2740450332584027,0.24915790628202067,0.02488712697137312,MarketGridChoice,7
1718906067.75,33.93,0.2740450332584027,0.2511883950770925,0.022856638176327514,MarketGridChoice,7
1718906068.0,33.91,0.2332497167002229,0.2532136223642146,-0.019963905668928333,MarketGridChoice,7
1718906068.25,33.91,0.2332497167002229,0.25522145616982606,-0.021971739474474384,MarketGridChoice,7
1718906068.5,33.91,0.2332497167002229,0.25719856795152446,-0.023948851256089077,MarketGridChoice,7
1718906068.75,33.91,0.2332497167002229,0.2591307317549247,-0.02588101505938916,MarketGridChoice,7
1718906069.0,33.93,0.2740450332584027,0.261003154998298,0.013041878255531898,MarketGridChoice,7
1718906069.25,33.93,0.2740450332584027,0.262800832226192,0.011244201027765062,MarketGridChoice,7
1718906069.5,33.93,0.2740450332584027,0.2645089125082014,0.009536120745892683,MarketGridChoice,7
1718906069.75,33.93,0.2740450332584027,0.2661130707361913,0.00793196251804689,MarketGridChoice,7
1718906070.0,33.93,0.2740450332584027,0.26759987298582183,0.0064451602685646515,MarketGridChoice,7
1718906070.25,33.93,0.2740450332584027,0.2689571263767676,0.005087906877768451,MarketGridChoice,7
1718906070.5,33.93,0.2740450332584027,0.27017420444999596,0.0038708288046877346,MarketGridChoice,7
1718906070.75,33.93,0.2740450332584027,0.27124233991047164,0.0028026933443541686,MarketGridChoice,7
1718906071.0,33.93,0.2740450332584027,0.27215487758836165,0.0018901556665970399,MarketGridChoice,7
1718906071.25,33.93,0.2740450332584027,0.27290748158992956,0.0011375516651489113,MarketGridChoice,7
1718906071.5,33.93,0.2740450332584027,0.2734982917917081,0.0005467414634732562,MarketGridChoice,7
1718906071.75,33.93,0.2740450332584027,0.27392802604035765,0.00011700721490635977,MarketGridChoice,7
1718906072.0,33.93,0.2740450332584027,0.2742000256278928,-0.0001549923725689315,MarketGridChoice,7
1718906072.25,33.93,0.2740450332584027,0.27432024279818873,-0.0002752095428297566,MarketGridChoice,7
1718906072.5,33.93,0.2740450332584027,0.27429717019337424,-0.0002521369380062068,MarketGridChoice,7
1718906072.75,33.93,0.2740450332584027,0.274141713260907,-9.668000555646417e-05,MarketGridChoice,7
1718906073.0,33.93,0.2740450332584027,0.2738670077108923,0.00017802554441450312,MarketGridChoice,7
1718906073.25,33.93,0.2740450332584027,0.27348818513823986,0.0005568481169975635,ForecastPage,7
1718906073.5,33.93,0.2740450332584027,0.2730220909064682,0.0010229423486755873,ForecastPage,7
1718906073.75,33.93,0.2740450332584027,0.2724869593301768,0.0015580739248510353,ForecastPage,7
1718906074.0,33.93,0.2740450332584027,0.2719020520909438,0.0021429811639481437,ForecastPage,7
1718906074.25,33.93,0.2740450332584027,0.2712872666738002,0.002757766580938557,ForecastPage,7
1718906074.5,33.93,0.2740450332584027,0.27066272241227124,0.0033823108422999957,ForecastPage,7
1718906074.75,33.93,0.2740450332584027,0.27004833246891335,0.0039967007854793,ForecastPage,7
1718906075.0,33.93,0.2740450332584027,0.26946337074018833,0.00458166251401809,ForecastPage,7
1718906075.25,33.93,0.2740450332584027,0.26892604323905234,0.005118990014964004,ForecastPage,7
1718906075.5,33.93,0.2740450332584027,0.2684530739499328,0.0055919593038937865,ForecastPage,7
1718906075.75,33.93,0.2740450332584027,0.2680593154373632,0.005985717816278106,ForecastPage,7
1718906076.0,33.93,0.2740450332584027,0.26775739458446945,0.0062876386689949,ForecastPage,7
1718906076.25,33.93,0.2740450332584027,0.26755740369852415,0.006487629554774725,ForecastPage,7
1718906076.5,33.93,0.2740450332584027,0.26746664680086174,0.006578386452285933,ForecastPage,7
1718906076.75,33.93,0.2740450332584027,0.2674894501662806,0.006555583086732253,ForecastPage,7
1718906077.0,33.91,0.2332497167002229,0.26762704503820406,-0.034377328343488014,ForecastPage,7
1718906077.25,33.91,0.2332497167002229,0.26787752886688704,-0.03462781217226934,ForecastPage,7
1718906077.5,33.91,0.2332497167002229,0.2682359093603656,-0.03498619266582707,ForecastPage,7
1718906077.75,33.91,0.2332497167002229,0.2686942331070024,-0.03544451641252385,ForecastPage,7
1718906078.0,33.93,0.2740450332584027,0.2692417976076937,0.004803235644923385,ForecastPage,7
1718906078.25,33.93,0.2740450332584027,0.26986544241965,0.004179590832943971,ForecastPage,7
1718906078.5,33.93,0.2740450332584027,0.2705499120003732,0.0034951212522151744,ForecastPage,7
1718906078.75,33.93,0.2740450332584027,0.27127827999150517,0.0027667532610942533,ForecastPage,7
1718906079.0,33.93,0.2740450332584027,0.2720324222818898,0.0020126109707362,ForecastPage,7
1718906079.25,33.93,0.2740450332584027,0.27279352433669374,0.0012515089159728463,ForecastPage,7
1718906079.5,33.93,0.2740450332584027,0.2735426070019109,0.0005024262508083336,ForecastPage,7
1718906079.75,33.93,0.2740450332584027,0.2742610542797372,-0.00021602102695552836,ForecastPage,7
1718906080.0,33.93,0.2740450332584027,0.27493112639870115,-0.0008860931458499616,ForecastPage,7
1718906080.25,33.93,0.2740450332584027,0.27553644185474097,-0.001491408601815335,ForecastPage,7
1718906080.5,33.93,0.2740450332584027,0.27606241296380024,-0.002017379710796902,ForecastPage,7
1718906080.75,33.93,0.2740450332584027,0.27649662083793863,-0.0024515875848550688,ForecastPage,7
1718906081.0,33.95,0.31484034981658243,0.27682911757650097,0.03801123223484497,ForecastPage,7
1718906081.25,33.95,0.31484034981658243,0.277052645855,0.0377877039564313,ForecastPage,7
1718906081.5,33.95,0.31484034981658243,0.27716276898922093,0.03767758082229872,ForecastPage,7
1718906081.75,33.95,0.31484034981658243,0.27715790790297495,0.037682441908635796,ForecastPage,7
1718906082.0,33.93,0.2740450332584027,0.2770392851134337,-0.002994251859909376,ForecastPage,7
1718906082.25,33.93,0.2740450332584027,0.27681077965961104,-0.0027657464059921352,ForecastPage,7
1718906082.5,33.93,0.2740450332584027,0.27647870056953266,-0.0024336673158195845,ForecastPage,7
1718906082.75,33.93,0.2740450332584027,0.27605148972316257,-0.002006456469358154,ForecastPage,7
1718906083.0,33.93,0.2740450332584027,0.2755393676157937,-0.001494334361903423,ForecastPage,7
1718906083.25,33.93,0.2740450332584027,0.2749539374438517,-0.0009089041898840489,ForecastPage,7
1718906083.5,33.93,0.2740450332584027,0.2743077640810758,-0.0002627308270420096,ForecastPage,7
1718906083.75,33.93,0.2740450332584027,0.2736139448886117,0.00043108836547466577,ForecastPage,7
1718906084.0,33.91,0.2332497167002229,0.2728856889217186,-0.039635972225775015,ForecastPage,7
1718906084.25,33.91,0.2332497167002229,0.27213591997536807,-0.0388862032794046,ForecastPage,7
1718906084.5,33.91,0.2332497167002229,0.2713769170796071,-0.0381272003836418,ForecastPage,7
1718906084.75,33.91,0.2332497167002229,0.2706200035805273,-0.037370286884578024,ForecastPage,7
1718906085.0,33.93,0.2740450332584027,0.26987529296278306,0.004169740291313041,ForecastPage,7
1718906085.25,33.93,0.2740450332584027,0.26915149630696267,0.004893536947085577,ForecastPage,7
1718906085.5,33.93,0.2740450332584027,0.26845579300634914,0.005589240247638922,ForecastPage,7
1718906085.75,33.93,0.2740450332584027,0.26779376336239735,0.006251269891521161,ForecastPage,7
1718906086.0,33.93,0.2740450332584027,0.26716937913794436,0.006875654115898359,ForecastPage,7
1718906086.25,33.93,0.2740450332584027,0.2665850461762656,0.007459987077498167,ForecastPage,7
1718906086.5,33.93,0.2740450332584027,0.26604169181268167,0.00800334144100275,ForecastPage,7
1718906086.75,33.93,0.2740450332584027,0.26553888898254024,0.008506144271066905,ForecastPage,7
1718906087.0,33.93,0.2740450332584027,0.2650750086112088,0.008970024642325457,ForecastPage,7
1718906087.25,33.93,0.2740450332584027,0.26464739199485815,0.009397641258609687,ForecastPage,7
1718906087.5,33.93,0.2740450332584027,0.26425253537612087,0.009792497877288276,ForecastPage,7
1718906087.75,33.93,0.2740450332584027,0.26388627971192585,0.010158753541432997,ForecastPage,7
1718906088.0,33.93,0.2740450332584027,0.2635439996429718,0.010501033610345158,ForecastPage,7
1718906088.25,33.93,0.2740450332584027,0.2632207868220956,0.01082424643118733,ForecastPage,7
1718906088.5,33.93,0.2740450332584027,0.2629116239548545,0.011133409298401103,ForecastPage,7
1718906088.75,33.93,0.2740450332584027,0.2626115470588913,0.011433486194342183,ForecastPage,7
1718906089.0,33.91,0.2332497167002229,0.26231579446489656,-0.02906607776986215,ForecastPage,7
1718906089.25,33.91,0.2332497167002229,0.26201994186750877,-0.02877022517249322,ForecastPage,7
1718906089.5,33.91,0.2332497167002229,0.26172002320923143,-0.02847030651423657,ForecastPage,7
1718906089.75,33.91,0.2332497167002229,0.26141263730603775,-0.028162920611067226,ForecastPage,7
1718906090.0,33.93,0.2740450332584027,0.26109503993627226,0.012949993316848527,ForecastPage,7
1718906090.25,33.93,0.2740450332584027,0.2607652207384473,0.013279812514637269,ForecastPage,7
1718906090.5,33.93,0.2740450332584027,0.26042196388082667,0.013623069372213763,ForecastPage,7
1718906090.75,33.93,0.2740450332584027,0.2600648912557018,0.01398014199728515,ForecastPage,7
1718906091.0,33.93,0.2740450332584027,0.25969448702915743,0.01435054622376544,ForecastPage,7
1718906091.25,33.93,0.2740450332584027,0.25931210276503697,0.014732930487810008,ForecastPage,7
1718906091.5,33.93,0.2740450332584027,0.2589199429810957,0.015125090271662506,ForecastPage,7
1718906091.75,33.93,0.2740450332584027,0.2585210317794579,0.015524001473197956,ForecastPage,7
1718906092.0,33.91,0.2332497167002229,0.2581191619962727,-0.02486944530191298,ForecastPage,7
1718906092.25,33.91,0.2332497167002229,0.25771882900725385,-0.024469112313024215,ForecastPage,7
1718906092.5,33.91,0.2332497167002229,0.25732515178976295,-0.024075435095675873,ForecastPage,7
1718906092.75,33.91,0.2332497167002229,0.25694378400244244,-0.023694067308508093,ForecastPage,7
1718906093.0,33.93,0.2740450332584027,0.2565808176983518,0.017464215553602558,ForecastPage,7
1718906093.25,33.93,0.2740450332584027,0.25624268192165256,0.017802351330138706,ForecastPage,7
1718906093.5,33.93,0.2740450332584027,0.2559360379933497,0.018108995258279366,ForecastPage,7
1718906093.75,33.93,0.2740450332584027,0.25566767290704745,0.01837736034442454,ForecastPage,7
1718906094.0,33.91,0.2332497167002229,0.25544439200525354,-0.0221946753121091,ForecastPage,7
1718906094.25,33.91,0.2332497167002229,0.2552729119749952,-0.02202319528198544,ForecastPage,7
1718906094.5,33.91,0.2332497167002229,0.25515975510885835,-0.02191003841596665,ForecastPage,7
1718906094.75,33.91,0.2332497167002229,0.2551111456416964,-0.02186142894890302,ForecastPage,7
1718906095.0,33.93,0.2740450332584027,0.2551329087704252,0.01891212448047194,ForecastPage,7
1718906095.25,33.93,0.2740450332584027,0.2552303727550463,0.018814660495799117,ForecastPage,7
1718906095.5,33.93,0.2740450332584027,0.25540827440331426,0.018636758847505125,ForecastPage,7
1718906095.75,33.93,0.2740450332584027,0.2556706683782935,0.018374364872526687,ForecastPage,7
1718906096.0,33.93,0.2740450332584027,0.25602084119468954,0.018024192056158676,ForecastPage,7
1718906096.25,33.93,0.2740450332584027,0.25646123145380784,0.01758380179709587,ForecastPage,7
1718906096.5,33.93,0.2740450332584027,0.25699335869902695,0.017051674551959276,ForecastPage,7
1718906096.75,33.93,0.2740450332584027,0.25761776410160914,0.016427269149485765,ForecastPage,7
1718906097.0,33.91,0.2332497167002229,0.2583339668444462,-0.02508425015139789,ForecastPage,7
1718906097.25,33.91,0.2332497167002229,0.2591404403962033,-0.02589072370300002,ForecastPage,7
1718906097.5,33.91,0.2332497167002229,0.26003461271801176,-0.026784896024634887,ForecastPage,7
1718906097.75,33.91,0.2332497167002229,0.2610128937267159,-0.02776317703315041,ForecastPage,7
1718906098.0,33.91,0.2332497167002229,0.2620707320439711,-0.028821015350205603,ForecastPage,7
1718906098.25,33.91,0.2332497167002229,0.26320270128087603,-0.029952984586902928,ForecastPage,7
1718906098.5,33.91,0.2332497167002229,0.2644026140205726,-0.031152897326388,ForecastPage,7
1718906098.75,33.91,0.2332497167002229,0.26566365949655674,-0.03241394280216053,ForecastPage,7
1718906099.0,33.95,0.31484034981658243,0.2669785589775916,0.04786179083337202,ForecastPage,7
1718906099.25,33.95,0.31484034981658243,0.2683397313224642,0.046500618488699616,ForecastPage,7
1718906099.5,33.95,0.31484034981658243,0.26973946029814416,0.04510088951320865,ForecastPage,7
1718906099.75,33.95,0.31484034981658243,0.2711700552238085,0.04367029458771898,ForecastPage,7
1718906100.0,33.93,0.2740450332584027,0.27262399732717435,0.001421035926330999,ForecastPage,7
1718906100.25,33.93,0.2740450332584027,0.27409406572356193,-4.903246991808802e-05,ForecastPage,7
1718906100.5,33.93,0.2740450332584027,0.27557343887017854,-0.001528405616417209,ForecastPage,7
1718906100.75,33.93,0.2740450332584027,0.2770557693947058,-0.0030107361408491518,ForecastPage,7
1718906101.0,33.93,0.2740450332584027,0.2785352320927112,-0.00449019883878243,ForecastPage,7
1718906101.25,33.93,0.2740450332584027,0.28000654647680595,-0.005961513222828719,ForecastPage,7
1718906101.5,33.93,0.2740450332584027,0.2814649764769335,-0.007419943222932092,ForecastPage,7
1718906101.75,33.93,0.2740450332584027,0.28290631072918937,-0.008861277475188199,ForecastPage,7
1718906102.0,33.93,0.2740450332584027,0.2843268273741136,-0.01028179412013671,ForecastPage,7
1718906102.25,33.93,0.2740450332584027,0.2857232474559307,-0.011678214202000978,ForecastPage,7
1718906102.5,33.93,0.2740450332584027,0.2870926809272352,-0.013047647673373925,ForecastPage,7
1718906102.75,33.93,0.2740450332584027,0.28843256898821334,-0.0143875357344396,ForecastPage,7
1718906103.0,33.95,0.31484034981658243,0.28974062610776136,0.02509972370408855,ForecastPage,7
1718906103.25,33.95,0.31484034981658243,0.291014784677427,0.023825565134307287,ForecastPage,7
1718906103.5,33.95,0.31484034981658243,0.29225314492584475,0.022587204885766377,ForecastPage,7
1718906103.75,33.95,0.31484034981658243,0.2934539325272648,0.021386417284219552,ForecastPage,7
1718906104.0,33.93,0.2740450332584027,0.29461546626364515,-0.02057043301046751,ForecastPage,7
1718906104.25,33.93,0.2740450332584027,0.2957361380585212,-0.021691104805467886,MarketWaitPage,7
1718906104.5,33.93,0.2740450332584027,0.2968144075559357,-0.022769374303001688,MarketWaitPage,7
1718906104.75,33.93,0.2740450332584027,0.2978488130440839,-0.023803779791262344,MarketWaitPage,7
1718906105.0,33.95,0.31484034981658243,0.2988379998681754,0.016002349942722198,MarketWaitPage,7
1718906105.25,33.95,0.31484034981658243,0.29978076658461,0.015059583226193742,MarketWaitPage,7
1718906105.5,33.95,0.31484034981658243,0.300676128094638,0.014164221716082073,MarketWaitPage,7
1718906105.75,33.95,0.31484034981658243,0.30152339398598316,0.01331695582466286,MarketWaitPage,7
1718906106.0,33.93,0.2740450332584027,0.3023222593798717,-0.028277226127471407,MarketWaitPage,7
1718906106.25,33.93,0.2740450332584027,0.30307290472587955,-0.0290278714735386,RoundResultsPage,7
1718906106.5,33.93,0.2740450332584027,0.3037761001531231,-0.02973106690083597,RoundResultsPage,7
1718906106.75,33.93,0.2740450332584027,0.30443330912708205,-0.030388275874843374,RoundResultsPage,7
1718906107.0,33.95,0.31484034981658243,0.3050467852991402,0.00979356451123491,RoundResultsPage,7
1718906107.25,33.95,0.31484034981658243,0.30561965568692095,0.009220694123415838,RoundResultsPage,7
1718906107.5,33.95,0.31484034981658243,0.30615598287181967,0.008684366938484168,RoundResultsPage,7
1718906107.75,33.95,0.31484034981658243,0.30666079893654435,0.008179550873732688,RoundResultsPage,7
1718906108.0,33.97,0.3556356663747477,0.30714010452512885,0.048495561843293664,RoundResultsPage,7
1718906108.25,33.97,0.3556356663747477,0.3076008277379803,0.0480348386304302,RoundResultsPage,7
1718906108.5,33.97,0.3556356663747477,0.308050739533192,0.047584926835214515,RoundResultsPage,7
1718906108.75,33.97,0.3556356663747477,0.308498324766531,0.04713734160187877,RoundResultsPage,7
1718906109.0,33.93,0.2740450332584027,0.30895261075081704,-0.034907577498743333,RoundResultsPage,7
1718906109.25,33.93,0.2740450332584027,0.3094229579500097,-0.03537792469792309,RoundResultsPage,7
1718906109.5,33.93,0.2740450332584027,0.30991881980277924,-0.035873786550677245,RoundResultsPage,7
1718906109.75,33.93,0.2740450332584027,0.31044948040213705,-0.036404447150018365,RoundResultsPage,7
1718906110.0,33.95,0.31484034981658243,0.31102377969271283,0.0038165701176022734,RoundResultsPage,7
1718906110.25,33.95,0.31484034981658243,0.3116498360207163,0.003190513789614352,RoundResultsPage,7
1718906110.5,33.95,0.31484034981658243,0.3123347754623325,0.002505574348011316,RoundResultsPage,7
1718906110.75,33.95,0.31484034981658243,0.3130844765924749,0.001755873217878923,RoundResultsPage,7
1718906111.0,33.95,0.31484034981658243,0.3139033384260627,0.0009370113842970349,RoundResultsPage,7
1718906111.25,33.95,0.31484034981658243,0.3147940782761002,4.627153426081231e-05,RoundResultsPage,7
1718906111.5,33.95,0.31484034981658243,0.3157575652631541,-0.0009172154527969838,RoundResultsPage,7
1718906111.75,33.95,0.31484034981658243,0.3167926941775474,-0.0019523443671993807,RoundResultsPage,7
1718906112.0,33.95,0.31484034981658243,0.31789630332719854,-0.0030559535168649815,RoundResultsPage,7
1718906112.25,33.95,0.31484034981658243,0.3190631388929993,-0.00422278908268525,RoundResultsPage,7
1718906112.5,33.95,0.31484034981658243,0.320285867160333,-0.005445517350042864,RoundResultsPage,7
1718906112.75,33.95,0.31484034981658243,0.3215551348091883,-0.006714784998925832,RoundResultsPage,7
1718906113.0,33.95,0.31484034981658243,0.3228596762453271,-0.00801932643509565,RoundResultsPage,7
1718906113.25,33.95,0.31484034981658243,0.32418646577037613,-0.009346115960178624,RoundResultsPage,7
1718906113.5,33.95,0.31484034981658243,0.32552091125959126,-0.010680561449430154,RoundResultsPage,7
1718906113.75,33.95,0.31484034981658243,0.32684708499376314,-0.01200673518364087,RoundResultsPage,7
1718906114.0,33.97,0.3556356663747477,0.32814798643900783,0.027487679929237563,RoundResultsPage,7
1718906114.25,33.97,0.3556356663747477,0.3294058311560403,0.02622983521215877,RoundResultsPage,7
1718906114.5,33.97,0.3556356663747477,0.33060235971546387,0.02503330665268325,RoundResultsPage,7
1718906114.75,33.97,0.3556356663747477,0.3317191605317838,0.02391650583630416,RoundResultsPage,7
1718906115.0,33.95,0.31484034981658243,0.33273800087485417,-0.01789765106499947,RoundResultsPage,7
1718906115.25,33.95,0.31484034981658243,0.33364116086384316,-0.018800811054066245,RoundResultsPage,7
1718906115.5,33.95,0.31484034981658243,0.33441176583623733,-0.01957141602654827,RoundResultsPage,7
1718906115.75,33.95,0.31484034981658243,0.33503411296456964,-0.020193763154977933,RoundResultsPage,7
1718906116.0,33.97,0.3556356663747477,0.335493988289304,0.020141678078347373,RoundResultsPage,7
1718906116.25,33.97,0.3556356663747477,0.3357789704661082,0.01985669590143109,RoundResultsPage,7
1718906116.5,33.97,0.3556356663747477,0.3358787175772833,0.01975694879013963,RoundResultsPage,7
1718906116.75,33.97,0.3556356663747477,0.33578523342509503,0.019850432942209718,RoundResultsPage,7
1718906117.0,33.95,0.31484034981658243,0.3354931098485262,-0.0206527600395042,RoundResultsPage,7
1718906117.25,33.95,0.31484034981658243,0.33499974174175684,-0.02015939193284909,RiskPage1,7
1718906117.5,33.95,0.31484034981658243,0.33430551150124294,-0.019465161692443687,RiskPage1,7
1718906117.75,33.95,0.31484034981658243,0.3334139394882105,-0.018573589679511452,RiskPage1,7
1718906118.0,33.95,0.31484034981658243,0.3323317967247446,-0.017491446916135238,RiskPage1,7
1718906118.25,33.95,0.31484034981658243,0.33106917549171827,-0.01622882568318608,RiskPage1,7
1718906118.5,33.95,0.31484034981658243,0.32963951288598603,-0.014799163077517162,RiskPage1,7
1718906118.75,33.95,0.31484034981658243,0.3280595618811745,-0.013219212072754784,RiskPage1,7
1718906119.0,33.97,0.3556356663747477,0.32634930418775965,0.029286362178789924,RiskPage1,7
1718906119.25,33.97,0.3556356663747477,0.3245317993806744,0.031103866985852657,RiskPage1,7
1718906119.5,33.97,0.3556356663747477,0.3226329654851853,0.033002700881330935,RiskPage1,7
1718906119.75,33.97,0.3556356663747477,0.3206812875551824,0.034954378811333175,RiskPage1,7
1718906120.0,33.95,0.31484034981658243,0.318707452721057,-0.0038671029126988964,RiskPage1,7
1718906120.25,33.95,0.31484034981658243,0.31674391260000895,-0.001903562791636653,RiskPage1,7
1718906120.5,33.95,0.31484034981658243,0.3148243766449096,1.5973163481099173e-05,RiskPage1,7
1718906120.75,33.95,0.31484034981658243,0.3129832427363301,0.0018571070720813905,RiskPage1,7
1718906121.0,33.95,0.31484034981658243,0.311254973917112,0.00358537589132123,RiskPage1,7
1718906121.25,33.95,0.31484034981658243,0.3096734325229491,0.005166917285505851,RiskPage1,7
1718906121.5,33.95,0.31484034981658243,0.30827118502869294,0.006569164779783031,RiskPage1,7
1718906121.75,33.95,0.31484034981658243,0.3070787926884327,0.007761557120063385,RiskPage1,7
1718906122.0,33.95,0.31484034981658243,0.30612410447771266,0.008716245330803141,RiskPage1,7
1718906122.25,33.95,0.31484034981658243,0.3054315699164024,0.009408779892133654,RiskPage2,7
1718906122.5,33.95,0.31484034981658243,0.3050215900145711,0.009818759793986723,RiskPage2,7
1718906122.75,33.95,0.31484034981658243,0.304909924782339,0.009930425026242362,RiskPage2,7
1718906123.0,33.93,0.2740450332584027,0.30510717540876137,-0.031062142158334607,RiskPage2,7
1718906123.25,33.93,0.2740450332584027,0.30561835827008865,-0.03157332501963615,RiskPage2,7
1718906123.5,33.93,0.2740450332584027,0.3064425863105147,-0.03239755306003699,RiskPage2,7
1718906123.75,33.93,0.2740450332584027,0.30757287102600456,-0.0335278377755034,RiskPage2,7
1718906124.0,33.95,0.31484034981658243,0.30899605532805524,0.0058442944806465745,RiskPage2,7
1718906124.25,33.95,0.31484034981658243,0.31069288411523294,0.004147465693486712,RiskPage2,7
1718906124.5,33.95,0.31484034981658243,0.31263821564814637,0.00220213416058768,RiskPage2,7
1718906124.75,33.95,0.31484034981658243,0.3148013730278511,3.897678089404867e-05,RiskPage2,7
1718906125.0,33.95,0.31484034981658243,0.31714663138726673,-0.0023062815785135594,RiskPage2,7
1718906125.25,33.95,0.31484034981658243,0.3196338329118212,-0.004793483103063002,RiskPage2,7
1718906125.5,33.95,0.31484034981658243,0.32221911853881563,-0.00737876873005561,RiskPage2,7
1718906125.75,33.95,0.31484034981658243,0.32485576214771433,-0.010015412338955601,RiskPage2,7
1718906126.0,33.95,0.31484034981658243,0.3274950902515316,-0.012654740442777186,RiskPage2,7
1718906126.25,33.95,0.31484034981658243,0.33008746765625285,-0.015247117847505343,RiskPage2,7
1718906126.5,33.95,0.31484034981658243,0.33258332731666357,-0.017742977507924966,RiskPage2,7
1718906126.75,33.95,0.31484034981658243,0.3349342207525436,-0.02009387094381541,RiskPage2,7
1718906127.0,33.97,0.3556356663747477,0.3370938639920676,0.018541802374814384,RiskPage2,7
1718906127.25,33.97,0.3556356663747477,0.3390191531929353,0.016616513173934897,RiskPage2,7
1718906127.5,33.97,0.3556356663747477,0.34067112397663296,0.014964542390225877,RiskPage2,7
1718906127.75,33.97,0.3556356663747477,0.34201582919580414,0.013619837171044244,RiskPage2,7
1718906128.0,33.97,0.3556356663747477,0.3430251113807931,0.012610554986045911,RiskPage2,7
1718906128.25,33.97,0.3556356663747477,0.34367724844677316,0.011958417920057357,RiskPage3,7
1718906128.5,33.97,0.3556356663747477,0.3439574542946569,0.011678212072165196,RiskPage3,7
1718906128.75,33.97,0.3556356663747477,0.3438582195847802,0.01177744678203269,RiskPage3,7
1718906129.0,33.97,0.3556356663747477,0.3433794820752185,0.012256184291583693,RiskPage3,7
1718906129.25,33.97,0.3556356663747477,0.34252862037505577,0.013107045991734184,RiskPage3,7
1718906129.5,33.97,0.3556356663747477,0.34132026965103873,0.014315396715737774,RiskPage3,7
1718906129.75,33.97,0.3556356663747477,0.3397759626304134,0.015859703736349533,RiskPage3,7
1718906130.0,33.97,0.3556356663747477,0.33792360404901217,0.01771206231773835,RiskPage3,7
1718906130.25,33.97,0.3556356663747477,0.3357967913831309,0.01983887498360991,RiskPage3,7
1718906130.5,33.97,0.3556356663747477,0.3334339991499002,0.022201667216834968,RiskPage3,7
1718906130.75,33.97,0.3556356663747477,0.3308776481261988,0.024758018240536264,RiskPage3,7
1718906131.0,33.95,0.31484034981658243,0.32817308436942016,-0.013332734560842954,RiskPage3,7
1718906131.25,33.95,0.31484034981658243,0.32536749576015717,-0.010527145951563323,RiskPage3,7
1718906131.5,33.95,0.31484034981658243,0.3225087957600047,-0.007668445951383203,RiskPage3,7
1718906131.75,33.95,0.31484034981658243,0.3196445050431379,-0.004804155234475626,RiskPage3,7
1718906132.0,33.93,0.2740450332584027,0.31682066152919747,-0.04277562827865895,RiskPage3,7
1718906132.25,33.93,0.2740450332584027,0.3140807881011252,-0.04003575485051391,RiskPage3,7
1718906132.5,33.93,0.2740450332584027,0.31146494498796506,-0.03741991173726267,RiskPage3,7
1718906132.75,33.93,0.2740450332584027,0.3090088905454214,-0.034963857294608436,RiskPage3,7
1718906133.0,33.95,0.31484034981658243,0.3067433701605602,0.00809697964856368,RiskPage3,7
1718906133.25,33.95,0.31484034981658243,0.30469354849371205,0.01014680131556394,RiskPage4,7
1718906133.5,33.95,0.31484034981658243,0.30287859553929164,0.011961754270157238,RiskPage4,7
1718906133.75,33.95,0.31484034981658243,0.30131143230276086,0.013528917506880497,RiskPage4,7
1718906134.0,33.93,0.2740450332584027,0.2999986374346628,-0.02595360418299155,RiskPage4,7
1718906134.25,33.93,0.2740450332584027,0.2989405120087059,-0.024895478756811303,RiskPage4,7
1718906134.5,33.93,0.2740450332584027,0.2981312957735491,-0.024086262521421598,RiskPage4,7
1718906134.75,33.93,0.2740450332584027,0.2975595246247003,-0.02351449137233502,RiskPage4,7
1718906135.0,33.95,0.31484034981658243,0.2972085157577058,0.017631834053077163,RiskPage4,7
1718906135.25,33.95,0.31484034981658243,0.29705696407452153,0.01778338573649426,RiskPage4,7
1718906135.5,33.95,0.31484034981658243,0.29707963107062435,0.017760718740614256,RiskPage4,7
1718906135.75,33.95,0.31484034981658243,0.2972481057723451,0.017592244039101777,RiskPage4,7
1718906136.0,33.95,0.31484034981658243,0.2975316163965179,0.017308733415118967,RiskPage4,7
1718906136.25,33.95,0.31484034981658243,0.2978978712487206,0.016942478563084697,RiskPage4,7
1718906136.5,33.95,0.31484034981658243,0.29831390786359224,0.01652644194835693,RiskPage4,7
1718906136.75,33.95,0.31484034981658243,0.2987469303776588,0.016093419434407095,RiskPage4,7
1718906137.0,33.93,0.2740450332584027,0.29916511645334226,-0.025120083199369037,RiskPage4,7
1718906137.25,33.93,0.2740450332584027,0.29953837658620996,-0.025493343332181645,RiskPage4,7
1718906137.5,33.93,0.2740450332584027,0.2998390501892796,-0.025794016935229577,RiskPage4,7
1718906137.75,33.93,0.2740450332584027,0.30004252436970846,-0.025997491115670485,RiskPage4,7
1718906138.0,33.95,0.31484034981658243,0.3001277627872544,0.014712587024918563,RiskPage4,7
1718906138.25,33.95,0.31484034981658243,0.3000777334968384,0.014762616315258957,PreMarketWait,8
1718906138.5,33.95,0.31484034981658243,0.2998797263802559,0.01496062343173782,PreMarketWait,8
1718906138.75,33.95,0.31484034981658243,0.29952555281796633,0.015314796993899076,PreMarketWait,8
1718906139.0,33.95,0.31484034981658243,0.29901162273464216,0.01582872707707431,PreMarketWait,8
1718906139.25,33.95,0.31484034981658243,0.29833889707605554,0.0165014527354954,PreMarketWait,8
1718906139.5,33.95,0.31484034981658243,0.29751271706587157,0.01732763274550145,PreMarketWait,8
1718906139.75,33.95,0.31484034981658243,0.2965425151283591,0.018297834682828057,PreMarketWait,8
1718906140.0,33.95,0.31484034981658243,0.29544141600621093,0.019398933804786522,PreMarketWait,8
1718906140.25,33.95,0.31484034981658243,0.2942257402023564,0.02061460960845119,PreMarketWait,8
1718906140.5,33.95,0.31484034981658243,0.29291442527502987,0.021925924535590946,PreMarketWait,8
1718906140.75,33.95,0.31484034981658243,0.2915283835530106,0.023311966257428745,PreMarketWait,8
1718906141.0,33.93,0.2740450332584027,0.2900898173409145,-0.016044784088829412,PreMarketWait,8
1718906141.25,33.93,0.2740450332584027,0.28862151447435935,-0.014576481222440523,PreMarketWait,8
1718906141.5,33.93,0.2740450332584027,0.2871461479890235,-0.013101114737261365,PreMarketWait,8
1718906141.75,33.93,0.2740450332584027,0.28568560354597083,-0.011640570294354353,PreMarketWait,8
1718906142.0,33.91,0.2332497167002229,0.28426035703381924,-0.051010640340515744,PreMarketWait,8
1718906142.25,33.91,0.2332497167002229,0.2828889224563522,-0.04963920576316783,PreMarketWait,8
1718906142.5,33.91,0.2332497167002229,0.28158738690337565,-0.0483376702102942,PreMarketWait,8
1718906142.75,33.91,0.2332497167002229,0.28036904526010864,-0.047119328567112526,PreMarketWait,8
1718906143.0,33.93,0.2740450332584027,0.2792441425843414,-0.005199109333232463,PreMarketWait,8
1718906143.25,33.93,0.2740450332584027,0.2782197270997878,-0.004174693848727248,PreMarketWait,8
1718906143.5,33.93,0.2740450332584027,0.2772996118964427,-0.0032545786454121726,PreMarketWait,8
1718906143.75,33.93,0.2740450332584027,0.27648443906024217,-0.002439405809223919,PreMarketWait,8
1718906144.0,33.95,0.31484034981658243,0.27577183636785907,0.039068513441343385,PreMarketWait,8
1718906144.25,33.95,0.31484034981658243,0.2751566540668306,0.03968369574239143,MarketGridChoice,8
1718906144.5,33.95,0.31484034981658243,0.2746312677012153,0.040209082108039536,MarketGridChoice,8
1718906144.75,33.95,0.31484034981658243,0.27418593242557115,0.04065441738372763,MarketGridChoice,8
1718906145.0,33.93,0.2740450332584027,0.273809174660091,0.00023585859108056495,MarketGridChoice,8
1718906145.25,33.93,0.2740450332584027,0.2734882080616493,0.0005568251895810769,MarketGridChoice,8
1718906145.5,33.93,0.2740450332584027,0.27320936233614734,0.000835670915146032,MarketGridChoice,8
1718906145.75,33.93,0.2740450332584027,0.2729585151087394,0.0010865181426192444,MarketGridChoice,8
1718906146.0,33.93,0.2740450332584027,0.2727215186691822,0.0013235145822421933,MarketGridChoice,8
1718906146.25,33.93,0.2740450332584027,0.27248461477493524,0.0015604184765536742,MarketGridChoice,8
1718906146.5,33.93,0.2740450332584027,0.27223483175457885,0.0018102014969721952,MarketGridChoice,8
1718906146.75,33.93,0.2740450332584027,0.27196035888030845,0.0020846743713016855,MarketGridChoice,8
1718906147.0,33.91,0.2332497167002229,0.2716508933570108,-0.03840117666352486,MarketGridChoice,8
1718906147.25,33.91,0.2332497167002229,0.2712979552980984,-0.038048238604561,MarketGridChoice,8
1718906147.5,33.91,0.2332497167002229,0.2708951657309875,-0.03764544903740299,MarketGridChoice,8
1718906147.75,33.91,0.2332497167002229,0.27043848204613347,-0.037188765352505995,MarketGridChoice,8
1718906148.0,33.93,0.2740450332584027,0.26992638449621675,0.00411864875562969,MarketGridChoice,8
1718906148.25,33.93,0.2740450332584027,0.26936000657675147,0.004685026675130835,MarketGridChoice,8
1718906148.5,33.93,0.2740450332584027,0.2687432016444147,0.00530183160750048,MarketGridChoice,8
1718906148.75,33.93,0.2740450332584027,0.2680825382193101,0.005962495032635734,MarketGridChoice,8
1718906149.0,33.95,0.31484034981658243,0.26738721727070835,0.0474531325394472,MarketGridChoice,8
1718906149.25,33.95,0.31484034981658243,0.26666890650257674,0.04817144330760952,MarketGridChoice,8
1718906149.5,33.95,0.31484034981658243,0.26594148923574956,0.048898860574469516,MarketGridChoice,8
1718906149.75,33.95,0.31484034981658243,0.26522072883326503,0.049619620976989846,MarketGridChoice,8
1718906150.0,33.93,0.2740450332584027,0.26452385353906216,0.009521179713052629,MarketGridChoice,8
1718906150.25,33.93,0.2740450332584027,0.26386907080265026,0.010175962449508847,MarketGridChoice,8
1718906150.5,33.93,0.2740450332584027,0.2632750242800247,0.010770008972184292,MarketGridChoice,8
1718906150.75,33.93,0.2740450332584027,0.2627602103638695,0.011284822888395652,MarketGridChoice,8
1718906151.0,33.91,0.2332497167002229,0.2623423739890495,-0.029092657294901212,MarketGridChoice,8
1718906151.25,33.91,0.2332497167002229,0.2620379053550548,-0.028788188660836118,MarketGridChoice,8
1718906151.5,33.91,0.2332497167002229,0.2618612599664974,-0.028611543272200925,MarketGridChoice,8
1718906151.75,33.91,0.2332497167002229,0.2618244239609913,-0.028574707266609992,MarketGridChoice,8
1718906152.0,33.91,0.2332497167002229,0.26193644510599595,-0.028686728411523716,MarketGridChoice,8
1718906152.25,33.91,0.2332497167002229,0.2622030472314673,-0.028953330536899538,MarketGridChoice,8
1718906152.5,33.91,0.2332497167002229,0.26262634242819644,-0.02937662573353006,MarketGridChoice,8
1718906152.75,33.91,0.2332497167002229,0.26320465133042475,-0.02995493463565816,MarketGridChoice,8
1718906153.0,33.93,0.2740450332584027,0.2639324374797206,0.010112595773326467,MarketGridChoice,8
1718906153.25,33.93,0.2740450332584027,0.2648003574003109,0.009244675852836677,MarketGridChoice,8
1718906153.5,33.93,0.2740450332584027,0.26579542385536087,0.00824960939788644,MarketGridChoice,8
1718906153.75,33.93,0.2740450332584027,0.26690127600965946,0.007143757243686369,MarketGridChoice,8
1718906154.0,33.93,0.2740450332584027,0.2680985470346043,0.005946486218838632,MarketGridChoice,8
1718906154.25,33.93,0.2740450332584027,0.26936531710705947,0.004679716146478826,MarketGridChoice,8
1718906154.5,33.93,0.2740450332584027,0.27067763775519826,0.003367395498433519,MarketGridChoice,8
1718906154.75,33.93,0.2740450332584027,0.2720101120369285,0.002034921216794496,MarketGridChoice,8
1718906155.0,33.93,0.2740450332584027,0.2733365140383867,0.0007085192154248111,MarketGridChoice,8
1718906155.25,33.93,0.2740450332584027,0.2746304305969292,-0.0005853973430323331,MarketGridChoice,8
1718906155.5,33.93,0.2740450332584027,0.27586590794188587,-0.001820874687907115,MarketGridChoice,8
1718906155.75,33.93,0.2740450332584027,0.2770180860758646,-0.0029730528218075095,MarketGridChoice,8
1718906156.0,33.93,0.2740450332584027,0.2780638041705334,-0.004018770916401583,MarketGridChoice,8
1718906156.25,33.93,0.2740450332584027,0.27898216101657464,-0.004937127762371462,MarketGridChoice,8
1718906156.5,33.93,0.2740450332584027,0.2797550156526862,-0.00570998239841496,MarketGridChoice,8
1718906156.75,33.93,0.2740450332584027,0.2803674147191402,-0.006322381464804159,MarketGridChoice,8
1718906157.0,33.95,0.31484034981658243,0.2808079348636485,0.03403241494892857,MarketGridChoice,8
1718906157.25,33.95,0.31484034981658243,0.2810689307030895,0.033771419109545536,MarketGridChoice,8
1718906157.5,33.95,0.31484034981658243,0.2811466814375978,0.03369366837509175,MarketGridChoice,8
1718906157.75,33.95,0.31484034981658243,0.2810414322096133,0.03379891760312699,MarketGridChoice,8
1718906158.0,33.93,0.2740450332584027,0.2807573296135683,-0.006712296358961114,MarketGridChoice,8
1718906158.25,33.93,0.2740450332584027,0.280302254219834,-0.00625722096518512,MarketGridChoice,8
1718906158.5,33.93,0.2740450332584027,0.2796875563482486,-0.00564252309356403,MarketGridChoice,8
1718906158.75,33.93,0.2740450332584027,0.2789277043816222,-0.004882671126909181,MarketGridChoice,8
1718906159.0,33.93,0.2740450332584027,0.2780398574781234,-0.003994824223390472,MarketGridChoice,8
1718906159.25,33.93,0.2740450332584027,0.27704337654089095,-0.002998343286147416,MarketGridChoice,8
1718906159.5,33.93,0.2740450332584027,0.2759592887246939,-0.001914255469949392,MarketGridChoice,8
1718906159.75,33.93,0.2740450332584027,0.274809721633159,-0.0007646883784232991,MarketGridChoice,8
1718906160.0,33.93,0.2740450332584027,0.2736173237260026,0.00042770952871448026,MarketGridChoice,8
1718906160.25,33.93,0.2740450332584027,0.2724046873495084,0.0016403459051806037,MarketGridChoice,8
1718906160.5,33.93,0.2740450332584027,0.2711937902521596,0.0028512430024921175,MarketGridChoice,8
1718906160.75,33.93,0.2740450332584027,0.27000547046797785,0.0040395627866279225,MarketGridChoice,8
1718906161.0,33.91,0.2332497167002229,0.2688589480497417,-0.03560923135336984,MarketGridChoice,8
1718906161.25,33.91,0.2332497167002229,0.26777140531272575,-0.03452168861641573,MarketGridChoice,8
1718906161.5,33.91,0.2332497167002229,0.2667576350124342,-0.033507918316193125,MarketGridChoice,8
1718906161.75,33.91,0.2332497167002229,0.2658297632661034,-0.032580046569937765,MarketGridChoice,8
1718906162.0,33.93,0.2740450332584027,0.2649970511434636,0.009047982110800726,MarketGridChoice,8
1718906162.25,33.93,0.2740450332584027,0.2642657758828396,0.009779257371339133,MarketGridChoice,8
1718906162.5,33.93,0.2740450332584027,0.2636391898709711,0.0104058433831185,MarketGridChoice,8
1718906162.75,33.93,0.2740450332584027,0.26311755308646306,0.010927480167534653,MarketGridChoice,8
1718906163.0,33.93,0.2740450332584027,0.26269823280512744,0.011346800448775946,MarketGridChoice,8
1718906163.25,33.93,0.2740450332584027,0.2623758630605386,0.011669170193268536,MarketGridChoice,8
1718906163.5,33.93,0.2740450332584027,0.2621425556202613,0.01190247763344872,MarketGridChoice,8
1718906163.75,33.93,0.2740450332584027,0.2619881540023176,0.012056879251296013,MarketGridChoice,8
1718906164.0,33.93,0.2740450332584027,0.26190052222078847,0.01214451103273162,MarketGridChoice,8
1718906164.25,33.93,0.2740450332584027,0.2618658604095557,0.012179172843876257,MarketGridChoice,8
1718906164.5,33.93,0.2740450332584027,0.2618690401211742,0.012175993132177518,MarketGridChoice,8
1718906164.75,33.93,0.2740450332584027,0.2618939528235085,0.012151080429773305,MarketGridChoice,8
1718906165.0,33.91,0.2332497167002229,0.2619238658086589,-0.028674149113614038,MarketGridChoice,8
1718906165.25,33.91,0.2332497167002229,0.26194178027816506,-0.028692063583162786,ForecastPage,8
1718906165.5,33.91,0.2332497167002229,0.26193078668307557,-0.02868106998809996,ForecastPage,8
1718906165.75,33.91,0.2332497167002229,0.2618744124292428,-0.028624695734277422,ForecastPage,8
1718906166.0,33.93,0.2740450332584027,0.2617569568369596,0.01228807641619168,ForecastPage,8
1718906166.25,33.93,0.2740450332584027,0.26156380788968964,0.012481225363483468,ForecastPage,8
1718906166.5,33.93,0.2740450332584027,0.2612817350003974,0.012763298252812008,ForecastPage,8
1718906166.75,33.93,0.2740450332584027,0.26089915194679797,0.013145881306461066,ForecastPage,8
1718906167.0,33.93,0.2740450332584027,0.2604063443975887,0.013638688855731496,ForecastPage,8
1718906167.25,33.93,0.2740450332584027,0.25979565709799896,0.014249376155391779,ForecastPage,8
1718906167.5,33.93,0.2740450332584027,0.25906163675270005,0.014983396500767757,ForecastPage,8
1718906167.75,33.93,0.2740450332584027,0.25820112783778054,0.0158439054157677,ForecastPage,8
1718906168.0,33.91,0.2332497167002229,0.25721331987156537,-0.02396360317611652,ForecastPage,8
1718906168.25,33.91,0.2332497167002229,0.2560997459523247,-0.02285002925679889,ForecastPage,8
1718906168.5,33.91,0.2332497167002229,0.2548642335157486,-0.021614516820152085,ForecastPage,8
1718906168.75,33.91,0.2332497167002229,0.253512809200579,-0.020263092504920546,ForecastPage,8
1718906169.0,33.93,0.2740450332584027,0.2520535604307948,0.021991472823094372,ForecastPage,8
1718906169.25,33.93,0.2740450332584027,0.2504964569018445,0.02354857635208318,ForecastPage,8
1718906169.5,33.93,0.2740450332584027,0.24885313572223816,0.02519189753171489,ForecastPage,8
1718906169.75,33.93,0.2740450332584027,0.24713665462450266,0.026908378629462312,ForecastPage,8
1718906170.0,33.91,0.2332497167002229,0.24536121846171452,-0.012111501765930795,ForecastPage,8
1718906170.25,33.91,0.2332497167002229,0.2435418850883907,-0.010292168392622009,ForecastPage,8
1718906170.5,33.91,0.2332497167002229,0.24169425755289786,-0.00844454085715804,ForecastPage,8
1718906170.75,33.91,0.2332497167002229,0.23983417015298328,-0.006584453457286218,ForecastPage,8
1718906171.0,33.91,0.2332497167002229,0.23797737622230597,-0.004727659526665248,ForecastPage,8
1718906171.25,33.91,0.2332497167002229,0.23613924549332344,-0.0028895287977515815,ForecastPage,8
1718906171.5,33.91,0.2332497167002229,0.23433447855086054,-0.0010847618553688288,ForecastPage,8
1718906171.75,33.91,0.2332497167002229,0.23257684530901904,0.0006728713863830048,ForecastPage,8
1718906172.0,33.91,0.2332497167002229,0.23087895366918632,0.0023707630261182834,ForecastPage,8
1718906172.25,33.91,0.2332497167002229,0.22925205359275663,0.003997663102444047,ForecastPage,8
1718906172.5,33.91,0.2332497167002229,0.2277058807761396,0.005543835918952221,ForecastPage,8
1718906172.75,33.91,0.2332497167002229,0.22624854295837077,0.007001173736608964,ForecastPage,8
1718906173.0,33.89,0.19245440014205767,0.2248864506179412,-0.03243205048124022,ForecastPage,8
1718906173.25,33.89,0.19245440014205767,0.22362429240809986,-0.031169892271512102,ForecastPage,8
1718906173.5,33.89,0.19245440014205767,0.22246505412329906,-0.03001065398682258,ForecastPage,8
1718906173.75,33.89,0.19245440014205767,0.22141007829837517,-0.02895567816200632,ForecastPage,8
1718906174.0,33.91,0.2332497167002229,0.22045915979541775,0.012790556899014056,ForecastPage,8
1718906174.25,33.91,0.2332497167002229,0.21961067108735643,0.013639045606980354,ForecastPage,8
1718906174.5,33.91,0.2332497167002229,0.21886170960797793,0.014388007086272874,ForecastPage,8
1718906174.75,33.91,0.2332497167002229,0.21820825870046875,0.01504145799370675,ForecastPage,8
1718906175.0,33.91,0.2332497167002229,0.21764535348452857,0.015604363209583758,ForecastPage,8
1718906175.25,33.91,0.2332497167002229,0.21716724340059002,0.016082473293472208,ForecastPage,8
1718906175.5,33.91,0.2332497167002229,0.21676754421799452,0.016482172476031058,ForecastPage,8
1718906175.75,33.91,0.2332497167002229,0.2164393737997277,0.01681034289427445,ForecastPage,8
1718906176.0,33.91,0.2332497167002229,0.21617546776423532,0.017074248929756092,ForecastPage,8
1718906176.25,33.91,0.2332497167002229,0.21596827323060153,0.017281443463391107,ForecastPage,8
1718906176.5,33.91,0.2332497167002229,0.21581002092774987,0.01743969576625469,ForecastPage,8
1718906176.75,33.91,0.2332497167002229,0.21569277793828653,0.017556938755739267,ForecastPage,8
1718906177.0,33.89,0.19245440014205767,0.21560848507732625,-0.023154084941436483,ForecastPage,8
1718906177.25,33.89,0.19245440014205767,0.21554898422148336,-0.02309458408555752,ForecastPage,8
1718906177.5,33.89,0.19245440014205767,0.21550604166323528,-0.023051641527267346,ForecastPage,8
1718906177.75,33.89,0.19245440014205767,0.2154713736742011,-0.023016973538185735,ForecastPage,8
1718906178.0,33.89,0.19245440014205767,0.21543667989756446,-0.022982279761496825,ForecastPage,8
1718906178.25,33.89,0.19245440014205767,0.21539368902779246,-0.022939288891668005,ForecastPage,8
1718906178.5,33.89,0.19245440014205767,0.21533421962529664,-0.02287981948911089,ForecastPage,8
1718906178.75,33.89,0.19245440014205767,0.21525025704921674,-0.0227958569129653,ForecastPage,8
1718906179.0,33.91,0.2332497167002229,0.2151340455834988,0.018115671110987976,ForecastPage,8
1718906179.25,33.91,0.2332497167002229,0.21497819308987698,0.01827152360468446,ForecastPage,8
1718906179.5,33.91,0.2332497167002229,0.21477578413938817,0.01847393255525271,ForecastPage,8
1718906179.75,33.91,0.2332497167002229,0.2145204966995036,0.018729219995221674,ForecastPage,8
1718906180.0,33.91,0.2332497167002229,0.2142067171557274,0.01904299953908746,ForecastPage,8
1718906180.25,33.91,0.2332497167002229,0.21382964869857163,0.019420067996338084,ForecastPage,8
1718906180.5,33.91,0.2332497167002229,0.21338540880351448,0.019864307891495445,ForecastPage,8
1718906180.75,33.91,0.2332497167002229,0.21287111252062874,0.020378604174486944,ForecastPage,8
1718906181.0,33.89,0.19245440014205767,0.21228493940097462,-0.019830539263913115,ForecastPage,8
1718906181.25,33.89,0.19245440014205767,0.2116261829445316,-0.019171782807354328,ForecastPage,8
1718906181.5,33.89,0.19245440014205767,0.2108952822981523,-0.018440882160855362,ForecastPage,8
1718906181.75,33.89,0.19245440014205767,0.2100938364409593,-0.01763943630353966,ForecastPage,8
1718906182.0,33.89,0.19245440014205767,0.20922460122125638,-0.0167702010837121,ForecastPage,8
1718906182.25,33.89,0.19245440014205767,0.2082914693941176,-0.015837069256448018,ForecastPage,8
1718906182.5,33.89,0.19245440014205767,0.20729943336503467,-0.014845033227240366,ForecastPage,8
1718906182.75,33.89,0.19245440014205767,0.20625452982286008,-0.013800129684942888,ForecastPage,8
1718906183.0,33.91,0.2332497167002229,0.20516376500420613,0.028085951691996153,ForecastPage,8
1718906183.25,33.91,0.2332497167002229,0.20403501912280594,0.029214697573511965,ForecastPage,8
1718906183.5,33.91,0.2332497167002229,0.20287692864745058,0.03037278804897729,ForecastPage,8
1718906183.75,33.91,0.2332497167002229,0.20169874569350513,0.031550971003025445,ForecastPage,8
1718906184.0,33.89,0.19245440014205767,0.20051017479078673,-0.00805577465232768,ForecastPage,8
1718906184.25,33.89,0.19245440014205767,0.1993211885897755,-0.006866788451233497,ForecastPage,8
1718906184.5,33.89,0.19245440014205767,0.1981418254819363,-0.005687425343323902,ForecastPage,8
1718906184.75,33.89,0.19245440014205767,0.19698197344085963,-0.00452757330219097,ForecastPage,8
1718906185.0,33.89,0.19245440014205767,0.19585114549197322,-0.0033967453532634233,ForecastPage,8
1718906185.25,33.89,0.19245440014205767,0.1947582530217396,-0.002303852883004482,ForecastPage,8
1718906185.5,33.89,0.19245440014205767,0.19371138364130192,-0.001256983502557282,ForecastPage,8
1718906185.75,33.89,0.19245440014205767,0.19271759055695828,-0.0002631904182195193,ForecastPage,8
1718906186.0,33.89,0.19245440014205767,0.19178270040915205,0.000671699729566259,ForecastPage,8
1718906186.25,33.89,0.19245440014205767,0.19091114635463224,0.001543253784052334,ForecastPage,8
1718906186.5,33.89,0.19245440014205767,0.19010583280510726,0.002348567333531976,ForecastPage,8
1718906186.75,33.89,0.19245440014205767,0.18936803771243263,0.0030863624261515134,ForecastPage,8
1718906187.0,33.89,0.19245440014205767,0.1886973576082751,0.003757042530246433,ForecastPage,8
1718906187.25,33.89,0.19245440014205767,0.18809169975973963,0.004362700378713954,ForecastPage,8
1718906187.5,33.89,0.19245440014205767,0.1875473247779936,0.004907075360388785,ForecastPage,8
1718906187.75,33.89,0.19245440014205767,0.18705894179332005,0.005395458344989658,ForecastPage,8
1718906188.0,33.87,0.15165908358387792,0.18661985685961768,-0.034960773279560056,ForecastPage,8
1718906188.25,33.87,0.15165908358387792,0.1862221735439004,-0.034563089963912955,ForecastPage,8
1718906188.5,33.87,0.15165908358387792,0.18585704267264422,-0.034197959092723176,ForecastPage,8
1718906188.75,33.87,0.15165908358387792,0.18551495596717335,-0.03385587238731332,ForecastPage,8
1718906189.0,33.89,0.19245440014205767,0.18518607589805947,0.00726832423992612,ForecastPage,8
1718906189.25,33.89,0.19245440014205767,0.18486059170293523,0.00759380843500428,ForecastPage,8
1718906189.5,33.89,0.19245440014205767,0.18452908937994716,0.007925310757955327,ForecastPage,8
1718906189.75,33.89,0.19245440014205767,0.18418292182353807,0.008271478314336833,ForecastPage,8
1718906190.0,33.89,0.19245440014205767,0.18381456427891738,0.008639835858939309,ForecastPage,8
1718906190.25,33.89,0.19245440014205767,0.18341794003182726,0.009036460106020133,ForecastPage,8
1718906190.5,33.89,0.19245440014205767,0.18298870171554527,0.009465698422301064,ForecastPage,8
1718906190.75,33.89,0.19245440014205767,0.18252445475415313,0.009929945383699276,ForecastPage,8
1718906191.0,33.89,0.19245440014205767,0.18202491119657108,0.010429488941293237,ForecastPage,8
1718906191.25,33.89,0.19245440014205767,0.1814919644490981,0.010962435688782532,ForecastPage,8
1718906191.5,33.89,0.19245440014205767,0.1809296781004838,0.011524722037416215,ForecastPage,8
1718906191.75,33.89,0.19245440014205767,0.1803441850641216,0.012110215073799791,ForecastPage,8
1718906192.0,33.89,0.19245440014205767,0.17974349654369504,0.01271090359424887,ForecastPage,8
1718906192.25,33.89,0.19245440014205767,0.1791372237637871,0.013317176374179979,ForecastPage,8
1718906192.5,33.89,0.19245440014205767,0.17853621889290314,0.013918181245087594,ForecastPage,8
1718906192.75,33.89,0.19245440014205767,0.177952145015214,0.014502255122800789,ForecastPage,8
1718906193.0,33.89,0.19245440014205767,0.17739698826587227,0.01505741187216698,ForecastPage,8
1718906193.25,33.89,0.19245440014205767,0.17688252821426811,0.015571871923795888,ForecastPage,8
1718906193.5,33.89,0.19245440014205767,0.17641978513581674,0.01603461500227177,ForecastPage,8
1718906193.75,33.89,0.19245440014205767,0.17601846482607136,0.016435935312040833,ForecastPage,8
1718906194.0,33.87,0.15165908358387792,0.17568642294645218,-0.024027339366497317,ForecastPage,8
1718906194.25,33.87,0.15165908358387792,0.1754291714126703,-0.02377008783269447,ForecastPage,8
1718906194.5,33.87,0.15165908358387792,0.17524944892105238,-0.02359036534105695,ForecastPage,8
1718906194.75,33.87,0.15165908358387792,0.17514687627091052,-0.02348779269089661,ForecastPage,8
1718906195.0,33.87,0.15165908358387792,0.1751177146737712,-0.02345863109373976,ForecastPage,8
1718906195.25,33.87,0.15165908358387792,0.17515474182427862,-0.023495658244230378,MarketWaitPage,8
1718906195.5,33.87,0.15165908358387792,0.1752472563002588,-0.02358817272019457,MarketWaitPage,8
1718906195.75,33.87,0.15165908358387792,0.17538121606105658,-0.023722132480977313,MarketWaitPage,8
1718906196.0,33.87,0.15165908358387792,0.17553951163985027,-0.023880428059757167,MarketWaitPage,8
1718906196.25,33.87,0.15165908358387792,0.1757023692965951,-0.024043285716490014,MarketWaitPage,8
1718906196.5,33.87,0.15165908358387792,0.1758478741335167,-0.02418879055340219,MarketWaitPage,8
1718906196.75,33.87,0.15165908358387792,0.17595259819534464,-0.024293514615223794,MarketWaitPage,8
1718906197.0,33.89,0.19245440014205767,0.17599231410310245,0.016462086035201294,MarketWaitPage,8
1718906197.25,33.89,0.19245440014205767,0.1759427710221403,0.016511629116163464,MarketWaitPage,8
1718906197.5,33.89,0.19245440014205767,0.17578050694563097,0.016673893192669917,MarketWaitPage,8
1718906197.75,33.89,0.19245440014205767,0.17548366954382327,0.016970730594472218,MarketWaitPage,8
1718906198.0,33.89,0.19245440014205767,0.17503281726943587,0.01742158286885208,MarketWaitPage,8
1718906198.25,33.89,0.19245440014205767,0.17441167300952,0.018042727128758478,RoundResultsPage,8
1718906198.5,33.89,0.19245440014205767,0.17360780424392747,0.018846595894339634,RoundResultsPage,8
1718906198.75,33.89,0.19245440014205767,0.17261320627380164,0.019841193864451927,RoundResultsPage,8
1718906199.0,33.89,0.19245440014205767,0.17142476846414523,0.021029631674092466,RoundResultsPage,8
1718906199.25,33.89,0.19245440014205767,0.1700446074382732,0.022409792699945925,RoundResultsPage,8
1718906199.5,33.89,0.19245440014205767,0.16848025559829125,0.02397414453990652,RoundResultsPage,8
1718906199.75,33.89,0.19245440014205767,0.16674469804650202,0.025709702091671574,RoundResultsPage,8
1718906200.0,33.87,0.15165908358387792,0.16485625576075047,-0.013197172180783423,RoundResultsPage,8
1718906200.25,33.87,0.15165908358387792,0.16283831753773098,-0.01117923395779322,RoundResultsPage,8
1718906200.5,33.87,0.15165908358387792,0.16071892757170061,-0.009059843991794424,RoundResultsPage,8
1718906200.75,33.87,0.15165908358387792,0.15853023942154673,-0.006871155841674013,RoundResultsPage,8
1718906201.0,33.87,0.15165908358387792,0.15630785043854076,-0.004648766858702745,RoundResultsPage,8
1718906201.25,33.87,0.15165908358387792,0.1540900334585269,-0.0024309498787239685,RoundResultsPage,8
1718906201.5,33.87,0.15165908358387792,0.15191688474349396,-0.0002578011637255524,RoundResultsPage,8
1718906201.75,33.87,0.15165908358387792,0.14982940885142135,0.0018296747283143427,RoundResultsPage,8
1718906202.0,33.87,0.15165908358387792,0.14786856237965199,0.0037905212000540547,RoundResultsPage,8
1718906202.25,33.87,0.15165908358387792,0.14607427940892243,0.005584804170758465,RoundResultsPage,8
1718906202.5,33.87,0.15165908358387792,0.14448450199578666,0.007174581583874826,RoundResultsPage,8
1718906202.75,33.87,0.15165908358387792,0.14313423922391919,0.008524844355729694,RoundResultsPage,8
1718906203.0,33.87,0.15165908358387792,0.14205467811405795,0.009604405465585907,RoundResultsPage,8
1718906203.25,33.87,0.15165908358387792,0.14127236907470042,0.010386714504946366,RoundResultsPage,8
1718906203.5,33.87,0.15165908358387792,0.14080850750132493,0.01085057607833297,RoundResultsPage,8
1718906203.75,33.87,0.15165908358387792,0.14067833153666814,0.010980752043009072,RoundResultsPage,8
1718906204.0,33.84,0.09046610874663003,0.14089065381255667,-0.05042454507010004,RoundResultsPage,8
1718906204.25,33.84,0.09046610874663003,0.14144754212487462,-0.0509814333823832,RoundResultsPage,8
1718906204.5,33.84,0.09046610874663003,0.14234416038540887,-0.05187805164287593,RoundResultsPage,8
1718906204.75,33.84,0.09046610874663003,0.14356877684829564,-0.05310266810571553,RoundResultsPage,8
1718906205.0,33.87,0.15165908358387792,0.1451029416408281,0.0065561419390514075,RoundResultsPage,8
1718906205.25,33.87,0.15165908358387792,0.14692183029171724,0.004737253288216749,RoundResultsPage,8
1718906205.5,33.87,0.15165908358387792,0.1489947445949662,0.0026643389850236013,RoundResultsPage,8
1718906205.75,33.87,0.15165908358387792,0.1512857571329924,0.0003733264470528004,RoundResultsPage,8
1718906206.0,33.87,0.15165908358387792,0.1537544813863523,-0.0020953978062535567,RoundResultsPage,8
1718906206.25,33.87,0.15165908358387792,0.15635694573625766,-0.0046978621561083785,RoundResultsPage,8
1718906206.5,33.87,0.15165908358387792,0.15904654687691774,-0.007387463296721717,RoundResultsPage,8
1718906206.75,33.87,0.15165908358387792,0.16177505620648613,-0.010115972626247484,RoundResultsPage,8
1718906207.0,33.89,0.19245440014205767,0.16449365166236493,0.02796074847609197,RoundResultsPage,8
1718906207.25,33.89,0.19245440014205767,0.1671539472263987,0.025300452912092694,RoundResultsPage,8
1718906207.5,33.89,0.19245440014205767,0.16970899297211187,0.022745407166410166,RoundResultsPage,8
1718906207.75,33.89,0.19245440014205767,0.17211422006356464,0.02034018007498455,RoundResultsPage,8
1718906208.0,33.89,0.19245440014205767,0.1743283074943876,0.018126092644185837,RoundResultsPage,8
1718906208.25,33.89,0.19245440014205767,0.17631395045796489,0.016140449680630754,RoundResultsPage,8
1718906208.5,33.89,0.19245440014205767,0.17803851389361786,0.014415886244999152,RoundResultsPage,8
1718906208.75,33.89,0.19245440014205767,0.1794745587657536,0.01297984137288527,RoundResultsPage,8
1718906209.0,33.89,0.19245440014205767,0.18060023281528004,0.011854167323382344,RoundResultsPage,8
1718906209.25,33.89,0.19245440014205767,0.18139952170366958,0.011054878435018813,RoundResultsPage,8
1718906209.5,33.89,0.19245440014205767,0.1818623604961774,0.010592039642540078,RoundResultsPage,8
1718906209.75,33.89,0.19245440014205767,0.18198460916397338,0.010469790974776499,RoundResultsPage,8
1718906210.0,33.87,0.15165908358387792,0.18176789910093952,-0.030108815520333888,RoundResultsPage,8
1718906210.25,33.87,0.15165908358387792,0.18121936043926734,-0.029560276858623363,RiskPage1,8
1718906210.5,33.87,0.15165908358387792,0.18035124212249382,-0.028692158541809027,RiskPage1,8
1718906210.75,33.87,0.15165908358387792,0.1791804382178769,-0.027521354637149362,RiskPage1,8
1718906211.0,33.89,0.19245440014205767,0.17772793486355462,0.014726465275396929,RiskPage1,8
1718906211.25,33.89,0.19245440014205767,0.17601819267934296,0.01643620745965397,RiskPage1,8
1718906211.5,33.89,0.19245440014205767,0.1740784796092847,0.01837592052975859,RiskPage1,8
1718906211.75,33.89,0.19245440014205767,0.17193816918722296,0.020516230951867,RiskPage1,8
1718906212.0,33.87,0.15165908358387792,0.16962801923012572,-0.01796893564916931,RiskPage1,8
1718906212.25,33.87,0.15165908358387792,0.1671794459744365,-0.015520362393435336,RiskPage1,8
1718906212.5,33.87,0.15165908358387792,0.1646238086085572,-0.012964725027513491,RiskPage1,8
1718906212.75,33.87,0.15165908358387792,0.16199171893207248,-0.010332635350989055,RiskPage1,8
1718906213.0,33.89,0.19245440014205767,0.15931239044328394,0.03314200969601603,RiskPage1,8
1718906213.25,33.89,0.19245440014205767,0.15661304053988082,0.03584135959945305,RiskPage1,8
1718906213.5,33.89,0.19245440014205767,0.15391835877049334,0.0385360413688716,RiskPage1,8
1718906213.75,33.89,0.19245440014205767,0.15125005323129398,0.04120434690809901,RiskPage1,8
1718906214.0,33.84,0.09046610874663003,0.14862648621091235,-0.058160377466922396,RiskPage1,8
1718906214.25,33.84,0.09046610874663003,0.14606240889247557,-0.05559630014846528,RiskPage1,8
1718906214.5,33.84,0.09046610874663003,0.14356880310654754,-0.05310269436252198,RiskPage1,8
1718906214.75,33.84,0.09046610874663003,0.14115283561811764,-0.0506867268740823,RiskPage1,8
1718906215.0,33.87,0.15165908358387792,0.13881792720285782,0.012841156378429634,RiskPage1,8
1718906215.25,33.87,0.15165908358387792,0.13656393500159078,0.015095148579695464,RiskPage1,8
1718906215.5,33.87,0.15165908358387792,0.13438744266222646,0.017271640919053373,RiskPage1,8
1718906215.75,33.87,0.15165908358387792,0.1322821489317021,0.019376934649566517,RiskPage1,8
1718906216.0,33.84,0.09046610874663003,0.13023934189580666,-0.039773233151801576,RiskPage1,8
1718906216.25,33.84,0.09046610874663003,0.1282484430837777,-0.03778233433979217,RiskPage2,8
1718906216.5,33.84,0.09046610874663003,0.12629760314662167,-0.035831494402658925,RiskPage2,8
1718906216.75,33.84,0.09046610874663003,0.12437432875223457,-0.03390822000829684,RiskPage2,8
1718906217.0,33.87,0.15165908358387792,0.12246611875733057,0.029192964823829153,RiskPage2,8
1718906217.25,33.87,0.15165908358387792,0.12056108676690731,0.03109799681422709,RiskPage2,8
1718906217.5,33.87,0.15165908358387792,0.11864854710024192,0.033010536480869226,RiskPage2,8
1718906217.75,33.87,0.15165908358387792,0.11671954215362182,0.03493954142746948,RiskPage2,8
1718906218.0,33.87,0.15165908358387792,0.11476729127942308,0.03689179230165301,RiskPage2,8
1718906218.25,33.87,0.15165908358387792,0.11278754453105087,0.038871539050015794,RiskPage2,8
1718906218.5,33.87,0.15165908358387792,0.11077882876144354,0.04088025481962048,RiskPage2,8
1718906218.75,33.87,0.15165908358387792,0.10874257833220437,0.04291650524886442,RiskPage2,8
1718906219.0,33.84,0.09046610874663003,0.10668314777121775,-0.01621703902738427,RiskPage2,8
1718906219.25,33.84,0.09046610874663003,0.104607708770815,-0.014141600026961104,RiskPage2,8
1718906219.5,33.84,0.09046610874663003,0.1025260386142099,-0.0120599298703278,RiskPage2,8
1718906219.75,33.84,0.09046610874663003,0.10045021117126708,-0.009984102427349394,RiskPage2,8
1718906220.0,33.84,0.09046610874663003,0.09839420483013665,-0.007928096086176666,RiskPage2,8
1718906220.25,33.84,0.09046610874663003,0.09637344406476545,-0.005907335320757184,RiskPage2,8
1718906220.5,33.84,0.09046610874663003,0.09440429281355253,-0.0039381840694907855,RiskPage2,8
1718906220.75,33.84,0.09046610874663003,0.09250351854288012,-0.0020374097987604367,RiskPage2,8
1718906221.0,33.83,0.0700684504675329,0.09068774587841469,-0.02061929541333044,RiskPage2,8
1718906221.25,33.83,0.0700684504675329,0.08897291808285636,-0.018904467617707227,RiskPage3,8
1718906221.5,33.83,0.0700684504675329,0.08737378350738355,-0.0173053330421667,RiskPage3,8
1718906221.75,33.83,0.0700684504675329,0.08590342251568622,-0.01583497205039916,RiskPage3,8
1718906222.0,33.84,0.09046610874663003,0.08457282836580868,0.005893280378647808,RiskPage3,8
1718906222.25,33.84,0.09046610874663003,0.08339055325586792,0.007075555488662431,RiskPage3,8
1718906222.5,33.84,0.09046610874663003,0.08236242832975983,0.008103680414845174,RiskPage3,8
1718906222.75,33.84,0.09046610874663003,0.08149136401811437,0.008974744726565159,RiskPage3,8
1718906223.0,33.83,0.0700684504675329,0.0807772347338183,-0.010708784268162522,RiskPage3,8
1718906223.25,33.83,0.0700684504675329,0.08021684967072806,-0.010148399205001074,RiskPage3,8
1718906223.5,33.83,0.0700684504675329,0.07980400924761648,-0.009735558781821385,RiskPage3,8
1718906223.75,33.83,0.0700684504675329,0.07952964456624113,-0.009461194100381883,RiskPage3,8
1718906224.0,33.83,0.0700684504675329,0.07938203510454386,-0.009313584638625211,RiskPage3,8
1718906224.25,33.83,0.0700684504675329,0.0793470977735462,-0.009278647307573735,RiskPage3,8
1718906224.5,33.83,0.0700684504675329,0.07940873849321048,-0.009340288027190662,RiskPage3,8
1718906224.75,33.83,0.0700684504675329,0.07954925567046518,-0.00948080520440512,RiskPage3,8
1718906225.0,33.84,0.09046610874663003,0.07974978347930502,0.010716325265884901,RiskPage3,8
1718906225.25,33.84,0.09046610874663003,0.07999076173439222,0.010475347010822707,RiskPage3,8
1718906225.5,33.84,0.09046610874663003,0.08025241849322921,0.010213690252002857,RiskPage3,8
1718906225.75,33.84,0.09046610874663003,0.08051525137312673,0.009950857372114711,RiskPage3,8
1718906226.0,33.84,0.09046610874663003,0.0807604939452792,0.009705614799964103,RiskPage3,8
1718906226.25,33.84,0.09046610874663003,0.08097055444149054,0.009495554303747496,RiskPage4,8
1718906226.5,33.84,0.09046610874663003,0.0811294153146455,0.009336693430580521,RiskPage4,8
1718906226.75,33.84,0.09046610874663003,0.0812229838469766,0.00924312489823115,RiskPage4,8
1718906227.0,33.84,0.09046610874663003,0.08123938590948282,0.009226722835700817,RiskPage4,8
1718906227.25,33.84,0.09046610874663003,0.08116919705069335,0.00929691169446066,RiskPage4,8
1718906227.5,33.84,0.09046610874663003,0.08100560724410212,0.00946050150101694,RiskPage4,8
1718906227.75,33.84,0.09046610874663003,0.08074451776311571,0.009721590981963376,RiskPage4,8
1718906228.0,33.83,0.0700684504675329,0.08038457069326677,-0.010316120227329386,RiskPage4,8
1718906228.25,33.83,0.0700684504675329,0.07992711344866295,-0.009858662982774274,RiskPage4,8
1718906228.5,33.83,0.0700684504675329,0.0793761022557133,-0.009307651789876695,RiskPage4,8
1718906228.75,33.83,0.0700684504675329,0.0787379498453878,-0.008669499379605563,RiskPage4,8
1718906229.0,33.83,0.0700684504675329,0.0780213235355093,-0.007952873069782332,RiskPage4,8
1718906229.25,33.83,0.0700684504675329,0.07723690051025188,-0.007168450044579545,RiskPage4,8
1718906229.5,33.83,0.0700684504675329,0.07639708747335698,-0.006328637007737111,RiskPage4,8
1718906229.75,33.83,0.0700684504675329,0.07551571204005217,-0.005447261574481227,RiskPage4,8
1718906230.0,33.84,0.09046610874663003,0.07460769331806688,0.01585841542655697,RiskPage4,8
1718906230.25,33.84,0.09046610874663003,0.07368869918171664,0.01677740956286863,RiskPage4,8
1718906230.5,33.84,0.09046610874663003,0.0727747978206427,0.017691310923910242,RiskPage4,8
1718906230.75,33.84,0.09046610874663003,0.07188211127231994,0.018583997472207292,RiskPage4,8
1718906231.0,33.83,0.0700684504675329,0.0710264788038358,-0.0009580283384246213,RiskPage4,8
1718906231.25,33.83,0.0700684504675329,0.07022313811934879,-0.00015468765394992864,RiskPage4,8
1718906231.5,33.83,0.0700684504675329,0.06948643232163376,0.0005820181437591384,RiskPage4,8
1718906231.75,33.83,0.0700684504675329,0.06882955022744112,0.0012389002379517016,RiskPage4,8
1718906232.0,33.81,0.029273133909367647,0.06826430692817592,-0.03899117302094317,RiskPage4,8
1718906232.25,33.81,0.029273133909367647,0.06780097034168209,-0.03852783643443962,PreMarketWait,9
1718906232.5,33.81,0.029273133909367647,0.06744813790801361,-0.03817500400075758,PreMarketWait,9
1718906232.75,33.81,0.029273133909367647,0.06721266559252055,-0.037939531685247704,PreMarketWait,9
1718906233.0,33.84,0.09046610874663003,0.06709964910382725,0.023366459640727512,PreMarketWait,9
1718906233.25,33.84,0.09046610874663003,0.06711245492763326,0.023353653816943223,PreMarketWait,9
1718906233.5,33.84,0.09046610874663003,0.06725279668398407,0.023213312060615672,PreMarketWait,9
1718906233.75,33.84,0.09046610874663003,0.06752085067446799,0.022945258070155777,PreMarketWait,9
1718906234.0,33.83,0.0700684504675329,0.06791540343305792,0.0021530470324926075,PreMarketWait,9
1718906234.25,33.83,0.0700684504675329,0.06843402363036588,0.0016344268352073317,PreMarketWait,9
1718906234.5,33.83,0.0700684504675329,0.06907325069797625,0.000995199767617378,PreMarketWait,9
1718906234.75,33.83,0.0700684504675329,0.06982879288601256,0.00023965757959820005,PreMarketWait,9
1718906235.0,33.83,0.0700684504675329,0.07069572800835236,-0.0006272775427286492,PreMarketWait,9
1718906235.25,33.83,0.0700684504675329,0.07166870077605408,-0.0016002503104222236,PreMarketWait,9
1718906235.5,33.83,0.0700684504675329,0.07274211132401341,-0.002673660858378616,PreMarketWait,9
1718906235.75,33.83,0.0700684504675329,0.07391029028027449,-0.003841839814642193,PreMarketWait,9
1718906236.0,33.84,0.09046610874663003,0.07516765650861076,0.015298452236110566,PreMarketWait,9
1718906236.25,33.84,0.09046610874663003,0.07650885447782241,0.013957254266885287,MarketGridChoice,9
1718906236.5,33.84,0.09046610874663003,0.0779288690813688,0.012537239663319655,MarketGridChoice,9
1718906236.75,33.84,0.09046610874663003,0.07942311664180403,0.011042992102859497,MarketGridChoice,9
1718906237.0,33.83,0.0700684504675329,0.08098751175132186,-0.010919061285786156,MarketGridChoice,9
1718906237.25,33.83,0.0700684504675329,0.08261851045453213,-0.012550059989032943,MarketGridChoice,9
1718906237.5,33.83,0.0700684504675329,0.08431313098614904,-0.014244680520692103,MarketGridChoice,9
1718906237.75,33.83,0.0700684504675329,0.0860689537615429,-0.01600050329613375,MarketGridChoice,9
1718906238.0,33.84,0.09046610874663003,0.08788410255345934,0.0025820061909941124,MarketGridChoice,9
1718906238.25,33.84,0.09046610874663003,0.0897572088027201,0.0007088999416762776,MarketGridChoice,9
1718906238.5,33.84,0.09046610874663003,0.0916873608791531,-0.0012212521348170134,MarketGridChoice,9
1718906238.75,33.84,0.09046610874663003,0.09367403992191113,-0.0032079311776373725,MarketGridChoice,9
1718906239.0,33.84,0.09046610874663003,0.09571704372197333,-0.005250934977762653,MarketGridChoice,9
1718906239.25,33.84,0.09046610874663003,0.09781640001214884,-0.00735029126800076,MarketGridChoice,9
1718906239.5,33.84,0.09046610874663003,0.09997227052809926,-0.009506161784012139,MarketGridChoice,9
1718906239.75,33.84,0.09046610874663003,0.10218484732023952,-0.011718738576210587,MarketGridChoice,9
1718906240.0,33.87,0.15165908358387792,0.10445424306296121,0.04720484051826102,MarketGridChoice,9
1718906240.25,33.87,0.15165908358387792,0.10678037756817735,0.044878706012994346,MarketGridChoice,9
1718906240.5,33.87,0.15165908358387792,0.10916286340274789,0.04249622017837721,MarketGridChoice,9
1718906240.75,33.87,0.15165908358387792,0.11160089442513231,0.04005818915594942,MarketGridChoice,9
1718906241.0,33.84,0.09046610874663003,0.11409314209090812,-0.023627033347115703,MarketGridChoice,9
1718906241.25,33.84,0.09046610874663003,0.1166376653110451,-0.026171556567293912,MarketGridChoice,9
1718906241.5,33.84,0.09046610874663003,0.1192318401921513,-0.028765731448443112,MarketGridChoice,9
1718906241.75,33.84,0.09046610874663003,0.12187231587765501,-0.03140620713399341,MarketGridChoice,9
1718906242.0,33.84,0.09046610874663003,0.12455500179119794,-0.03408889304758832,MarketGridChoice,9
1718906242.25,33.84,0.09046610874663003,0.12727508986478472,-0.03680898112123409,MarketGridChoice,9
1718906242.5,33.84,0.09046610874663003,0.13002711296117425,-0.039561004217690675,MarketGridChoice,9
1718906242.75,33.84,0.09046610874663003,0.13280503791044937,-0.04233892916704132,MarketGridChoice,9
1718906243.0,33.87,0.15165908358387792,0.13560238866165425,0.01605669491891793,MarketGridChoice,9
1718906243.25,33.87,0.15165908358387792,0.13841239231381866,0.013246691266662197,MarketGridChoice,9
1718906243.5,33.87,0.15165908358387792,0.14122813854935803,0.010430945031025037,MarketGridChoice,9
1718906243.75,33.87,0.15165908358387792,0.14404274151818408,0.0076163420620962985,MarketGridChoice,9
1718906244.0,33.89,0.19245440014205767,0.14684949269265277,0.04560490744570178,MarketGridChoice,9
1718906244.25,33.89,0.19245440014205767,0.14964199369321335,0.04281240644503493,MarketGridChoice,9
1718906244.5,33.89,0.19245440014205767,0.1524142595260669,0.040040140612076565,MarketGridChoice,9
1718906244.75,33.89,0.19245440014205767,0.15516078494568494,0.03729361519235687,MarketGridChoice,9
1718906245.0,33.87,0.15165908358387792,0.15787656954843424,-0.00621748596866948,MarketGridChoice,9
1718906245.25,33.87,0.15165908358387792,0.16055710044110047,-0.008898016861428007,MarketGridChoice,9
1718906245.5,33.87,0.15165908358387792,0.16319829459617452,-0.011539211016589057,MarketGridChoice,9
1718906245.75,33.87,0.15165908358387792,0.16579640601655155,-0.014137322437047736,MarketGridChoice,9
1718906246.0,33.89,0.19245440014205767,0.16834790538456226,0.024106494753045004,MarketGridChoice,9
1718906246.25,33.89,0.19245440014205767,0.170849341874361,0.021605058263175186,MarketGridChoice,9
1718906246.5,33.89,0.19245440014205767,0.17329719825896284,0.01915720187850714,MarketGridChoice,9
1718906246.75,33.89,0.19245440014205767,0.17568775136458933,0.016766648772819165,MarketGridChoice,9
1718906247.0,33.87,0.15165908358387792,0.17801695029960246,-0.02635786672043065,MarketGridChoice,9
1718906247.25,33.87,0.15165908358387792,0.18028032463483354,-0.028621241055714314,MarketGridChoice,9
1718906247.5,33.87,0.15165908358387792,0.18247293372050533,-0.03081385014143438,MarketGridChoice,9
1718906247.75,33.87,0.15165908358387792,0.18458936649897636,-0.032930282919949296,MarketGridChoice,9
1718906248.0,33.87,0.15165908358387792,0.18662379850261493,-0.034964714923626995,MarketGridChoice,9
1718906248.25,33.87,0.15165908358387792,0.1885701093143393,-0.03691102573538533,MarketGridChoice,9
1718906248.5,33.87,0.15165908358387792,0.19042205981565316,-0.038762976236727836,MarketGridChoice,9
1718906248.75,33.87,0.15165908358387792,0.19217352431930532,-0.04051444074040334,MarketGridChoice,9
1718906249.0,33.89,0.19245440014205767,0.19381876848301038,-0.0013643683459467412,MarketGridChoice,9
1718906249.25,33.89,0.19245440014205767,0.19535276004791086,-0.0028983599108599566,MarketGridChoice,9
1718906249.5,33.89,0.19245440014205767,0.19677149626329463,-0.004317096126251311,MarketGridChoice,9
1718906249.75,33.89,0.19245440014205767,0.19807232964275548,-0.005617929505715007,MarketGridChoice,9
1718906250.0,33.93,0.2740450332584027,0.19925427267917817,0.07479076057420861,MarketGridChoice,9
1718906250.25,33.93,0.2740450332584027,0.20031826247347323,0.07372677077991822,MarketGridChoice,9
1718906250.5,33.93,0.2740450332584027,0.2012673679544001,0.07277766529899832,MarketGridChoice,9
1718906250.75,33.93,0.2740450332584027,0.2021069254129493,0.07193810784045693,MarketGridChoice,9
1718906251.0,33.89,0.19245440014205767,0.20284459221338766,-0.01039019207631918,MarketGridChoice,9
1718906251.25,33.89,0.19245440014205767,0.20349031337030074,-0.011035913233227182,MarketGridChoice,9
1718906251.5,33.89,0.19245440014205767,0.20405620067976066,-0.011601800542685371,MarketGridChoice,9
1718906251.75,33.89,0.19245440014205767,0.20455632875498284,-0.012101928617909943,MarketGridChoice,9
1718906252.0,33.89,0.19245440014205767,0.20500645626506522,-0.012552056127999554,MarketGridChoice,9
1718906252.25,33.89,0.19245440014205767,0.20542368371918193,-0.01296928358212866,MarketGridChoice,9
1718906252.5,33.89,0.19245440014205767,0.20582606124912073,-0.013371661112085093,MarketGridChoice,9
1718906252.75,33.89,0.19245440014205767,0.20623216108620818,-0.01377776094919534,MarketGridChoice,9
1718906253.0,33.89,0.19245440014205767,0.20666062990867679,-0.014206229771691913,MarketGridChoice,9
1718906253.25,33.89,0.19245440014205767,0.20712973606845508,-0.014675335931503473,MarketGridChoice,9
1718906253.5,33.89,0.19245440014205767,0.20765692601310803,-0.01520252587619505,MarketGridChoice,9
1718906253.75,33.89,0.19245440014205767,0.20825840312409874,-0.01580400298722971,MarketGridChoice,9
1718906254.0,33.91,0.2332497167002229,0.20894874082519382,0.02430097586979127,MarketGridChoice,9
1718906254.25,33.91,0.2332497167002229,0.2097405403036951,0.023509176391235995,MarketGridChoice,9
1718906254.5,33.91,0.2332497167002229,0.21064414164909398,0.022605575045778745,MarketGridChoice,9
1718906254.75,33.91,0.2332497167002229,0.21166739572603963,0.021582320968771128,MarketGridChoice,9
1718906255.0,33.89,0.19245440014205767,0.21281550266655733,-0.020361102529976534,MarketGridChoice,9
1718906255.25,33.89,0.19245440014205767,0.21409092141221553,-0.02163652127570164,MarketGridChoice,9
1718906255.5,33.89,0.19245440014205767,0.21549335312851772,-0.023038952992072762,MarketGridChoice,9
1718906255.75,33.89,0.19245440014205767,0.2170197994278231,-0.024565399291448988,MarketGridChoice,9
1718906256.0,33.89,0.19245440014205767,0.21866469412118567,-0.02621029398488391,MarketGridChoice,9
1718906256.25,33.89,0.19245440014205767,0.2204201047220094,-0.027965704585780456,MarketGridChoice,9
1718906256.5,33.89,0.19245440014205767,0.22227599728334446,-0.029821597147187094,MarketGridChoice,9
1718906256.75,33.89,0.19245440014205767,0.22422055556168322,-0.031766155425594085,MarketGridChoice,9
1718906257.0,33.93,0.2740450332584027,0.2262405431891203,0.04780449006325137,MarketGridChoice,9
1718906257.25,33.93,0.2740450332584027,0.22832169574013,0.045723337512187365,ForecastPage,9
1718906257.5,33.93,0.2740450332584027,0.23044912851957103,0.04359590473270234,ForecastPage,9
1718906257.75,33.93,0.2740450332584027,0.23260774572336257,0.041437287528878874,ForecastPage,9
1718906258.0,33.91,0.2332497167002229,0.23478263734326824,-0.0015329206492246047,ForecastPage,9
1718906258.25,33.91,0.2332497167002229,0.23695945164801382,-0.003709734953972855,ForecastPage,9
1718906258.5,33.91,0.2332497167002229,0.23912473299998466,-0.005875016305929945,ForecastPage,9
1718906258.75,33.91,0.2332497167002229,0.2412662168604803,-0.008016500166394842,ForecastPage,9
1718906259.0,33.91,0.2332497167002229,0.24337307586204446,-0.010123359167911522,ForecastPage,9
1718906259.25,33.91,0.2332497167002229,0.24543611265525925,-0.01218639596106314,ForecastPage,9
1718906259.5,33.91,0.2332497167002229,0.24744789683863996,-0.014198180144366617,ForecastPage,9
1718906259.75,33.91,0.2332497167002229,0.24940284468763826,-0.016153127993275236,ForecastPage,9
1718906260.0,33.93,0.2740450332584027,0.2512972416822411,0.022747791570402277,ForecastPage,9
1718906260.25,33.93,0.2740450332584027,0.25312920908178227,0.02091582417097096,ForecastPage,9
1718906260.5,33.93,0.2740450332584027,0.25489861710271583,0.019146416150154763,ForecastPage,9
1718906260.75,33.93,0.2740450332584027,0.25660694868666994,0.017438084566323443,ForecastPage,9
1718906261.0,33.93,0.2740450332584027,0.25825711940865365,0.01578791384446549,ForecastPage,9
1718906261.25,33.93,0.2740450332584027,0.2598532606993008,0.014191772553944406,ForecastPage,9
1718906261.5,33.93,0.2740450332584027,0.2614004751099833,0.012644558143385609,ForecastPage,9
1718906261.75,33.93,0.2740450332584027,0.2629045736768926,0.011140459576595409,ForecastPage,9
1718906262.0,33.91,0.2332497167002229,0.26437180638076657,-0.03112208968534598,ForecastPage,9
1718906262.25,33.91,0.2332497167002229,0.26580859710928123,-0.03255888041375694,ForecastPage,9
1718906262.5,33.91,0.2332497167002229,0.26722129429700076,-0.033971577601383265,ForecastPage,9
1718906262.75,33.91,0.2332497167002229,0.2686159474901063,-0.03536623079440806,ForecastPage,9
1718906263.0,33.93,0.2740450332584027,0.26999811849865146,0.004046914755292747,ForecastPage,9
1718906263.25,33.93,0.2740450332584027,0.27137273370036336,0.002672299553630103,ForecastPage,9
1718906263.5,33.93,0.2740450332584027,0.27274398166440683,0.0013010515896165996,ForecastPage,9
1718906263.75,33.93,0.2740450332584027,0.27411525780169876,-7.022454766669739e-05,ForecastPage,9
1718906264.0,33.93,0.2740450332584027,0.2754891554026662,-0.001444122148648301,ForecastPage,9
1718906264.25,33.93,0.2740450332584027,0.27686750029909973,-0.002822467045119805,ForecastPage,9
1718906264.5,33.93,0.2740450332584027,0.2782514245244314,-0.004206391270513789,ForecastPage,9
1718906264.75,33.93,0.2740450332584027,0.2796414727550401,-0.005596439501208626,ForecastPage,9
1718906265.0,33.93,0.2740450332584027,0.28103773399882864,-0.006992700745105817,ForecastPage,9
1718906265.25,33.93,0.2740450332584027,0.2824399899702334,-0.008394956716639377,ForecastPage,9
1718906265.5,33.93,0.2740450332584027,0.28384787087942087,-0.009802837625972914,ForecastPage,9
1718906265.75,33.93,0.2740450332584027,0.2852610090070432,-0.011215975753755505,ForecastPage,9
1718906266.0,33.95,0.31484034981658243,0.2866791804865045,0.02816116932479178,ForecastPage,9
1718906266.25,33.95,0.31484034981658243,0.28810242623449356,0.0267379235766241,ForecastPage,9
1718906266.5,33.95,0.31484034981658243,0.28953114401517666,0.02530920579575846,ForecastPage,9
1718906266.75,33.95,0.31484034981658243,0.2909661452200335,0.023874204590718463,ForecastPage,9
1718906267.0,33.95,0.31484034981658243,0.2924086720550693,0.022431677755501478,ForecastPage,9
1718906267.25,33.95,0.31484034981658243,0.2938603733307654,0.02097997647962832,ForecastPage,9
1718906267.5,33.95,0.31484034981658243,0.29532323976355046,0.019517110046672247,ForecastPage,9
1718906267.75,33.95,0.31484034981658243,0.2967995024054127,0.018040847404646308,ForecastPage,9
1718906268.0,33.93,0.2740450332584027,0.2982915003022065,-0.024246467050482966,ForecastPage,9
1718906268.25,33.93,0.2740450332584027,0.2998015255363874,-0.0257564922848114,ForecastPage,9
1718906268.5,33.93,0.2740450332584027,0.3013316552614419,-0.0272866220100055,ForecastPage,9
1718906268.75,33.93,0.2740450332584027,0.3028835810665721,-0.02883854781526768,ForecastPage,9
1718906269.0,33.95,0.31484034981658243,0.3044584459962015,0.010381903813157713,ForecastPage,9
1718906269.25,33.95,0.31484034981658243,0.30605669886850084,0.008783650940740094,ForecastPage,9
1718906269.5,33.95,0.31484034981658243,0.3076779743447847,0.007162375464344324,ForecastPage,9
1718906269.75,33.95,0.31484034981658243,0.3093210056660086,0.0055193441430147795,ForecastPage,9
1718906270.0,33.93,0.2740450332584027,0.310983575215905,-0.03693854196516072,ForecastPage,9
1718906270.25,33.93,0.2740450332584027,0.3126625061431662,-0.03861747289251509,ForecastPage,9
1718906270.5,33.93,0.2740450332584027,0.3143536961820608,-0.04030866293149649,ForecastPage,9
1718906270.75,33.93,0.2740450332584027,0.3160521925716241,-0.042007159321140075,ForecastPage,9
1718906271.0,33.97,0.3556356663747477,0.31775230468370397,0.03788336168305158,ForecastPage,9
1718906271.25,33.97,0.3556356663747477,0.3194477488233212,0.03618791754336819,ForecastPage,9
1718906271.5,33.97,0.3556356663747477,0.3211318179145619,0.034503848452069344,ForecastPage,9
1718906271.75,33.97,0.3556356663747477,0.32279756765620193,0.032838098710379134,ForecastPage,9
1718906272.0,33.95,0.31484034981658243,0.3244380103248017,-0.009597660516428966,ForecastPage,9
1718906272.25,33.95,0.31484034981658243,0.3260463076562262,-0.011205957847891045,ForecastPage,9
1718906272.5,33.95,0.31484034981658243,0.32761595496321677,-0.012775605154915277,ForecastPage,9
1718906272.75,33.95,0.31484034981658243,0.3291409496315496,-0.014300599823279378,ForecastPage,9
1718906273.0,33.97,0.3556356663747477,0.33061593822498253,0.025019728141422684,ForecastPage,9
1718906273.25,33.97,0.3556356663747477,0.33203633756192863,0.023599328804445575,ForecastPage,9
1718906273.5,33.97,0.3556356663747477,0.3333984263224845,0.022237240043855796,ForecastPage,9
1718906273.75,33.97,0.3556356663747477,0.33469940503554785,0.020936261330753603,ForecastPage,9
1718906274.0,33.95,0.31484034981658243,0.33593742366792373,-0.021097073859833025,ForecastPage,9
1718906274.25,33.95,0.31484034981658243,0.3371115774036248,-0.02227122759558695,ForecastPage,9
1718906274.5,33.95,0.31484034981658243,0.33822187242730495,-0.023381522619327483,ForecastPage,9
1718906274.75,33.95,0.31484034981658243,0.3392691644889195,-0.02442881468100928,ForecastPage,9
1718906275.0,33.97,0.3556356663747477,0.34025507367836755,0.015380592687635052,ForecastPage,9
1718906275.25,33.97,0.3556356663747477,0.3411818792279841,0.014453787137941192,ForecastPage,9
1718906275.5,33.97,0.3556356663747477,0.3420523984081952,0.013583267957649227,ForecastPage,9
1718906275.75,33.97,0.3556356663747477,0.3428698538186938,0.012765812547066864,ForecastPage,9
1718906276.0,33.97,0.3556356663747477,0.34363773368382816,0.011997932681846757,ForecastPage,9
1718906276.25,33.97,0.3556356663747477,0.344359650135435,0.011276016230153296,ForecastPage,9
1718906276.5,33.97,0.3556356663747477,0.34503920083896766,0.010596465526534463,ForecastPage,9
1718906276.75,33.97,0.3556356663747477,0.3456798395828643,0.009955826782552978,ForecastPage,9
1718906277.0,33.95,0.31484034981658243,0.34628476149138543,-0.031444411684216,ForecastPage,9
1718906277.25,33.95,0.31484034981658243,0.3468568082295361,-0.03201645842244551,ForecastPage,9
1718906277.5,33.95,0.31484034981658243,0.347398397860247,-0.03255804805322979,ForecastPage,9
1718906277.75,33.95,0.31484034981658243,0.3479114828547986,-0.03307113304784748,ForecastPage,9
1718906278.0,33.97,0.3556356663747477,0.3483975381973547,0.0072381281677049054,ForecastPage,9
1718906278.25,33.97,0.3556356663747477,0.34885757970894593,0.006778086656068685,ForecastPage,9
1718906278.5,33.97,0.3556356663747477,0.3492922108575538,0.0063434555074298165,ForecastPage,9
1718906278.75,33.97,0.3556356663747477,0.3497016946364233,0.005933971728544433,ForecastPage,9
1718906279.0,33.97,0.3556356663747477,0.3500860457431407,0.005549620621827086,ForecastPage,9
1718906279.25,33.97,0.3556356663747477,0.3504451373526618,0.005190529012322302,ForecastPage,9
1718906279.5,33.97,0.3556356663747477,0.35077881625025725,0.00485685011475942,ForecastPage,9
1718906279.75,33.97,0.3556356663747477,0.3510870199365563,0.004548646428508377,ForecastPage,9
1718906280.0,33.97,0.3556356663747477,0.35136988948492975,0.004265776880197181,ForecastPage,9
1718906280.25,33.97,0.3556356663747477,0.3516278723696135,0.004007793995589113,ForecastPage,9
1718906280.5,33.97,0.3556356663747477,0.3518618101424933,0.0037738562227974696,ForecastPage,9
1718906280.75,33.97,0.3556356663747477,0.3520730066717068,0.003562659693683335,ForecastPage,9
1718906281.0,33.97,0.3556356663747477,0.35226327362341375,0.003372392742085668,ForecastPage,9
1718906281.25,33.97,0.3556356663747477,0.3524349509291235,0.0032007154364933343,ForecastPage,9
1718906281.5,33.97,0.3556356663747477,0.35259090109716634,0.003044765268574132,ForecastPage,9
1718906281.75,33.97,0.3556356663747477,0.3527344773627487,0.0029011890031192577,ForecastPage,9
1718906282.0,33.97,0.3556356663747477,0.35286946679304937,0.0027661995729468375,ForecastPage,9
1718906282.25,33.97,0.3556356663747477,0.35300001054029045,0.002635655825831244,ForecastPage,9
1718906282.5,33.97,0.3556356663747477,0.3531305044365965,0.0025051619296446,ForecastPage,9
1718906282.75,33.97,0.3556356663747477,0.35326548402116803,0.002370182345183207,ForecastPage,9
1718906283.0,33.97,0.3556356663747477,0.353409498855664,0.002226167510785599,ForecastPage,9
1718906283.25,33.97,0.3556356663747477,0.3535669815918301,0.0020686847747044346,ForecastPage,9
1718906283.5,33.97,0.3556356663747477,0.3537421176817275,0.001893548684878077,ForecastPage,9
1718906283.75,33.97,0.3556356663747477,0.3539387218420699,0.0016969445245927151,ForecastPage,9
1718906284.0,33.97,0.3556356663747477,0.3541601273781509,0.0014755389885554575,ForecastPage,9
1718906284.25,33.97,0.3556356663747477,0.35440909421899724,0.0012265721477400233,ForecastPage,9
1718906284.5,33.97,0.3556356663747477,0.35468774099462974,0.0009479253721268151,ForecastPage,9
1718906284.75,33.97,0.3556356663747477,0.35499750568119687,0.0006381606855687489,ForecastPage,9
1718906285.0,33.95,0.31484034981658243,0.35533913823510765,-0.0404987884265069,ForecastPage,9
1718906285.25,33.95,0.31484034981658243,0.35571272722374664,-0.040872377415152025,ForecastPage,9
1718906285.5,33.95,0.31484034981658243,0.3561177607476307,-0.041277410939045925,ForecastPage,9
1718906285.75,33.95,0.31484034981658243,0.3565532199939338,-0.04171287018535951,ForecastPage,9
1718906286.0,33.99,0.39643098293292744,0.35701770170138797,0.03941328122352264,ForecastPage,9
1718906286.25,33.99,0.39643098293292744,0.35750956387837385,0.03892141904653121,ForecastPage,9
1718906286.5,33.99,0.39643098293292744,0.3580270875743565,0.03840389535054653,ForecastPage,9
1718906286.75,33.99,0.39643098293292744,0.35856864659366255,0.0378623363312409,ForecastPage,9
1718906287.0,33.97,0.3556356663747477,0.35913287685884127,-0.003497210492117011,ForecastPage,9
1718906287.25,33.97,0.3556356663747477,0.3597188376017198,-0.004083171234997934,ForecastPage,9
1718906287.5,33.97,0.3556356663747477,0.360326157472442,-0.004690491105728726,ForecastPage,9
1718906287.75,33.97,0.3556356663747477,0.3609551597591426,-0.005319493392447028,ForecastPage,9
1718906288.0,33.97,0.3556356663747477,0.36160696200200027,-0.005971295635334153,ForecastPage,9
1718906288.25,33.97,0.3556356663747477,0.36228354625532083,-0.006647879888698131,MarketWaitPage,9
1718906288.5,33.97,0.3556356663747477,0.3629877970729383,-0.007352130706374873,MarketWaitPage,9
1718906288.75,33.97,0.3556356663747477,0.36372350498880573,-0.008087838622319076,MarketWaitPage,9
1718906289.0,33.97,0.3556356663747477,0.3644953338820212,-0.008859667515630578,MarketWaitPage,9
1718906289.25,33.97,0.3556356663747477,0.3653087512093658,-0.009673084843091343,MarketWaitPage,9
1718906289.5,33.97,0.3556356663747477,0.36616992072110244,-0.010534254354963926,MarketWaitPage,9
1718906289.75,33.97,0.3556356663747477,0.3670855580163183,-0.011449891650333659,MarketWaitPage,9
1718906290.0,34.0,0.4168286412120101,0.36806275021785106,0.04876589098522677,MarketWaitPage,9
1718906290.25,34.0,0.4168286412120101,0.36910874223089035,0.04771989897200631,RoundResultsPage,9
1718906290.5,34.0,0.4168286412120101,0.37023069355330696,0.046597947649400166,RoundResultsPage,9
1718906290.75,34.0,0.4168286412120101,0.3714354114304341,0.04539322977207901,RoundResultsPage,9
1718906291.0,33.97,0.3556356663747477,0.37272906818522705,-0.017093401820171,RoundResultsPage,9
1718906291.25,33.97,0.3556356663747477,0.37411691257348834,-0.01848124620862454,RoundResultsPage,9
1718906291.5,33.97,0.3556356663747477,0.3756029866979841,-0.019967320333307347,RoundResultsPage,9
1718906291.75,33.97,0.3556356663747477,0.37718986106016,-0.021554194695662342,RoundResultsPage,9
1718906292.0,33.97,0.3556356663747477,0.3788784005325409,-0.023242734168211637,RoundResultsPage,9
1718906292.25,33.97,0.3556356663747477,0.3806675733446452,-0.025031906980470815,RoundResultsPage,9
1718906292.5,33.97,0.3556356663747477,0.38255431366584763,-0.02691864730181164,RoundResultsPage,9
1718906292.75,33.97,0.3556356663747477,0.38453344619641455,-0.02889777983249727,RoundResultsPage,9
1718906293.0,33.99,0.39643098293292744,0.3865976785388013,0.009833304383199216,RoundResultsPage,9
1718906293.25,33.99,0.39643098293292744,0.3887376642287421,0.007693318693185278,RoundResultsPage,9
1718906293.5,33.99,0.39643098293292744,0.3909421363736619,0.005488846548215491,RoundResultsPage,9
1718906293.75,33.99,0.39643098293292744,0.39319810906140484,0.003232873860443572,RoundResultsPage,9
1718906294.0,33.99,0.39643098293292744,0.395491141192411,0.0009398417294265585,RoundResultsPage,9
1718906294.25,33.99,0.39643098293292744,0.3978056552059021,-0.0013746722840606625,RoundResultsPage,9
1718906294.5,33.99,0.39643098293292744,0.40012530130975404,-0.0036943183878977532,RoundResultsPage,9
1718906294.75,33.99,0.39643098293292744,0.402433356254705,-0.006002373332826649,RoundResultsPage,9
1718906295.0,33.99,0.39643098293292744,0.4047131443907138,-0.00828216146880998,RoundResultsPage,9
1718906295.25,33.99,0.39643098293292744,0.4069484676984906,-0.010517484776561534,RoundResultsPage,9
1718906295.5,33.99,0.39643098293292744,0.40912403071535586,-0.01269304779340571,RoundResultsPage,9
1718906295.75,33.99,0.39643098293292744,0.4112258458060063,-0.014794862884042526,RoundResultsPage,9
1718906296.0,34.0,0.4168286412120101,0.41324160412098776,0.0035870370800620676,RoundResultsPage,9
1718906296.25,34.0,0.4168286412120101,0.4151609979134704,0.0016676432875705346,RoundResultsPage,9
1718906296.5,34.0,0.4168286412120101,0.4169759807353612,-0.00014733953434261683,RoundResultsPage,9
1718906296.75,34.0,0.4168286412120101,0.41868095349179496,-0.0018523122908121288,RoundResultsPage,9
1718906297.0,34.03,0.4780216160492724,0.4202728664634059,0.05774874957479123,RoundResultsPage,9
1718906297.25,34.03,0.4780216160492724,0.4217512302395412,0.0562703857985973,RoundResultsPage,9
1718906297.5,34.03,0.4780216160492724,0.4231180320274533,0.05490358401061784,RoundResultsPage,9
1718906297.75,34.03,0.4780216160492724,0.42437755792482534,0.05364405811317247,RoundResultsPage,9
1718906298.0,34.0,0.4168286412120101,0.4255361262690016,-0.00870748506834157,RoundResultsPage,9
1718906298.25,34.0,0.4168286412120101,0.4266017417872421,-0.00977310058665528,RoundResultsPage,9
1718906298.5,34.0,0.4168286412120101,0.42758368457102386,-0.01075504337050286,RoundResultsPage,9
1718906298.75,34.0,0.4168286412120101,0.42849205149950204,-0.011663410299033682,RoundResultsPage,9
1718906299.0,34.0,0.4168286412120101,0.42933727036223307,-0.012508629161798174,RoundResultsPage,9
1718906299.25,34.0,0.4168286412120101,0.4301296084445794,-0.013300967244153611,RoundResultsPage,9
1718906299.5,34.0,0.4168286412120101,0.430878697732937,-0.014050056532492684,RoundResultsPage,9
1718906299.75,34.0,0.4168286412120101,0.4315930982393612,-0.014764457038869494,RoundResultsPage,9
1718906300.0,34.0,0.4168286412120101,0.432279919338322,-0.015451278137754348,RoundResultsPage,9
1718906300.25,34.0,0.4168286412120101,0.4329445165677929,-0.016115875367122303,RoundResultsPage,9
1718906300.5,34.0,0.4168286412120101,0.4335902781963338,-0.016761636995535675,RoundResultsPage,9
1718906300.75,34.0,0.4168286412120101,0.43421851212801355,-0.017389870927067435,RoundResultsPage,9
1718906301.0,34.0,0.4168286412120101,0.4348284395454449,-0.017999798344335058,RoundResultsPage,9
1718906301.25,34.0,0.4168286412120101,0.4354172972218327,-0.018588656020548433,RiskPage1,9
1718906301.5,34.0,0.4168286412120101,0.43598054581600365,-0.019151904614539576,RiskPage1,9
1718906301.75,34.0,0.4168286412120101,0.4365121768561455,-0.019683535654501132,RiskPage1,9
1718906302.0,34.0,0.4168286412120101,0.4370051066805528,-0.02017646547873152,RiskPage1,9
1718906302.25,34.0,0.4168286412120101,0.437451641504845,-0.02062300030285302,RiskPage1,9
1718906302.5,34.0,0.4168286412120101,0.4378439941981149,-0.021015352995960898,RiskPage1,9
1718906302.75,34.0,0.4168286412120101,0.4381748304537025,-0.02134618925139717,RiskPage1,9
1718906303.0,34.03,0.4780216160492724,0.43843782001651116,0.03958379602319536,RiskPage1,9
1718906303.25,34.03,0.4780216160492724,0.43862816765967605,0.03939344838015532,RiskPage1,9
1718906303.5,34.03,0.4780216160492724,0.4387430988496113,0.039278517190328745,RiskPage1,9
1718906303.75,34.03,0.4780216160492724,0.43878227659729746,0.039239339442733015,RiskPage1,9
1718906304.0,34.03,0.4780216160492724,0.4387481288482707,0.03927348719182984,RiskPage1,9
1718906304.25,34.03,0.4780216160492724,0.43864606975911913,0.03937554628102925,RiskPage1,9
1718906304.5,34.03,0.4780216160492724,0.4384846030739325,0.03953701296623981,RiskPage1,9
1718906304.75,34.03,0.4780216160492724,0.4382753012137764,0.03974631482639515,RiskPage1,9
1718906305.0,34.0,0.4168286412120101,0.438032659265406,-0.021204018062521805,RiskPage1,9
1718906305.25,34.0,0.4168286412120101,0.43777382844137674,-0.02094518723854074,RiskPage1,9
1718906305.5,34.0,0.4168286412120101,0.4375182384454236,-0.020689597242657575,RiskPage1,9
1718906305.75,34.0,0.4168286412120101,0.43728712224300764,-0.02045848104033162,RiskPage1,9
1718906306.0,34.0,0.4168286412120101,0.43710295985118286,-0.02027431864861449,RiskPage1,9
1718906306.25,34.0,0.4168286412120101,0.4369888599068564,-0.020160218704410628,RiskPage1,9
1718906306.5,34.0,0.4168286412120101,0.43696789904549427,-0.020139257843183107,RiskPage1,9
1718906306.75,34.0,0.4168286412120101,0.4370624396855606,-0.020233798483392445,RiskPage1,9
1718906307.0,34.03,0.4780216160492724,0.43729344685232246,0.04072816918696028,RiskPage1,9
1718906307.25,34.03,0.4780216160492724,0.4376798243715058,0.04034179166762843,RiskPage2,9
1718906307.5,34.03,0.4780216160492724,0.43823779027668563,0.03978382576230266,RiskPage2,9
1718906307.75,34.03,0.4780216160492724,0.43898031069541427,0.03904130534343328,RiskPage2,9
1718906308.0,34.0,0.4168286412120101,0.43991661078361666,-0.0230879695821646,RiskPage2,9
1718906308.25,34.0,0.4168286412120101,0.44105178030876535,-0.024223139107437536,RiskPage2,9
1718906308.5,34.0,0.4168286412120101,0.4423864899945984,-0.02555784879338454,RiskPage2,9
1718906308.75,34.0,0.4168286412120101,0.4439168324938041,-0.02708819129269232,RiskPage2,9
1718906309.0,34.0,0.4168286412120101,0.4456342987094194,-0.028805657508395918,RiskPage2,9
1718906309.25,34.0,0.4168286412120101,0.4475258961437201,-0.030697254942769456,RiskPage2,9
1718906309.5,34.0,0.4168286412120101,0.44957441114537583,-0.03274576994448112,RiskPage2,9
1718906309.75,34.0,0.4168286412120101,0.45175881156120584,-0.034930170360349636,RiskPage2,9
1718906310.0,34.0,0.4168286412120101,0.45405478062691856,-0.03722613942608375,RiskPage2,9
1718906310.25,34.0,0.4168286412120101,0.4564353672221063,-0.03960672602127658,RiskPage2,9
1718906310.5,34.0,0.4168286412120101,0.458871732156888,-0.04204309095604778,RiskPage2,9
1718906310.75,34.0,0.4168286412120101,0.46133396525821235,-0.04450532405734735,RiskPage2,9
1718906311.0,34.05,0.5188169326074377,0.46379194400940793,0.05502498858692283,RiskPage2,9
1718906311.25,34.05,0.5188169326074377,0.46621620170535805,0.0526007308910241,RiskPage2,9
1718906311.5,34.05,0.5188169326074377,0.46857877183602925,0.05023816076041698,RiskPage2,9
1718906311.75,34.05,0.5188169326074377,0.47085397593213874,0.04796295666438382,RiskPage2,9
1718906312.0,34.05,0.5188169326074377,0.47301912445503586,0.04579780814157443,RiskPage2,9
1718906312.25,34.05,0.5188169326074377,0.4750551043332356,0.04376182826347289,RiskPage3,9
1718906312.5,34.05,0.5188169326074377,0.47694683211234845,0.04187010048446856,RiskPage3,9
1718906312.75,34.05,0.5188169326074377,0.4786835579754692,0.040133374621466766,RiskPage3,9
1718906313.0,34.03,0.4780216160492724,0.48025901266899673,-0.0022373966300956796,RiskPage3,9
1718906313.25,34.03,0.4780216160492724,0.4816713962103328,-0.003649780171289016,RiskPage3,9
1718906313.5,34.03,0.4780216160492724,0.48292321376959146,-0.0049015977303923305,RiskPage3,9
1718906313.75,34.03,0.4780216160492724,0.4840209699801266,-0.005999353940759712,RiskPage3,9
1718906314.0,34.03,0.4780216160492724,0.4849747379093887,-0.006953121869842298,RiskPage3,9
1718906314.25,34.03,0.4780216160492724,0.4857976228878101,-0.007776006848073846,RiskPage3,9
1718906314.5,34.03,0.4780216160492724,0.48650514431584696,-0.008483528275913194,RiskPage3,9
1718906314.75,34.03,0.4780216160492724,0.48711456047113594,-0.009092944430999646,RiskPage3,9
1718906315.0,34.03,0.4780216160492724,0.4876441622691962,-0.00962254622885532,RiskPage3,9
1718906315.25,34.03,0.4780216160492724,0.48811256195526886,-0.010090945914724297,RiskPage3,9
1718906315.5,34.03,0.4780216160492724,0.4885380018929753,-0.010516385852231285,RiskPage3,9
1718906315.75,34.03,0.4780216160492724,0.4889377070455623,-0.01091609100462632,RiskPage3,9
1718906316.0,34.03,0.4780216160492724,0.4893273025015402,-0.011305686460423098,RiskPage3,9
1718906316.25,34.03,0.4780216160492724,0.4897203145676303,-0.011698698526346116,RiskPage3,9
1718906316.5,34.03,0.4780216160492724,0.4901277706318108,-0.012106154590376558,RiskPage3,9
1718906316.75,34.03,0.4780216160492724,0.49055790928576326,-0.012536293244198814,RiskPage3,9
1718906317.0,34.03,0.4780216160492724,0.49101600819094054,-0.01299439214926826,RiskPage3,9
1718906317.25,34.03,0.4780216160492724,0.4915043329813796,-0.01348271693962422,RiskPage4,9
1718906317.5,34.03,0.4780216160492724,0.49202220622863796,-0.014000590186826638,RiskPage4,9
1718906317.75,34.03,0.4780216160492724,0.4925661912631,-0.014544575221261818,RiskPage4,9
1718906318.0,34.03,0.4780216160492724,0.4931303815687209,-0.015108765526886815,RiskPage4,9
1718906318.25,34.03,0.4780216160492724,0.49370678266670914,-0.015685166624911137,RiskPage4,9
1718906318.5,34.03,0.4780216160492724,0.49428577000387314,-0.016264153962143764,RiskPage4,9
1718906318.75,34.03,0.4780216160492724,0.49485660349438587,-0.016834987452757133,RiskPage4,9
1718906319.0,34.05,0.5188169326074377,0.4954079771651716,0.023408955434491403,RiskPage4,9
1718906319.25,34.05,0.5188169326074377,0.4959285809620942,0.022888351637409605,RiskPage4,9
1718906319.5,34.05,0.5188169326074377,0.4964076513122479,0.02240928128707083,RiskPage4,9
1718906319.75,34.05,0.5188169326074377,0.49683548759319496,0.021981445005915465,RiskPage4,9
1718906320.0,34.05,0.5188169326074377,0.49720391324634067,0.0216130193525417,RiskPage4,9
1718906320.25,34.05,0.5188169326074377,0.4975066628134522,0.021310269785185815,RiskPage4,9
1718906320.5,34.05,0.5188169326074377,0.4977396795239198,0.02107725307446166,RiskPage4,9
1718906320.75,34.05,0.5188169326074377,0.4979013120267544,0.020915620571362745,RiskPage4,9
1718906321.0,34.05,0.5188169326074377,0.49799240324372374,0.020824529354125543,RiskPage4,9
1718906321.25,34.05,0.5188169326074377,0.49801626891629186,0.020800663681288845,RiskPage4,9
1718906321.5,34.05,0.5188169326074377,0.49797856802940443,0.02083836456790978,RiskPage4,9
1718906321.75,34.05,0.5188169326074377,0.49788707172205704,0.020929860874996025,RiskPage4,9
1718906322.0,34.03,0.4780216160492724,0.497751341342316,-0.019729725303679613,RiskPage4,9
1718906322.25,34.03,0.4780216160492724,0.4975823297819284,-0.019560713743527962,PreMarketWait,10
1718906322.5,34.03,0.4780216160492724,0.49739192295880275,-0.01937030692061713,PreMarketWait,10
1718906322.75,34.03,0.4780216160492724,0.49719244017476427,-0.01917082413676685,PreMarketWait,10
1718906323.0,34.03,0.4780216160492724,0.4969961130087471,-0.018974496970905468,PreMarketWait,10
1718906323.25,34.03,0.4780216160492724,0.49681456245222533,-0.018792946414501382,PreMarketWait,10
1718906323.5,34.03,0.4780216160492724,0.49665829327111743,-0.018636677233468627,PreMarketWait,10
1718906323.75,34.03,0.4780216160492724,0.49653622324651353,-0.018514607208895743,PreMarketWait,10
1718906324.0,34.05,0.5188169326074377,0.496455263179921,0.02236166941587476,PreMarketWait,10
1718906324.25,34.05,0.5188169326074377,0.4964199615201315,0.02239697107571856,PreMarketWait,10
1718906324.5,34.05,0.5188169326074377,0.496432225333199,0.02238470726274358,PreMarketWait,10
1718906324.75,34.05,0.5188169326074377,0.49649112720328137,0.02232580539278751,PreMarketWait,10
1718906325.0,34.03,0.4780216160492724,0.4965928055503681,-0.018571189512309613,PreMarketWait,10
1718906325.25,34.03,0.4780216160492724,0.4967304637206016,-0.018708847682366078,PreMarketWait,10
1718906325.5,34.03,0.4780216160492724,0.4968944709237377,-0.018872854885310004,PreMarketWait,10
1718906325.75,34.03,0.4780216160492724,0.49707256553811474,-0.019050949499486602,PreMarketWait,10
1718906326.0,34.03,0.4780216160492724,0.4972501584160279,-0.019228542377198028,PreMarketWait,10
1718906326.25,34.03,0.4780216160492724,0.497410730632221,-0.019389114593195027,PreMarketWait,10
1718906326.5,34.03,0.4780216160492724,0.4975363167348015,-0.019514700695590578,PreMarketWait,10
1718906326.75,34.03,0.4780216160492724,0.4976080611367662,-0.019586445097386107,PreMarketWait,10
1718906327.0,34.03,0.4780216160492724,0.4976068320012517,-0.019585215961721077,PreMarketWait,10
1718906327.25,34.03,0.4780216160492724,0.497513874003504,-0.01949225796384322,PreMarketWait,10
1718906327.5,34.03,0.4780216160492724,0.4973114788780138,-0.019289862838244555,PreMarketWait,10
1718906327.75,34.03,0.4780216160492724,0.4969836508618236,-0.01896203482196866,PreMarketWait,10
1718906328.0,34.07,0.5596122491656175,0.49651674320594447,0.06309550595031865,PreMarketWait,10
1718906328.25,34.07,0.5596122491656175,0.49590004201971083,0.06371220713659337,MarketGridChoice,10
1718906328.5,34.07,0.5596122491656175,0.49512627497681233,0.0644859741795116,MarketGridChoice,10
1718906328.75,34.07,0.5596122491656175,0.4941920248943746,0.06542022426194864,MarketGridChoice,10
1718906329.0,34.03,0.4780216160492724,0.49309803178685857,-0.015076415746900357,MarketGridChoice,10
1718906329.25,34.03,0.4780216160492724,0.491849371399255,-0.013827755359333997,MarketGridChoice,10
1718906329.5,34.03,0.4780216160492724,0.49045550301503604,-0.012433886975166258,MarketGridChoice,10
1718906329.75,34.03,0.4780216160492724,0.488930184082297,-0.010908568042487892,MarketGridChoice,10
1718906330.0,34.03,0.4780216160492724,0.48729125358921477,-0.009269637549470572,MarketGridChoice,10
1718906330.25,34.03,0.4780216160492724,0.48556028999994755,-0.007538673960267208,MarketGridChoice,10
1718906330.5,34.03,0.4780216160492724,0.483762152930909,-0.00574053689128638,MarketGridChoice,10
1718906330.75,34.03,0.4780216160492724,0.48192442067788277,-0.0039028046383068286,MarketGridChoice,10
1718906331.0,34.05,0.5188169326074377,0.48007673828867414,0.03874019430903582,MarketGridChoice,10
1718906331.25,34.05,0.5188169326074377,0.47825009319458145,0.0405668394031166,MarketGridChoice,10
1718906331.5,34.05,0.5188169326074377,0.47647603751568274,0.04234089508202593,MarketGridChoice,10
1718906331.75,34.05,0.5188169326074377,0.4747858780274645,0.04403105457027881,MarketGridChoice,10
1718906332.0,34.0,0.4168286412120101,0.47320985631335755,-0.05638121511098327,MarketGridChoice,10
1718906332.25,34.0,0.4168286412120101,0.47177634262166857,-0.05494770141921359,MarketGridChoice,10
1718906332.5,34.0,0.4168286412120101,0.4705110671356294,-0.05368242593307418,MarketGridChoice,10
1718906332.75,34.0,0.4168286412120101,0.46943641154199955,-0.05260777033932741,MarketGridChoice,10
1718906333.0,34.03,0.4780216160492724,0.46857078189955237,0.009450834140512461,MarketGridChoice,10
1718906333.25,34.03,0.4780216160492724,0.4679280810271829,0.01009353501302257,MarketGridChoice,10
1718906333.5,34.03,0.4780216160492724,0.46751729527231956,0.01050432076803335,MarketGridChoice,10
1718906333.75,34.03,0.4780216160492724,0.4673422069369068,0.01067940910359708,MarketGridChoice,10
1718906334.0,34.03,0.4780216160492724,0.46740124009841577,0.010620375942239428,MarketGridChoice,10
1718906334.25,34.03,0.4780216160492724,0.46768744419589364,0.01033417184491029,MarketGridChoice,10
1718906334.5,34.03,0.4780216160492724,0.46818861656261246,0.009832999478335257,MarketGridChoice,10
1718906334.75,34.03,0.4780216160492724,0.46888756201332327,0.009134054027760807,MarketGridChoice,10
1718906335.0,34.0,0.4168286412120101,0.4697624845451609,-0.05293384334121257,MarketGridChoice,10
1718906335.25,34.0,0.4168286412120101,0.4707875030970362,-0.05395886189297332,MarketGridChoice,10
1718906335.5,34.0,0.4168286412120101,0.47193328007015506,-0.05510463886599157,MarketGridChoice,10
1718906335.75,34.0,0.4168286412120101,0.4731677479507798,-0.056339106746531954,MarketGridChoice,10
1718906336.0,34.05,0.5188169326074377,0.4744569160266732,0.0443600165730679,MarketGridChoice,10
1718906336.25,34.05,0.5188169326074377,0.475765736121166,0.043051196478619644,MarketGridChoice,10
1718906336.5,34.05,0.5188169326074377,0.47705900383834143,0.04175792876146469,MarketGridChoice,10
1718906336.75,34.05,0.5188169326074377,0.4783022703400049,0.04051466225979522,MarketGridChoice,10
1718906337.0,34.03,0.4780216160492724,0.47946273932182326,-0.001441123280222542,MarketGridChoice,10
1718906337.25,34.03,0.4780216160492724,0.48051012457081854,-0.0024885085292811818,MarketGridChoice,10
1718906337.5,34.03,0.4780216160492724,0.4814174450516731,-0.0033958290102284183,MarketGridChoice,10
1718906337.75,34.03,0.4780216160492724,0.482161736612163,-0.004140120570839546,MarketGridChoice,10
1718906338.0,34.03,0.4780216160492724,0.48272466189309565,-0.00470304585192053,MarketGridChoice,10
1718906338.25,34.03,0.4780216160492724,0.483093002744912,-0.0050713867039101634,MarketGridChoice,10
1718906338.5,34.03,0.4780216160492724,0.48325902234777596,-0.005237406306970232,MarketGridChoice,10
1718906338.75,34.03,0.4780216160492724,0.48322068731352313,-0.005199071272933988,MarketGridChoice,10
1718906339.0,34.05,0.5188169326074377,0.4829817433483676,0.03583518925015283,MarketGridChoice,10
1718906339.25,34.05,0.5188169326074377,0.4825516416119818,0.036265290986290985,MarketGridChoice,10
1718906339.5,34.05,0.5188169326074377,0.4819453167456559,0.03687161585235995,MarketGridChoice,10
1718906339.75,34.05,0.5188169326074377,0.48118282164079323,0.03763411095696165,MarketGridChoice,10
1718906340.0,34.03,0.4780216160492724,0.48028882828204744,-0.002267212242716296,MarketGridChoice,10
1718906340.25,34.03,0.4780216160492724,0.47929200823786594,-0.0012703921987832004,MarketGridChoice,10
1718906340.5,34.03,0.4780216160492724,0.4782243103307745,-0.0002026942919224773,MarketGridChoice,10
1718906340.75,34.03,0.4780216160492724,0.4771201564406929,0.0009014595979536803,MarketGridChoice,10
1718906341.0,34.03,0.4780216160492724,0.4760155790717134,0.002006036966760219,MarketGridChoice,10
1718906341.25,34.03,0.4780216160492724,0.47494732612290325,0.0030742899154370344,MarketGridChoice,10
1718906341.5,34.03,0.4780216160492724,0.47395195919238936,0.00406965684586349,MarketGridChoice,10
1718906341.75,34.03,0.4780216160492724,0.47306497169190703,0.004956644346309356,MarketGridChoice,10
1718906342.0,34.0,0.4168286412120101,0.47231995204418614,-0.05549131084321411,MarketGridChoice,10
1718906342.25,34.0,0.4168286412120101,0.47174781526547244,-0.054919174064426805,MarketGridChoice,10
1718906342.5,34.0,0.4168286412120101,0.4713761233035232,-0.05454748210234909,MarketGridChoice,10
1718906342.75,34.0,0.4168286412120101,0.4712285106690246,-0.05439986946766967,MarketGridChoice,10
1718906343.0,34.03,0.4780216160492724,0.47132422733570334,0.006697388703143667,MarketGridChoice,10
1718906343.25,34.03,0.4780216160492724,0.4716778058900102,0.0063438101491105625,MarketGridChoice,10
1718906343.5,34.03,0.4780216160492724,0.4722988548707366,0.0057227611686955435,MarketGridChoice,10
1718906343.75,34.03,0.4780216160492724,0.473191975534662,0.004829640505111438,MarketGridChoice,10
1718906344.0,34.03,0.4780216160492724,0.4743567952055266,0.0036648208346091804,MarketGridChoice,10
1718906344.25,34.03,0.4780216160492724,0.47578810706550895,0.0022335089750003022,MarketGridChoice,10
1718906344.5,34.03,0.4780216160492724,0.47747610377302524,0.0005455122678587852,MarketGridChoice,10
1718906344.75,34.03,0.4780216160492724,0.4794066906190118,-0.0013850745777617638,MarketGridChoice,10
1718906345.0,34.05,0.5188169326074377,0.4815618630297335,0.03725506957002913,MarketGridChoice,10
1718906345.25,34.05,0.5188169326074377,0.4839201330529062,0.034896799547175526,MarketGridChoice,10
1718906345.5,34.05,0.5188169326074377,0.48645698998682735,0.03235994261353657,MarketGridChoice,10
1718906345.75,34.05,0.5188169326074377,0.48914538146153097,0.02967155113907102,MarketGridChoice,10
1718906346.0,34.03,0.4780216160492724,0.49195620292906517,-0.013934586886440073,MarketGridChoice,10
1718906346.25,34.03,0.4780216160492724,0.49485878546903583,-0.016837169426275618,MarketGridChoice,10
1718906346.5,34.03,0.4780216160492724,0.497821373828145,-0.019799757785304073,MarketGridChoice,10
1718906346.75,34.03,0.4780216160492724,0.5008115884745203,-0.022789972431651893,MarketGridChoice,10
1718906347.0,34.05,0.5188169326074377,0.5037968670308783,0.015020065570132714,MarketGridChoice,10
1718906347.25,34.05,0.5188169326074377,0.5067448817388659,0.012072050862076637,MarketGridChoice,10
1718906347.5,34.05,0.5188169326074377,0.509623930671871,0.009193001928961816,MarketGridChoice,10
1718906347.75,34.05,0.5188169326074377,0.5124033013540684,0.006413631246617792,MarketGridChoice,10
1718906348.0,34.05,0.5188169326074377,0.515053606324513,0.0037633262759941455,MarketGridChoice,10
1718906348.25,34.05,0.5188169326074377,0.5175470910092481,0.0012698415910514364,MarketGridChoice,10
1718906348.5,34.05,0.5188169326074377,0.5198579149836314,-0.0010409823835635366,MarketGridChoice,10
1718906348.75,34.05,0.5188169326074377,0.5219624082552261,-0.0031454756554091007,MarketGridChoice,10
1718906349.0,34.05,0.5188169326074377,0.5238393045173972,-0.005022371917845442,MarketGridChoice,10
1718906349.25,34.05,0.5188169326074377,0.5254699533786059,-0.00665302077932859,ForecastPage,10
1718906349.5,34.05,0.5188169326074377,0.5268385133483309,-0.008021580749332577,ForecastPage,10
1718906349.75,34.05,0.5188169326074377,0.5279321268648985,-0.009115194266179197,ForecastPage,10
1718906350.0,34.05,0.5188169326074377,0.5287410779099869,-0.0099241453115424,ForecastPage,10
1718906350.25,34.05,0.5188169326074377,0.529258931813222,-0.010441999215044098,ForecastPage,10
1718906350.5,34.05,0.5188169326074377,0.5294826557671664,-0.010665723169242549,ForecastPage,10
1718906350.75,34.05,0.5188169326074377,0.5294127174198161,-0.010595784822129778,ForecastPage,10
1718906351.0,34.05,0.5188169326074377,0.5290531577702614,-0.010236225172792272,ForecastPage,10
1718906351.25,34.05,0.5188169326074377,0.5284116335526949,-0.009594700955419738,ForecastPage,10
1718906351.5,34.05,0.5188169326074377,0.5274994234485482,-0.00868249085144071,ForecastPage,10
1718906351.75,34.05,0.5188169326074377,0.526331391912357,-0.007514459315388368,ForecastPage,10
1718906352.0,34.07,0.5596122491656175,0.524925904229198,0.034686344925843,ForecastPage,10
1718906352.25,34.07,0.5596122491656175,0.5233046867283893,0.03630756242657758,ForecastPage,10
1718906352.5,34.07,0.5596122491656175,0.5214926269252287,0.038119622229697614,ForecastPage,10
1718906352.75,34.07,0.5596122491656175,0.519517509762477,0.04009473939244201,ForecastPage,10
1718906353.0,34.03,0.4780216160492724,0.5174096880006582,-0.039388071962058895,ForecastPage,10
1718906353.25,34.03,0.4780216160492724,0.5152016869864907,-0.03718007094783446,ForecastPage,10
1718906353.5,34.03,0.4780216160492724,0.5129277462778162,-0.03490613023907255,ForecastPage,10
1718906353.75,34.03,0.4780216160492724,0.510623302715248,-0.03260168667638773,ForecastPage,10
1718906354.0,34.07,0.5596122491656175,0.5083244214200532,0.051287827735296894,ForecastPage,10
1718906354.25,34.07,0.5596122491656175,0.5060671829361184,0.05354506621940379,ForecastPage,10
1718906354.5,34.07,0.5596122491656175,0.5038870364949999,0.055725212660721384,ForecastPage,10
1718906354.75,34.07,0.5596122491656175,0.5018181313199642,0.05779411783598175,ForecastPage,10
1718906355.0,34.03,0.4780216160492724,0.49989264000745126,-0.021871023967602772,ForecastPage,10
1718906355.25,34.03,0.4780216160492724,0.49814009014877025,-0.020118474108655818,ForecastPage,10
1718906355.5,34.03,0.4780216160492724,0.496586722154669,-0.01856510611427591,ForecastPage,10
1718906355.75,34.03,0.4780216160492724,0.49525489237432163,-0.017233276333643445,ForecastPage,10
1718906356.0,34.03,0.4780216160492724,0.4941625408156902,-0.01614092477472639,ForecastPage,10
1718906356.25,34.03,0.4780216160492724,0.49332274199591986,-0.015301125954675825,ForecastPage,10
1718906356.5,34.03,0.4780216160492724,0.49274335573763983,-0.014721739696126031,ForecastPage,10
1718906356.75,34.03,0.4780216160492724,0.4924267922139702,-0.01440517617220155,ForecastPage,10
1718906357.0,34.03,0.4780216160492724,0.49236990238715683,-0.014348286345151944,ForecastPage,10
1718906357.25,34.03,0.4780216160492724,0.4925640013359223,-0.014542385293703053,ForecastPage,10
1718906357.5,34.03,0.4780216160492724,0.4929950279706877,-0.014973411928279135,ForecastPage,10
1718906357.75,34.03,0.4780216160492724,0.4936438404342578,-0.015622224391686739,ForecastPage,10
1718906358.0,34.03,0.4780216160492724,0.49448664221584426,-0.016465026173138206,ForecastPage,10
1718906358.25,34.03,0.4780216160492724,0.4954955298052859,-0.01747391376247198,ForecastPage,10
1718906358.5,34.03,0.4780216160492724,0.4966391487204971,-0.018617532677601818,ForecastPage,10
1718906358.75,34.03,0.4780216160492724,0.4978834410968471,-0.019861825053895693,ForecastPage,10
1718906359.0,34.05,0.5188169326074377,0.4991924648800419,0.01962446772110792,ForecastPage,10
1718906359.25,34.05,0.5188169326074377,0.5005292621656949,0.018287670435467543,ForecastPage,10
1718906359.5,34.05,0.5188169326074377,0.5018567525229872,0.016960180078170725,ForecastPage,10
1718906359.75,34.05,0.5188169326074377,0.503138626336138,0.015678306265001937,ForecastPage,10
1718906360.0,34.05,0.5188169326074377,0.5043402133384535,0.014476719262658673,ForecastPage,10
1718906360.25,34.05,0.5188169326074377,0.5054293025601648,0.013387630040912934,ForecastPage,10
1718906360.5,34.05,0.5188169326074377,0.5063768917577378,0.012440040843302257,ForecastPage,10
1718906360.75,34.05,0.5188169326074377,0.5071578469008042,0.011659085700197257,ForecastPage,10
1718906361.0,34.05,0.5188169326074377,0.5077514553201411,0.011065477280822418,ForecastPage,10
1718906361.25,34.05,0.5188169326074377,0.508141859530123,0.010675073070803485,ForecastPage,10
1718906361.5,34.05,0.5188169326074377,0.508318362405197,0.010498570195692856,ForecastPage,10
1718906361.75,34.05,0.5188169326074377,0.5082755981941192,0.01054133440673319,ForecastPage,10
1718906362.0,34.05,0.5188169326074377,0.508013567686946,0.010803364913866988,ForecastPage,10
1718906362.25,34.05,0.5188169326074377,0.5075375396024449,0.01127939299832615,ForecastPage,10
1718906362.5,34.05,0.5188169326074377,0.506857823835561,0.011959108765164185,ForecastPage,10
1718906362.75,34.05,0.5188169326074377,0.505989425495308,0.01282750710536609,ForecastPage,10
1718906363.0,34.03,0.4780216160492724,0.504951591572369,-0.02692997552991849,ForecastPage,10
1718906363.25,34.03,0.4780216160492724,0.5037672645035801,-0.025745648461197864,ForecastPage,10
1718906363.5,34.03,0.4780216160492724,0.5024624587604897,-0.024440842718188537,ForecastPage,10
1718906363.75,34.03,0.4780216160492724,0.5010655778329826,-0.023043961790778316,ForecastPage,10
1718906364.0,34.05,0.5188169326074377,0.4996066896280117,0.019210242972242976,ForecastPage,10
1718906364.25,34.05,0.5188169326074377,0.4981167784598504,0.020700154140270467,ForecastPage,10
1718906364.5,34.05,0.5188169326074377,0.49662699162464174,0.022189940975326276,ForecastPage,10
1718906364.75,34.05,0.5188169326074377,0.49516789816919515,0.023649034430601054,ForecastPage,10
1718906365.0,34.03,0.4780216160492724,0.4937687769490965,-0.015747160907656294,ForecastPage,10
1718906365.25,34.03,0.4780216160492724,0.4924569503918298,-0.01443533435059868,ForecastPage,10
1718906365.5,34.03,0.4780216160492724,0.49125717942979946,-0.013235563388794417,ForecastPage,10
1718906365.75,34.03,0.4780216160492724,0.4901911337253728,-0.012169517684608815,ForecastPage,10
1718906366.0,34.03,0.4780216160492724,0.4892769495028948,-0.011255333462383884,ForecastPage,10
1718906366.25,34.03,0.4780216160492724,0.48852888503587893,-0.010507268995629903,ForecastPage,10
1718906366.5,34.03,0.4780216160492724,0.48795708118185527,-0.00993546514187316,ForecastPage,10
1718906366.75,34.03,0.4780216160492724,0.4875674314169207,-0.009545815377205898,ForecastPage,10
1718906367.0,34.03,0.4780216160492724,0.48736156270816233,-0.009339946668709924,ForecastPage,10
1718906367.25,34.03,0.4780216160492724,0.4873369253814308,-0.009315309342230425,ForecastPage,10
1718906367.5,34.03,0.4780216160492724,0.48748698699454723,-0.009465370955582943,ForecastPage,10
1718906367.75,34.03,0.4780216160492724,0.48780152220678796,-0.0097799061680386,ForecastPage,10
1718906368.0,34.03,0.4780216160492724,0.488266987835649,-0.010245371797088967,ForecastPage,10
1718906368.25,34.03,0.4780216160492724,0.48886696980072336,-0.01084535376232379,ForecastPage,10
1718906368.5,34.03,0.4780216160492724,0.4895826865610193,-0.011561070522748483,ForecastPage,10
1718906368.75,34.03,0.4780216160492724,0.4903935320464595,-0.012371916008283843,ForecastPage,10
1718906369.0,34.05,0.5188169326074377,0.49127764005932,0.027539292536960337,ForecastPage,10
1718906369.25,34.05,0.5188169326074377,0.4922124517700875,0.02660448082616689,ForecastPage,10
1718906369.5,34.05,0.5188169326074377,0.49317526833640785,0.025641664259854882,ForecastPage,10
1718906369.75,34.05,0.5188169326074377,0.4941437718770313,0.024673160719272946,ForecastPage,10
1718906370.0,34.05,0.5188169326074377,0.4950965000077296,0.023720432588647564,ForecastPage,10
1718906370.25,34.05,0.5188169326074377,0.4960132617801132,0.022803670816365546,ForecastPage,10
1718906370.5,34.05,0.5188169326074377,0.49687548597453873,0.021941446622066547,ForecastPage,10
1718906370.75,34.05,0.5188169326074377,0.49766649606638474,0.02115043653036756,ForecastPage,10
1718906371.0,34.03,0.4780216160492724,0.4983717095848361,-0.02035009354608696,ForecastPage,10
1718906371.25,34.03,0.4780216160492724,0.4989787627975645,-0.020957146758643137,ForecastPage,10
1718906371.5,34.03,0.4780216160492724,0.4994775644906329,-0.02145594845153362,ForecastPage,10
1718906371.75,34.03,0.4780216160492724,0.4998602849304022,-0.02183866889112325,ForecastPage,10
1718906372.0,34.05,0.5188169326074377,0.5001212878379155,0.018695644759705397,ForecastPage,10
1718906372.25,34.05,0.5188169326074377,0.5002570144173858,0.018559918180403687,ForecastPage,10
1718906372.5,34.05,0.5188169326074377,0.5002658292671128,0.018551103330831528,ForecastPage,10
1718906372.75,34.05,0.5188169326074377,0.5001478384760969,0.01866909412198317,ForecastPage,10
1718906373.0,34.03,0.4780216160492724,0.4999046904279768,-0.021883074387949796,ForecastPage,10
1718906373.25,34.03,0.4780216160492724,0.49953936976699803,-0.021517753726884786,ForecastPage,10
1718906373.5,34.03,0.4780216160492724,0.49905599454005845,-0.021034378499885924,ForecastPage,10
1718906373.75,34.03,0.4780216160492724,0.4984596256261169,-0.0204380095859115,ForecastPage,10
1718906374.0,34.03,0.4780216160492724,0.49775609617129346,-0.01973448013108018,ForecastPage,10
1718906374.25,34.03,0.4780216160492724,0.49695186692452653,-0.018930250884329123,ForecastPage,10
1718906374.5,34.03,0.4780216160492724,0.4960539112487271,-0.01803229520856843,ForecastPage,10
1718906374.75,34.03,0.4780216160492724,0.49506963134021137,-0.017048015300113205,ForecastPage,10
1718906375.0,34.05,0.5188169326074377,0.4940068050098914,0.024810127588290674,ForecastPage,10
1718906375.25,34.05,0.5188169326074377,0.4928735604418615,0.025943372156218898,ForecastPage,10
1718906375.5,34.05,0.5188169326074377,0.49167837480343346,0.027138557794525207,ForecastPage,10
1718906375.75,34.05,0.5188169326074377,0.49043009153723316,0.028386841060584755,ForecastPage,10
1718906376.0,34.03,0.4780216160492724,0.48913795063571375,-0.01111633459621992,ForecastPage,10
1718906376.25,34.03,0.4780216160492724,0.48781162609659706,-0.009790010057278937,ForecastPage,10
1718906376.5,34.03,0.4780216160492724,0.4864612649276778,-0.008439648888551086,ForecastPage,10
1718906376.75,34.03,0.4780216160492724,0.4850975223434408,-0.007075906304519524,ForecastPage,10
1718906377.0,34.03,0.4780216160492724,0.4837315880561796,-0.005709972017475033,ForecastPage,10
1718906377.25,34.03,0.4780216160492724,0.48237519877095686,-0.004353582732476793,ForecastPage,10
1718906377.5,34.03,0.4780216160492724,0.4810406321724804,-0.00301901613422853,ForecastPage,10
1718906377.75,34.03,0.4780216160492724,0.47974067790058067,-0.001719061862556099,ForecastPage,10
1718906378.0,34.03,0.4780216160492724,0.47848858131141697,-0.0004669652736131551,ForecastPage,10
1718906378.25,34.03,0.4780216160492724,0.47729795626685645,0.0007236597707389942,ForecastPage,10
1718906378.5,34.03,0.4780216160492724,0.47618266382556695,0.001838952211838006,ForecastPage,10
1718906378.75,34.03,0.4780216160492724,0.4751566545548281,0.0028649614824089982,ForecastPage,10
1718906379.0,34.03,0.4780216160492724,0.4742337732585039,0.003787842778591742,ForecastPage,10
1718906379.25,34.03,0.4780216160492724,0.473427526229117,0.004594089807866083,ForecastPage,10
1718906379.5,34.03,0.4780216160492724,0.47275081267463864,0.005270803362262282,ForecastPage,10
1718906379.75,34.03,0.4780216160492724,0.4722156237273343,0.005805992309515008,ForecastPage,10
1718906380.0,34.05,0.5188169326074377,0.4718327143868712,0.04698421820812122,ForecastPage,10
1718906380.25,34.05,0.5188169326074377,0.47161125584479546,0.04720567675020301,MarketWaitPage,10
1718906380.5,34.05,0.5188169326074377,0.47155847782022003,0.047258454774811526,MarketWaitPage,10
1718906380.75,34.05,0.5188169326074377,0.47167931269411134,0.047137619900979456,MarketWaitPage,10
1718906381.0,34.0,0.4168286412120101,0.47197605516684993,-0.05514741396710199,MarketWaitPage,10
1718906381.25,34.0,0.4168286412120101,0.472448052597812,-0.055619411397953955,MarketWaitPage,10
1718906381.5,34.0,0.4168286412120101,0.473091441795359,-0.05626280059536547,MarketWaitPage,10
1718906381.75,34.0,0.4168286412120101,0.4738989475561351,-0.05707030635598066,MarketWaitPage,10
1718906382.0,34.03,0.4780216160492724,0.4748597566283686,0.003161859409233962,MarketWaitPage,10
1718906382.25,34.03,0.4780216160492724,0.47595947814714873,0.002062137890662931,MarketWaitPage,10
1718906382.5,34.03,0.4780216160492724,0.47718019828673336,0.0008414177513076972,MarketWaitPage,10
1718906382.75,34.03,0.4780216160492724,0.4785006332727184,-0.0004790172344319686,MarketWaitPage,10
1718906383.0,34.03,0.4780216160492724,0.47989638130435414,-0.001874765265811082,MarketWaitPage,10
1718906383.25,34.03,0.4780216160492724,0.4813402705409167,-0.0033186545021114565,MarketWaitPage,10
1718906383.5,34.03,0.4780216160492724,0.48280279718616986,-0.004781181147102992,MarketWaitPage,10
1718906383.75,34.03,0.4780216160492724,0.4842526448861079,-0.006231028846785706,MarketWaitPage,10
1718906384.0,34.03,0.4780216160492724,0.48565727414883014,-0.00763565810926346,MarketWaitPage,10
1718906384.25,34.03,0.4780216160492724,0.4869835683201694,-0.0089619522803736,RoundResultsPage,10
1718906384.5,34.03,0.4780216160492724,0.4881985208357734,-0.010176904795768518,RoundResultsPage,10
1718906384.75,34.03,0.4780216160492724,0.4892699470641867,-0.011248331023996697,RoundResultsPage,10
1718906385.0,34.05,0.5188169326074377,0.49016720311338197,0.02864972948513092,RoundResultsPage,10
1718906385.25,34.05,0.5188169326074377,0.49086189356141885,0.027955039037221095,RoundResultsPage,10
1718906385.5,34.05,0.5188169326074377,0.49132855025200434,0.02748838234672994,RoundResultsPage,10
1718906385.75,34.05,0.5188169326074377,0.4915452650955782,0.027271667503216898,RoundResultsPage,10
1718906386.0,34.03,0.4780216160492724,0.4914942611959498,-0.013472645155291917,RoundResultsPage,10
1718906386.25,34.03,0.4780216160492724,0.49116238845931165,-0.013140772418657735,RoundResultsPage,10
1718906386.5,34.03,0.4780216160492724,0.4905415319593241,-0.012519915918705483,RoundResultsPage,10
1718906386.75,34.03,0.4780216160492724,0.48962892355566856,-0.011607307515115217,RoundResultsPage,10
1718906387.0,34.05,0.5188169326074377,0.48842734948359817,0.030389583115026972,RoundResultsPage,10
1718906387.25,34.05,0.5188169326074377,0.4869452488238202,0.03187168377468544,RoundResultsPage,10
1718906387.5,34.05,0.5188169326074377,0.4851966999585685,0.033620232639794724,RoundResultsPage,10
1718906387.75,34.05,0.5188169326074377,0.4832012943481932,0.035615638250009254,RoundResultsPage,10
1718906388.0,34.0,0.4168286412120101,0.48098389918130596,-0.06415525797870511,RoundResultsPage,10
1718906388.25,34.0,0.4168286412120101,0.47857431252694826,-0.061745671324528954,RoundResultsPage,10
1718906388.5,34.0,0.4168286412120101,0.4760068163662971,-0.059178175164060494,RoundResultsPage,10
1718906388.75,34.0,0.4168286412120101,0.47331963417185713,-0.05649099296979818,RoundResultsPage,10
1718906389.0,34.05,0.5188169326074377,0.47055430056091785,0.04826263203640255,RoundResultsPage,10
1718906389.25,34.05,0.5188169326074377,0.46775495120522254,0.05106198139194952,RoundResultsPage,10
1718906389.5,34.05,0.5188169326074377,0.46496754198921153,0.05384939060783514,RoundResultsPage,10
1718906389.75,34.05,0.5188169326074377,0.4622390077102239,0.056577924886723883,RoundResultsPage,10
1718906390.0,34.03,0.4780216160492724,0.45961637256339727,0.018405243475315032,RoundResultsPage,10
1718906390.25,34.03,0.4780216160492724,0.45714582716280966,0.020875788875861973,RoundResultsPage,10
1718906390.5,34.03,0.4780216160492724,0.45487178962658725,0.023149826412073114,RoundResultsPage,10
1718906390.75,34.03,0.4780216160492724,0.4528359709127553,0.02518564512592196,RoundResultsPage,10
1718906391.0,34.0,0.4168286412120101,0.45107646676192953,-0.03424782556047165,RoundResultsPage,10
1718906391.25,34.0,0.4168286412120101,0.4496268999759745,-0.03279825877444974,RoundResultsPage,10
1718906391.5,34.0,0.4168286412120101,0.448515637111666,-0.031686995910052765,RoundResultsPage,10
1718906391.75,34.0,0.4168286412120101,0.44776510285919674,-0.030936461657475732,RoundResultsPage,10
1718906392.0,34.0,0.4168286412120101,0.44739121338637167,-0.03056257218452589,RoundResultsPage,10
1718906392.25,34.0,0.4168286412120101,0.44740294686815707,-0.030574305666171614,RoundResultsPage,10
1718906392.5,34.0,0.4168286412120101,0.44780206549978885,-0.030973424297650168,RoundResultsPage,10
1718906392.75,34.0,0.4168286412120101,0.44858299877865737,-0.03175435757635281,RoundResultsPage,10
1718906393.0,34.03,0.4780216160492724,0.4497328930221401,0.02828872301760458,RoundResultsPage,10
1718906393.25,34.03,0.4780216160492724,0.45123182724853045,0.02678978879140278,RoundResultsPage,10
1718906393.5,34.03,0.4780216160492724,0.45305319094488133,0.02496842509524918,RoundResultsPage,10
1718906393.75,34.03,0.4780216160492724,0.45516421507431715,0.02285740096601665,RoundResultsPage,10
1718906394.0,34.0,0.4168286412120101,0.4575266440221048,-0.04069800281882723,RoundResultsPage,10
1718906394.25,34.0,0.4168286412120101,0.4600975330059245,-0.043268891802441645,RoundResultsPage,10
1718906394.5,34.0,0.4168286412120101,0.46283015266440997,-0.04600151146072652,RoundResultsPage,10
1718906394.75,34.0,0.4168286412120101,0.46567497998881363,-0.04884633878493794,RoundResultsPage,10
1718906395.0,34.05,0.5188169326074377,0.46858075248566194,0.0502361801138215,RoundResultsPage,10
1718906395.25,34.05,0.5188169326074377,0.4714955606108458,0.04732137198880185,RiskPage1,10
1718906395.5,34.05,0.5188169326074377,0.4743679523532858,0.04444898024650608,RiskPage1,10
1718906395.75,34.05,0.5188169326074377,0.4771480236049894,0.0416689089949231,RiskPage1,10
1718906396.0,34.03,0.4780216160492724,0.47978846872602615,-0.0017668526841844862,RiskPage1,10
1718906396.25,34.03,0.4780216160492724,0.4822455673912449,-0.004223951349337077,RiskPage1,10
1718906396.5,34.03,0.4780216160492724,0.4844800861326645,-0.0064584700907202655,RiskPage1,10
1718906396.75,34.03,0.4780216160492724,0.48645807566888805,-0.008436459626938151,RiskPage1,10
1718906397.0,34.03,0.4780216160492724,0.4881515479038016,-0.010129931861877873,RiskPage1,10
1718906397.25,34.03,0.4780216160492724,0.48953901925297205,-0.011517403211106588,RiskPage1,10
1718906397.5,34.03,0.4780216160492724,0.49060590968895607,-0.012584293647180191,RiskPage1,10
1718906397.75,34.03,0.4780216160492724,0.49134478962268985,-0.013323173581033822,RiskPage1,10
1718906398.0,34.05,0.5188169326074377,0.49175546952825727,0.02706146307141555,RiskPage1,10
1718906398.25,34.05,0.5188169326074377,0.49184493015920117,0.026972002440296294,RiskPage1,10
1718906398.5,34.05,0.5188169326074377,0.4916270943791536,0.027189838220143314,RiskPage1,10
1718906398.75,34.05,0.5188169326074377,0.4911224450861452,0.02769448751292805,RiskPage1,10
1718906399.0,34.05,0.5188169326074377,0.49035749742554674,0.028459435173282657,RiskPage1,10
1718906399.25,34.05,0.5188169326074377,0.4893641373484117,0.029452795250156573,RiskPage1,10
1718906399.5,34.05,0.5188169326074377,0.4881788423901449,0.030638090208148415,RiskPage1,10
1718906399.75,34.05,0.5188169326074377,0.48684180408259126,0.031975128515417256,RiskPage1,10
1718906400.0,34.0,0.4168286412120101,0.48539597441430193,-0.06856733321201224,RiskPage1,10
1718906400.25,34.0,0.4168286412120101,0.48388606096116205,-0.06705741975916725,RiskPage1,10
1718906400.5,34.0,0.4168286412120101,0.48235749649764537,-0.06552885529594675,RiskPage1,10
1718906400.75,34.0,0.4168286412120101,0.48085540894356804,-0.0640267677421653,RiskPage1,10
1718906401.0,34.05,0.5188169326074377,0.479423616460553,0.039393316135983486,RiskPage1,10
1718906401.25,34.05,0.5188169326074377,0.47810367065672404,0.0407132619395229,RiskPage2,10
1718906401.5,34.05,0.5188169326074377,0.47693396859751874,0.04188296399844561,RiskPage2,10
1718906401.75,34.05,0.5188169326074377,0.4759489520512719,0.04286798054442028,RiskPage2,10
1718906402.0,34.03,0.4780216160492724,0.475178410350154,0.0028432056871154736,RiskPage2,10
1718906402.25,34.03,0.4780216160492724,0.47464690141574184,0.003374714621289689,RiskPage2,10
1718906402.5,34.03,0.4780216160492724,0.47437330369007646,0.003648312346741482,RiskPage2,10
1718906402.75,34.03,0.4780216160492724,0.47437050965617794,0.003651106380455172,RiskPage2,10
1718906403.0,34.0,0.4168286412120101,0.4746452690832624,-0.05781662788404401,RiskPage2,10
1718906403.25,34.0,0.4168286412120101,0.4751981869310554,-0.058369545731954575,RiskPage2,10
1718906403.5,34.0,0.4168286412120101,0.4760238769318832,-0.05919523573286327,RiskPage2,10
1718906403.75,34.0,0.4168286412120101,0.4771112672850596,-0.06028262608608301,RiskPage2,10
1718906404.0,34.03,0.4780216160492724,0.47844404982529526,-0.00042243378906201,RiskPage2,10
1718906404.25,34.03,0.4780216160492724,0.4800012587865433,-0.0019796427502777707,RiskPage2,10
1718906404.5,34.03,0.4780216160492724,0.4817579602934955,-0.003736344257160051,RiskPage2,10
1718906404.75,34.03,0.4780216160492724,0.4836860294010789,-0.005664413364637054,RiskPage2,10
1718906405.0,34.05,0.5188169326074377,0.485754988211528,0.0330619443832203,RiskPage2,10
1718906405.25,34.05,0.5188169326074377,0.4879328765461526,0.030884056048769443,RiskPage2,10
1718906405.5,34.05,0.5188169326074377,0.4901871259329442,0.028629806662181474,RiskPage2,10
1718906405.75,34.05,0.5188169326074377,0.4924854082943099,0.026331524301046273,RiskPage2,10
1718906406.0,34.05,0.5188169326074377,0.49479643259858286,0.024020499997027007,RiskPage2,10
1718906406.25,34.05,0.5188169326074377,0.4970906657112716,0.021726266884611586,RiskPage3,10
1718906406.5,34.05,0.5188169326074377,0.49934095752529745,0.019475975070875732,RiskPage3,10
1718906406.75,34.05,0.5188169326074377,0.5015230549178137,0.017293877678663836,RiskPage3,10
1718906407.0,34.05,0.5188169326074377,0.503615993933022,0.01520093866377124,RiskPage3,10
1718906407.25,34.05,0.5188169326074377,0.5056023646016534,0.013214567995463528,RiskPage3,10
1718906407.5,34.05,0.5188169326074377,0.507468447775128,0.011348484822316623,RiskPage3,10
1718906407.75,34.05,0.5188169326074377,0.509204228093267,0.009612704504505633,RiskPage3,10
1718906408.0,34.05,0.5188169326074377,0.5108032915563208,0.008013641041776098,RiskPage3,10
1718906408.25,34.05,0.5188169326074377,0.5122626199918787,0.0065543126065335956,RiskPage3,10
1718906408.5,34.05,0.5188169326074377,0.5135822978701854,0.005234634728528521,RiskPage3,10
1718906408.75,34.05,0.5188169326074377,0.5147651493200505,0.004051783278945688,RiskPage3,10
1718906409.0,34.03,0.4780216160492724,0.515816324740987,-0.03779470869989812,RiskPage3,10
1718906409.25,34.03,0.4780216160492724,0.516742857023081,-0.038721240981763355,RiskPage3,10
1718906409.5,34.03,0.4780216160492724,0.5175532070324341,-0.03953159099092182,RiskPage3,10
1718906409.75,34.03,0.4780216160492724,0.5182568167118256,-0.04023520067015622,RiskPage3,10
1718906410.0,34.05,0.5188169326074377,0.5188636859873444,-4.6753387392996226e-05,RiskPage3,10
1718906410.25,34.05,0.5188169326074377,0.519383986865903,-0.0005670542658760616,RiskPage3,10
1718906410.5,34.05,0.5188169326074377,0.519827724929582,-0.0010107923295202825,RiskPage3,10
1718906410.75,34.05,0.5188169326074377,0.5202044551622206,-0.0013875225621629433,RiskPage3,10
1718906411.0,34.05,0.5188169326074377,0.5205230559083786,-0.0017061233083606221,RiskPage3,10
1718906411.25,34.05,0.5188169326074377,0.5207915619073749,-0.0019746293074290357,RiskPage4,10
1718906411.5,34.05,0.5188169326074377,0.5210170548354163,-0.002200122235571602,RiskPage4,10
1718906411.75,34.05,0.5188169326074377,0.5212056076563353,-0.0023886750566166222,RiskPage4,10
1718906412.0,34.05,0.5188169326074377,0.5213622773425267,-0.0025453447429547704,RiskPage4,10
1718906412.25,34.05,0.5188169326074377,0.5214911391980196,-0.0026742065986109557,RiskPage4,10
1718906412.5,34.05,0.5188169326074377,0.5215953551131636,-0.002778422513930347,RiskPage4,10
1718906412.75,34.05,0.5188169326074377,0.5216772676252553,-0.002860335026204687,RiskPage4,10
1718906413.0,34.07,0.5596122491656175,0.5217385116731305,0.03787373748391507,RiskPage4,10
1718906413.25,34.07,0.5596122491656175,0.5217801364356383,0.037832112721223866,RiskPage4,10
1718906413.5,34.07,0.5596122491656175,0.5218027306378485,0.03780951851883389,RiskPage4,10
1718906413.75,34.07,0.5596122491656175,0.5218065461550255,0.03780570300148211,RiskPage4,10
1718906414.0,34.05,0.5188169326074377,0.5217916165261105,-0.002974683927952193,RiskPage4,10
1718906414.25,34.05,0.5188169326074377,0.5217578688995363,-0.002940936301543004,RiskPage4,10
1718906414.5,34.05,0.5188169326074377,0.521705229707524,-0.002888297109691941,RiskPage4,10
1718906414.75,34.05,0.5188169326074377,0.5216337257336752,-0.0028167931360016003,RiskPage4,10
1718906415.0,34.03,0.4780216160492724,0.521543582997553,-0.04352196695820065,RiskPage4,10
1718906415.25,34.03,0.4780216160492724,0.5214353259174676,-0.04341370987826916,RiskPage4,10
1718906415.5,34.03,0.4780216160492724,0.521309878511483,-0.043288262472437514,RiskPage4,10
1718906415.75,34.03,0.4780216160492724,0.5211686680280954,-0.04314705198920348,RiskPage4,10
1718906416.0,34.05,0.5188169326074377,0.5210137295272831,-0.0021967969303820084,RiskPage4,10
1718906416.25,34.05,0.5188169326074377,0.5208478078177704,-0.0020308752210292033,PreMarketWait,11
1718906416.5,34.05,0.5188169326074377,0.5206744511161794,-0.001857518519603106,PreMarketWait,11
1718906416.75,34.05,0.5188169326074377,0.5204980891459352,-0.0016811565495297338,PreMarketWait,11
1718906417.0,34.07,0.5596122491656175,0.5203240873929493,0.039288161761460126,PreMarketWait,11
1718906417.25,34.07,0.5596122491656175,0.5201587690407186,0.0394534801135115,PreMarketWait,11
1718906417.5,34.07,0.5596122491656175,0.520009396783063,0.03960285237098604,PreMarketWait,11
1718906417.75,34.07,0.5596122491656175,0.5198841082309521,0.03972814092291703,PreMarketWait,11
1718906418.0,34.05,0.5188169326074377,0.519791800867369,-0.0009748682718550214,PreMarketWait,11
1718906418.25,34.05,0.5188169326074377,0.5197419652422943,-0.0009250326469478591,PreMarketWait,11
1718906418.5,34.05,0.5188169326074377,0.5197444680568062,-0.0009275354616162593,PreMarketWait,11
1718906418.75,34.05,0.5188169326074377,0.519809289677845,-0.0009923570827978269,PreMarketWait,11
1718906419.0,34.05,0.5188169326074377,0.5199462232305432,-0.0011292906356229837,PreMarketWait,11
1718906419.25,34.05,0.5188169326074377,0.5201645445995727,-0.0013476120047633188,PreMarketWait,11
1718906419.5,34.05,0.5188169326074377,0.5204726643785127,-0.0016557317837993266,PreMarketWait,11
1718906419.75,34.05,0.5188169326074377,0.5208777740253344,-0.0020608414307050826,PreMarketWait,11
1718906420.0,34.05,0.5188169326074377,0.5213854992187632,-0.0025685666242089575,PreMarketWait,11
1718906420.25,34.05,0.5188169326074377,0.5219995736756122,-0.003182641081127686,PreMarketWait,11
1718906420.5,34.05,0.5188169326074377,0.5227215464968235,-0.0039046139024065145,PreMarketWait,11
1718906420.75,34.05,0.5188169326074377,0.5235505354764637,-0.004733602882115239,PreMarketWait,11
1718906421.0,34.05,0.5188169326074377,0.5244830377537474,-0.005666105159470332,PreMarketWait,11
1718906421.25,34.05,0.5188169326074377,0.5255128077384892,-0.006695875144287413,PreMarketWait,11
1718906421.5,34.05,0.5188169326074377,0.5266308104261912,-0.007813877832068562,PreMarketWait,11
1718906421.75,34.05,0.5188169326074377,0.5278252560779277,-0.009008323483887668,PreMarketWait,11
1718906422.0,34.05,0.5188169326074377,0.5290817198176844,-0.010264787223729591,PreMarketWait,11
1718906422.25,34.05,0.5188169326074377,0.5303833470498526,-0.011566414455985332,PreMarketWait,11
1718906422.5,34.05,0.5188169326074377,0.5317111427857079,-0.01289421019193018,PreMarketWait,11
1718906422.75,34.05,0.5188169326074377,0.5330443400637199,-0.014227407470033341,PreMarketWait,11
1718906423.0,34.05,0.5188169326074377,0.5343608397392753,-0.015543907145680658,PreMarketWait,11
1718906423.25,34.05,0.5188169326074377,0.5356377111011752,-0.016820778507672197,PreMarketWait,11
1718906423.5,34.05,0.5188169326074377,0.5368517401533779,-0.018034807559964942,PreMarketWait,11
1718906423.75,34.05,0.5188169326074377,0.5379800101013166,-0.019163077507989755,PreMarketWait,11
1718906424.0,34.07,0.5596122491656175,0.5390004967349872,0.020611752416440705,PreMarketWait,11
1718906424.25,34.07,0.5596122491656175,0.5398926601464293,0.019719589004930385,PreMarketWait,11
1718906424.5,34.07,0.5596122491656175,0.5406380136926855,0.01897423545861821,PreMarketWait,11
1718906424.75,34.07,0.5596122491656175,0.5412206514187274,0.01839159773253279,PreMarketWait,11
1718906425.0,34.07,0.5596122491656175,0.5416277163222767,0.017984532828952807,PreMarketWait,11
1718906425.25,34.07,0.5596122491656175,0.541849793823569,0.017762455327642455,PreMarketWait,11
1718906425.5,34.07,0.5596122491656175,0.5418812174775907,0.017731031673615238,PreMarketWait,11
1718906425.75,34.07,0.5596122491656175,0.5417202771759543,0.01789197197525832,PreMarketWait,11
1718906426.0,34.07,0.5596122491656175,0.5413693236607497,0.018242925490481888,PreMarketWait,11
1718906426.25,34.07,0.5596122491656175,0.5408347669437431,0.018777482207519906,MarketGridChoice,11
1718906426.5,34.07,0.5596122491656175,0.5401269700231773,0.019485279128129515,MarketGridChoice,11
1718906426.75,34.07,0.5596122491656175,0.5392600429494004,0.02035220620196249,MarketGridChoice,11
1718906427.0,34.05,0.5188169326074377,0.5382515456407602,-0.019434613047508938,MarketGridChoice,11
1718906427.25,34.05,0.5188169326074377,0.5371221107243136,-0.01830517813098289,MarketGridChoice,11
1718906427.5,34.05,0.5188169326074377,0.5358949999154473,-0.017078067322027175,MarketGridChoice,11
1718906427.75,34.05,0.5188169326074377,0.5345956089381925,-0.01577867634467492,MarketGridChoice,11
1718906428.0,34.05,0.5188169326074377,0.5332509366757807,-0.014434004082160123,MarketGridChoice,11
1718906428.25,34.05,0.5188169326074377,0.5318890341653015,-0.013072101571574731,MarketGridChoice,11
1718906428.5,34.05,0.5188169326074377,0.5305384483154825,-0.011721515721649655,MarketGridChoice,11
1718906428.75,34.05,0.5188169326074377,0.5292276739704093,-0.010410741376474297,MarketGridChoice,11
1718906429.0,34.05,0.5188169326074377,0.5279846263071039,-0.009167693713073244,MarketGridChoice,11
1718906429.25,34.05,0.5188169326074377,0.5268361436754758,-0.008019211081357742,MarketGridChoice,11
1718906429.5,34.05,0.5188169326074377,0.525807528987426,-0.006990596393229954,MarketGridChoice,11
1718906429.75,34.05,0.5188169326074377,0.5249221357476933,-0.0061052031534300465,MarketGridChoice,11
1718906430.0,34.05,0.5188169326074377,0.5242010028903686,-0.005384070296050283,MarketGridChoice,11
1718906430.25,34.05,0.5188169326074377,0.5236625408285419,-0.004845608234182631,MarketGridChoice,11
1718906430.5,34.05,0.5188169326074377,0.5233222696165469,-0.004505337022162698,MarketGridChoice,11
1718906430.75,34.05,0.5188169326074377,0.5231926089316393,-0.004375676337247943,MarketGridChoice,11
1718906431.0,34.07,0.5596122491656175,0.5232827187632202,0.036329530389339115,MarketGridChoice,11
1718906431.25,34.07,0.5596122491656175,0.5235983893011792,0.03601385985134874,MarketGridChoice,11
1718906431.5,34.07,0.5596122491656175,0.5241419785672856,0.035470270585191845,MarketGridChoice,11
1718906431.75,34.07,0.5596122491656175,0.5249123968138445,0.034699852338564444,MarketGridChoice,11
1718906432.0,34.05,0.5188169326074377,0.5259051375222571,-0.007088204928113698,MarketGridChoice,11
1718906432.25,34.05,0.5188169326074377,0.5271123557817969,-0.008295423187755557,MarketGridChoice,11
1718906432.5,34.05,0.5188169326074377,0.5285229956685402,-0.009706063074616078,MarketGridChoice,11
1718906432.75,34.05,0.5188169326074377,0.5301229687337556,-0.0113060361399628,MarketGridChoice,11
1718906433.0,34.05,0.5188169326074377,0.5318953856764485,-0.013078453082800617,MarketGridChoice,11
1718906433.25,34.05,0.5188169326074377,0.5338208426416307,-0.015003910048141623,MarketGridChoice,11
1718906433.5,34.05,0.5188169326074377,0.5358777623685954,-0.01706082977527842,MarketGridChoice,11
1718906433.75,34.05,0.5188169326074377,0.5380427886839858,-0.019225856090853265,MarketGridChoice,11
1718906434.0,34.05,0.5188169326074377,0.5402912306962255,-0.021474298103288592,MarketGridChoice,11
1718906434.25,34.05,0.5188169326074377,0.5425975506244094,-0.023780618031678236,MarketGridChoice,11
1718906434.5,34.05,0.5188169326074377,0.5449358866276398,-0.026118954035124025,MarketGridChoice,11
1718906434.75,34.05,0.5188169326074377,0.5472805994505564,-0.028463666858264906,MarketGridChoice,11
1718906435.0,34.07,0.5596122491656175,0.5496068293475292,0.01000541980270974,MarketGridChoice,11
1718906435.25,34.07,0.5596122491656175,0.551891047788728,0.007721201361271406,MarketGridChoice,11
1718906435.5,34.07,0.5596122491656175,0.5541115870875915,0.005500662062162319,MarketGridChoice,11
1718906435.75,34.07,0.5596122491656175,0.5562491304995586,0.0033631186499459174,MarketGridChoice,11
1718906436.0,34.09,0.6004075657237972,0.55828714564787,0.042120420059564054,MarketGridChoice,11
1718906436.25,34.09,0.6004075657237972,0.5602122453793965,0.04019532032778976,MarketGridChoice,11
1718906436.5,34.09,0.6004075657237972,0.5620144623136071,0.03839310339333823,MarketGridChoice,11
1718906436.75,34.09,0.6004075657237972,0.5636874263240238,0.036720139382692044,MarketGridChoice,11
1718906437.0,34.07,0.5596122491656175,0.5652284378121922,-0.005616188663869134,MarketGridChoice,11
1718906437.25,34.07,0.5596122491656175,0.566638433652821,-0.0070261845046907904,MarketGridChoice,11
1718906437.5,34.07,0.5596122491656175,0.5679218468149491,-0.008309597666988282,MarketGridChoice,11
1718906437.75,34.07,0.5596122491656175,0.5690863646241492,-0.00947411547633111,MarketGridChoice,11
1718906438.0,34.09,0.6004075657237972,0.5701425942278406,0.03026497147804351,MarketGridChoice,11
1718906438.25,34.09,0.6004075657237972,0.5711036469634024,0.02930391874239814,MarketGridChoice,11
1718906438.5,34.09,0.6004075657237972,0.5719846559847932,0.028422909720953998,MarketGridChoice,11
1718906438.75,34.09,0.6004075657237972,0.5728022436677143,0.027605322038008768,MarketGridChoice,11
1718906439.0,34.05,0.5188169326074377,0.573573956926297,-0.054757024336930506,MarketGridChoice,11
1718906439.25,34.05,0.5188169326074377,0.5743176895035745,-0.055500756914180945,MarketGridChoice,11
1718906439.5,34.05,0.5188169326074377,0.5750511103762361,-0.05623417778679401,MarketGridChoice,11
1718906439.75,34.05,0.5188169326074377,0.5757911165270225,-0.05697418393751178,MarketGridChoice,11
1718906440.0,34.09,0.6004075657237972,0.5765533265178308,0.023854239188128817,MarketGridChoice,11
1718906440.25,34.09,0.6004075657237972,0.5773516287590813,0.02305593694698991,MarketGridChoice,11
1718906440.5,34.09,0.6004075657237972,0.5781977954615991,0.022209770244608185,MarketGridChoice,11
1718906440.75,34.09,0.6004075657237972,0.5791011703286422,0.021306395377726745,MarketGridChoice,11
1718906441.0,34.07,0.5596122491656175,0.5800684353349886,-0.02045618618661274,MarketGridChoice,11
1718906441.25,34.07,0.5596122491656175,0.5811034595153414,-0.021491210366755074,MarketGridChoice,11
1718906441.5,34.07,0.5596122491656175,0.5822072304827832,-0.022594981333965154,MarketGridChoice,11
1718906441.75,34.07,0.5596122491656175,0.5833778673200427,-0.023765618170975628,MarketGridChoice,11
1718906442.0,34.09,0.6004075657237972,0.584610711485099,0.01579685422240887,MarketGridChoice,11
1718906442.25,34.09,0.6004075657237972,0.5858984904929989,0.014509075214776488,MarketGridChoice,11
1718906442.5,34.09,0.6004075657237972,0.5872315474928161,0.013176018215227433,MarketGridChoice,11
1718906442.75,34.09,0.6004075657237972,0.5885981285778679,0.011809437130438662,MarketGridChoice,11
1718906443.0,34.09,0.6004075657237972,0.5899847188235368,0.010422846885021639,MarketGridChoice,11
1718906443.25,34.09,0.6004075657237972,0.5913764176366764,0.009031148072116994,MarketGridChoice,11
1718906443.5,34.09,0.6004075657237972,0.592757343954125,0.007650221754880251,MarketGridChoice,11
1718906443.75,34.09,0.6004075657237972,0.5941110620435242,0.006296503665664376,MarketGridChoice,11
1718906444.0,34.09,0.6004075657237972,0.5954210190314912,0.004986546677846929,MarketGridChoice,11
1718906444.25,34.09,0.6004075657237972,0.5966709857153724,0.003736579994077628,MarketGridChoice,11
1718906444.5,34.09,0.6004075657237972,0.5978454926208415,0.0025620730886794126,MarketGridChoice,11
1718906444.75,34.09,0.6004075657237972,0.5989302535767937,0.0014773121327554747,MarketGridChoice,11
1718906445.0,34.07,0.5596122491656175,0.5999125692323722,-0.04030032008101795,MarketGridChoice,11
1718906445.25,34.07,0.5596122491656175,0.6007817028954264,-0.04116945374413105,MarketGridChoice,11
1718906445.5,34.07,0.5596122491656175,0.601529220812282,-0.041916971661089146,MarketGridChoice,11
1718906445.75,34.07,0.5596122491656175,0.602149288575923,-0.042537039424874405,MarketGridChoice,11
1718906446.0,34.11,0.6412028822819624,0.6026389148713753,0.03856396739583619,MarketGridChoice,11
1718906446.25,34.11,0.6412028822819624,0.6029981334664257,0.03820474880057128,MarketGridChoice,11
1718906446.5,34.11,0.6412028822819624,0.6032301145086266,0.03797276775812965,MarketGridChoice,11
1718906446.75,34.11,0.6412028822819624,0.6033411970339286,0.037861685232566666,MarketGridChoice,11
1718906447.0,34.09,0.6004075657237972,0.6033408362330172,-0.0029332705249625717,MarketGridChoice,11
1718906447.25,34.09,0.6004075657237972,0.6032414613878192,-0.0028338956800492386,ForecastPage,11
1718906447.5,34.09,0.6004075657237972,0.6030582432763141,-0.0026506775688323065,ForecastPage,11
1718906447.75,34.09,0.6004075657237972,0.6028087729999463,-0.0024012072927499413,ForecastPage,11
1718906448.0,34.11,0.6412028822819624,0.6025126574112274,0.038690224853858285,ForecastPage,11
1718906448.25,34.11,0.6412028822819624,0.6021910394888657,0.03901184277595996,ForecastPage,11
1718906448.5,34.11,0.6412028822819624,0.6018660550631769,0.03933682720141006,ForecastPage,11
1718906448.75,34.11,0.6412028822819624,0.6015602401733132,0.039642642091061026,ForecastPage,11
1718906449.0,34.07,0.5596122491656175,0.6012959059149615,-0.04168365676711622,ForecastPage,11
1718906449.25,34.07,0.5596122491656175,0.601094499702504,-0.04148225055481247,ForecastPage,11
1718906449.5,34.07,0.5596122491656175,0.6009759731660707,-0.04136372401850188,ForecastPage,11
1718906449.75,34.07,0.5596122491656175,0.6009581772161847,-0.0413459280687057,ForecastPage,11
1718906450.0,34.09,0.6004075657237972,0.601056304058039,-0.000648738352434744,ForecastPage,11
1718906450.25,34.09,0.6004075657237972,0.6012823942228799,-0.0008748285172920298,ForecastPage,11
1718906450.5,34.09,0.6004075657237972,0.6016449242419672,-0.0012373585363544548,ForecastPage,11
1718906450.75,34.09,0.6004075657237972,0.6021484876993407,-0.0017409219936588144,ForecastPage,11
1718906451.0,34.09,0.6004075657237972,0.60279357929873,-0.0023860135929337205,ForecastPage,11
1718906451.25,34.09,0.6004075657237972,0.6035764884177435,-0.0031689227117881816,ForecastPage,11
1718906451.5,34.09,0.6004075657237972,0.6044893054741493,-0.004081739767992998,ForecastPage,11
1718906451.75,34.09,0.6004075657237972,0.605520041328635,-0.005112475622239607,ForecastPage,11
1718906452.0,34.09,0.6004075657237972,0.6066528569178558,-0.006245291211188267,ForecastPage,11
1718906452.25,34.09,0.6004075657237972,0.6078683973750982,-0.007460831668133378,ForecastPage,11
1718906452.5,34.09,0.6004075657237972,0.6091442220845702,-0.00873665637729248,ForecastPage,11
1718906452.75,34.09,0.6004075657237972,0.6104553194686255,-0.010047753761029529,ForecastPage,11
1718906453.0,34.09,0.6004075657237972,0.6117746928740619,-0.011367127166151195,ForecastPage,11
1718906453.25,34.09,0.6004075657237972,0.6130740017632275,-0.012666436055013199,ForecastPage,11
1718906453.5,34.09,0.6004075657237972,0.6143242405983865,-0.013916674889887185,ForecastPage,11
1718906453.75,34.09,0.6004075657237972,0.6154964364155853,-0.0150888707068254,ForecastPage,11
1718906454.0,34.11,0.6412028822819624,0.616562345210635,0.02464053705652069,ForecastPage,11
1718906454.25,34.11,0.6412028822819624,0.6174951270066004,0.023707755260751837,ForecastPage,11
1718906454.5,34.11,0.6412028822819624,0.6182699799361713,0.02293290233134028,ForecastPage,11
1718906454.75,34.11,0.6412028822819624,0.6188647149170869,0.022338167350545012,ForecastPage,11
1718906455.0,34.11,0.6412028822819624,0.619260254520416,0.02194262774729608,ForecastPage,11
1718906455.25,34.11,0.6412028822819624,0.6194410423419864,0.021761839925765192,ForecastPage,11
1718906455.5,34.11,0.6412028822819624,0.6193953524288838,0.021807529838866864,ForecastPage,11
1718906455.75,34.11,0.6412028822819624,0.6191154918903725,0.022087390377337434,ForecastPage,11
1718906456.0,34.09,0.6004075657237972,0.6185978935294405,-0.018190327819975427,ForecastPage,11
1718906456.25,34.09,0.6004075657237972,0.6178430989645705,-0.017435533255222308,ForecastPage,11
1718906456.5,34.09,0.6004075657237972,0.6168556360863393,-0.016448070377142347,ForecastPage,11
1718906456.75,34.09,0.6004075657237972,0.6156437976692085,-0.015236231960192479,ForecastPage,11
1718906457.0,34.11,0.6412028822819624,0.6142193304696351,0.026983551797341833,ForecastPage,11
1718906457.25,34.11,0.6412028822819624,0.6125970462068198,0.028605836059936936,ForecastPage,11
1718906457.5,34.11,0.6412028822819624,0.6107943675158154,0.030408514750713607,ForecastPage,11
1718906457.75,34.11,0.6412028822819624,0.6088308233490018,0.03237205891729982,ForecastPage,11
1718906458.0,34.07,0.5596122491656175,0.6067275093739725,-0.04711526022423528,ForecastPage,11
1718906458.25,34.07,0.5596122491656175,0.6045065295708312,-0.04489428042129921,ForecastPage,11
1718906458.5,34.07,0.5596122491656175,0.602190435307748,-0.04257818615840053,ForecastPage,11
1718906458.75,34.07,0.5596122491656175,0.5998016775363482,-0.04018942838715903,ForecastPage,11
1718906459.0,34.09,0.6004075657237972,0.5973620863851353,0.0030454793221058665,ForecastPage,11
1718906459.25,34.09,0.6004075657237972,0.5948923904872926,0.0055151752198557905,ForecastPage,11
1718906459.5,34.09,0.6004075657237972,0.592411786125136,0.007995779581957262,ForecastPage,11
1718906459.75,34.09,0.6004075657237972,0.5899375639967395,0.010470001710337452,ForecastPage,11
1718906460.0,34.09,0.6004075657237972,0.5874847993336535,0.012922766373446262,ForecastPage,11
1718906460.25,34.09,0.6004075657237972,0.585066109336228,0.01534145637093385,ForecastPage,11
1718906460.5,34.09,0.6004075657237972,0.5826914804586588,0.017716085248603766,ForecastPage,11
1718906460.75,34.09,0.6004075657237972,0.5803681669157503,0.0200393987916491,ForecastPage,11
1718906461.0,34.07,0.5596122491656175,0.5781006608044804,-0.01848841165509062,ForecastPage,11
1718906461.25,34.07,0.5596122491656175,0.5758907333199598,-0.016278484170371258,ForecastPage,11
1718906461.5,34.07,0.5596122491656175,0.5737375455754273,-0.014125296425616166,ForecastPage,11
1718906461.75,34.07,0.5596122491656175,0.5716378264101358,-0.01202557726008293,ForecastPage,11
1718906462.0,34.07,0.5596122491656175,0.5695861132445013,-0.009973864094191615,ForecastPage,11
1718906462.25,34.07,0.5596122491656175,0.5675750505483944,-0.007962801397815883,ForecastPage,11
1718906462.5,34.07,0.5596122491656175,0.56559573891311,-0.005983489762251911,ForecastPage,11
1718906462.75,34.07,0.5596122491656175,0.5636381261720065,-0.004025877020858344,ForecastPage,11
1718906463.0,34.07,0.5596122491656175,0.5616914306077945,-0.002079181456344662,ForecastPage,11
1718906463.25,34.07,0.5596122491656175,0.5597445851091647,-0.00013233595740072546,ForecastPage,11
1718906463.5,34.07,0.5596122491656175,0.5577866902705952,0.001825558881494676,ForecastPage,11
1718906463.75,34.07,0.5596122491656175,0.5558074639228645,0.0038047852295608198,ForecastPage,11
1718906464.0,34.07,0.5596122491656175,0.553797674475732,0.005814574677035072,ForecastPage,11
1718906464.25,34.07,0.5596122491656175,0.5517495457678453,0.00786270338526641,ForecastPage,11
1718906464.5,34.07,0.5596122491656175,0.5496571218532993,0.009955127300155197,ForecastPage,11
1718906464.75,34.07,0.5596122491656175,0.5475165812921279,0.012095667861664038,ForecastPage,11
1718906465.0,34.07,0.5596122491656175,0.5453264920174657,0.014285757136654961,ForecastPage,11
1718906465.25,34.07,0.5596122491656175,0.5430879996704921,0.01652424948394564,ForecastPage,11
1718906465.5,34.07,0.5596122491656175,0.5408049443516163,0.018807304803124255,ForecastPage,11
1718906465.75,34.07,0.5596122491656175,0.538483902939222,0.02112834621580436,ForecastPage,11
1718906466.0,34.05,0.5188169326074377,0.5361341563625416,-0.017317223765428925,ForecastPage,11
1718906466.25,34.05,0.5188169326074377,0.5337675833530504,-0.014950650755693084,ForecastPage,11
1718906466.5,34.05,0.5188169326074377,0.5313984841052201,-0.012581551507640919,ForecastPage,11
1718906466.75,34.05,0.5188169326074377,0.529043338842004,-0.010226406244226388,ForecastPage,11
1718906467.0,34.05,0.5188169326074377,0.5267205074490406,-0.007903574851087298,ForecastPage,11
1718906467.25,34.05,0.5188169326074377,0.5244498771321712,-0.00563294453406438,ForecastPage,11
1718906467.5,34.05,0.5188169326074377,0.5222524655395854,-0.0034355329413469516,ForecastPage,11
1718906467.75,34.05,0.5188169326074377,0.5201499870695203,-0.0013330544711718031,ForecastPage,11
1718906468.0,34.05,0.5188169326074377,0.5181643902487195,0.0006525423497180417,ForecastPage,11
1718906468.25,34.05,0.5188169326074377,0.5163173741898337,0.0024995584086724455,ForecastPage,11
1718906468.5,34.05,0.5188169326074377,0.5146298922710589,0.004187040327495754,ForecastPage,11
1718906468.75,34.05,0.5188169326074377,0.5131216513617447,0.005695281236838719,ForecastPage,11
1718906469.0,34.05,0.5188169326074377,0.5118106151572676,0.007006317441325078,ForecastPage,11
1718906469.25,34.05,0.5188169326074377,0.5107125204806789,0.008104412117903212,ForecastPage,11
1718906469.5,34.05,0.5188169326074377,0.5098404157360228,0.008976516862529477,ForecastPage,11
1718906469.75,34.05,0.5188169326074377,0.5092042310217595,0.009612701576744612,ForecastPage,11
1718906470.0,34.05,0.5188169326074377,0.5088103896815612,0.01000654291687842,ForecastPage,11
1718906470.25,34.05,0.5188169326074377,0.5086614712209143,0.010155461377447519,ForecastPage,11
1718906470.5,34.05,0.5188169326074377,0.5087559354784369,0.010060997119837578,ForecastPage,11
1718906470.75,34.05,0.5188169326074377,0.509087917629526,0.009729014968655693,ForecastPage,11
1718906471.0,34.03,0.4780216160492724,0.5096471029303283,-0.03162548689040576,ForecastPage,11
1718906471.25,34.03,0.4780216160492724,0.5104186889955854,-0.03239707295575395,ForecastPage,11
1718906471.5,34.03,0.4780216160492724,0.5113834417734806,-0.033361825733734383,ForecastPage,11
1718906471.75,34.03,0.4780216160492724,0.5125178492084828,-0.034496233168813,ForecastPage,11
1718906472.0,34.05,0.5188169326074377,0.5137943739243324,0.005022558673437132,ForecastPage,11
1718906472.25,34.05,0.5188169326074377,0.5151818032637969,0.003635129333919535,ForecastPage,11
1718906472.5,34.05,0.5188169326074377,0.5166456919080138,0.0021712406896628005,ForecastPage,11
1718906472.75,34.05,0.5188169326074377,0.5181488892932696,0.0006680433043796084,ForecastPage,11
1718906473.0,34.05,0.5188169326074377,0.5196521413229618,-0.000835208725329097,ForecastPage,11
1718906473.25,34.05,0.5188169326074377,0.5211147535348221,-0.002297820937197316,ForecastPage,11
1718906473.5,34.05,0.5188169326074377,0.5224953009606589,-0.0036783683630356454,ForecastPage,11
1718906473.75,34.05,0.5188169326074377,0.5237523684088935,-0.00493543581126736,ForecastPage,11
1718906474.0,34.05,0.5188169326074377,0.5248453038068785,-0.006028371209247168,ForecastPage,11
1718906474.25,34.05,0.5188169326074377,0.5257349665680793,-0.00691803397044205,ForecastPage,11
1718906474.5,34.05,0.5188169326074377,0.5263844527191668,-0.007567520121524335,ForecastPage,11
1718906474.75,34.05,0.5188169326074377,0.5267597787668181,-0.007942846169172058,ForecastPage,11
1718906475.0,34.07,0.5596122491656175,0.5268305070473432,0.0327817421084838,ForecastPage,11
1718906475.25,34.07,0.5596122491656175,0.5265702966339841,0.033041952521840764,ForecastPage,11
1718906475.5,34.07,0.5596122491656175,0.5259573658178321,0.03365488333798624,ForecastPage,11
1718906475.75,34.07,0.5596122491656175,0.5249748547307942,0.034637394425012014,ForecastPage,11
1718906476.0,34.05,0.5188169326074377,0.5236110797703387,-0.004794147172731186,ForecastPage,11
1718906476.25,34.05,0.5188169326074377,0.5218596749536463,-0.0030427423560653,ForecastPage,11
1718906476.5,34.05,0.5188169326074377,0.5197196189470156,-0.0009026863494694896,ForecastPage,11
1718906476.75,34.05,0.5188169326074377,0.5171951500527406,0.001621782544761613,ForecastPage,11
1718906477.0,34.05,0.5188169326074377,0.5142955747100604,0.004521357887389091,ForecastPage,11
1718906477.25,34.05,0.5188169326074377,0.5110349779762562,0.007781954621131265,MarketWaitPage,11
1718906477.5,34.05,0.5188169326074377,0.507431846956987,0.011385085640329005,MarketWaitPage,11
1718906477.75,34.05,0.5188169326074377,0.5035086202346356,0.015308312362599196,MarketWaitPage,11
1718906478.0,34.03,0.4780216160492724,0.4992911779765977,-0.021269561937619162,MarketWaitPage,11
1718906478.25,34.03,0.4780216160492724,0.4948082885493903,-0.016786672510511892,MarketWaitPage,11
1718906478.5,34.03,0.4780216160492724,0.49009102806339727,-0.012069412024627019,MarketWaitPage,11
1718906478.75,34.03,0.4780216160492724,0.48517218928246386,-0.0071505732438079325,MarketWaitPage,11
1718906479.0,34.03,0.4780216160492724,0.4800856957496275,-0.0020640797110894754,MarketWaitPage,11
1718906479.25,34.03,0.4780216160492724,0.47486603585695325,0.0031555801814662117,MarketWaitPage,11
1718906479.5,34.03,0.4780216160492724,0.4695477300122535,0.008473886026050422,MarketWaitPage,11
1718906479.75,34.03,0.4780216160492724,0.46416484211791664,0.013856773920278287,MarketWaitPage,11
1718906480.0,33.99,0.39643098293292744,0.458750544338608,-0.06231956141685785,MarketWaitPage,11
1718906480.25,33.99,0.39643098293292744,0.4533367416207533,-0.0569057586990928,MarketWaitPage,11
1718906480.5,33.99,0.39643098293292744,0.4479537596485231,-0.051522776726941895,MarketWaitPage,11
1718906480.75,33.99,0.39643098293292744,0.4426300969295471,-0.046199114008035565,MarketWaitPage,11
1718906481.0,34.03,0.4780216160492724,0.43739223865545357,0.040629377382342194,MarketWaitPage,11
1718906481.25,34.03,0.4780216160492724,0.4322645271640214,0.045757088873721936,MarketWaitPage,11
1718906481.5,34.03,0.4780216160492724,0.42726908160028715,0.0507525344374112,MarketWaitPage,11
1718906481.75,34.03,0.4780216160492724,0.4224257580424604,0.05559585799519972,MarketWaitPage,11
1718906482.0,34.0,0.4168286412120101,0.41775214106251085,-0.0009234998621449261,MarketWaitPage,11
1718906482.25,34.0,0.4168286412120101,0.41326355834528855,0.0035650828550514192,MarketWaitPage,11
1718906482.5,34.0,0.4168286412120101,0.4089731113305432,0.00785552986977667,MarketWaitPage,11
1718906482.75,34.0,0.4168286412120101,0.40489171653701894,0.01193692466328751,MarketWaitPage,11
1718906483.0,33.99,0.39643098293292744,0.40102815398357494,-0.004597171062356409,MarketWaitPage,11
1718906483.25,33.99,0.39643098293292744,0.39738912073724036,-0.0009581378160175222,MarketWaitPage,11
1718906483.5,33.99,0.39643098293292744,0.39397928897348966,0.0024516939477486933,MarketWaitPage,11
1718906483.75,33.99,0.39643098293292744,0.3908013689604048,0.005629613960862082,MarketWaitPage,11
1718906484.0,33.97,0.3556356663747477,0.3878561780328804,-0.03222051166975013,MarketWaitPage,11
1718906484.25,33.97,0.3556356663747477,0.385142716882908,-0.029507050519719077,MarketWaitPage,11
1718906484.5,33.97,0.3556356663747477,0.38265825435694656,-0.027022587993683067,MarketWaitPage,11
1718906484.75,33.97,0.3556356663747477,0.3803984214563047,-0.02476275509295059,MarketWaitPage,11
1718906485.0,33.99,0.39643098293292744,0.3783573144726188,0.018073668449022175,MarketWaitPage,11
1718906485.25,33.99,0.39643098293292744,0.37652760631356036,0.019903376608204723,RoundResultsPage,11
1718906485.5,33.99,0.39643098293292744,0.3749006642756923,0.02153031864621437,RoundResultsPage,11
1718906485.75,33.99,0.39643098293292744,0.3734666719705099,0.022964310951555236,RoundResultsPage,11
1718906486.0,33.97,0.3556356663747477,0.37221475289259337,-0.016579086528534064,RoundResultsPage,11
1718906486.25,33.97,0.3556356663747477,0.3711330932164668,-0.015497426852219828,RoundResultsPage,11
1718906486.5,33.97,0.3556356663747477,0.3702090617240483,-0.014573395359601362,RoundResultsPage,11
1718906486.75,33.97,0.3556356663747477,0.3694293251850161,-0.013793658820357877,RoundResultsPage,11
1718906487.0,33.99,0.39643098293292744,0.3687799579730232,0.02765102495003643,RoundResultsPage,11
1718906487.25,33.99,0.39643098293292744,0.36824654521094324,0.0281844377123474,RoundResultsPage,11
1718906487.5,33.99,0.39643098293292744,0.3678142793584484,0.028616703565080726,RoundResultsPage,11
1718906487.75,33.99,0.39643098293292744,0.3674680509366572,0.028962931987114863,RoundResultsPage,11
1718906488.0,33.97,0.3556356663747477,0.3671925350103495,-0.01155686864451385,RoundResultsPage,11
1718906488.25,33.97,0.3556356663747477,0.36697227600882415,-0.011336609642749625,RoundResultsPage,11
1718906488.5,33.97,0.3556356663747477,0.3667917742862173,-0.011156107919913484,RoundResultsPage,11
1718906488.75,33.97,0.3556356663747477,0.3666355783211422,-0.010999911954623335,RoundResultsPage,11
1718906489.0,33.97,0.3556356663747477,0.3664883865119445,-0.010852720145228945,RoundResultsPage,11
1718906489.25,33.97,0.3556356663747477,0.36633516210303635,-0.010699495736145627,RoundResultsPage,11
1718906489.5,33.97,0.3556356663747477,0.36616126392051757,-0.010525597553475678,RoundResultsPage,11
1718906489.75,33.97,0.3556356663747477,0.36595259438521877,-0.010316928018051695,RoundResultsPage,11
1718906490.0,33.97,0.3556356663747477,0.36569576480711546,-0.010060098439849924,RoundResultsPage,11
1718906490.25,33.97,0.3556356663747477,0.365378276347638,-0.009742609980300477,RoundResultsPage,11
1718906490.5,33.97,0.3556356663747477,0.36498871336539396,-0.009353046998009866,RoundResultsPage,11
1718906490.75,33.97,0.3556356663747477,0.364516944234082,-0.008881277866674444,RoundResultsPage,11
1718906491.0,33.97,0.3556356663747477,0.36395432323466625,-0.008318656867255761,RoundResultsPage,11
1718906491.25,33.97,0.3556356663747477,0.36329388587042477,-0.007658219503028573,RoundResultsPage,11
1718906491.5,33.97,0.3556356663747477,0.36253052902338523,-0.006894862656017303,RoundResultsPage,11
1718906491.75,33.97,0.3556356663747477,0.3616611668503009,-0.006025500482971614,RoundResultsPage,11
1718906492.0,33.99,0.39643098293292744,0.3606848532871723,0.03574612963829156,RoundResultsPage,11
1718906492.25,33.99,0.39643098293292744,0.3596028625658358,0.03682812035957983,RoundResultsPage,11
1718906492.5,33.99,0.39643098293292744,0.3584187202937899,0.038012262631577316,RoundResultsPage,11
1718906492.75,33.99,0.39643098293292744,0.3571381794068997,0.03929280351842108,RoundResultsPage,11
1718906493.0,33.97,0.3556356663747477,0.35576913758573425,-0.00013347121863636902,RoundResultsPage,11
1718906493.25,33.97,0.3556356663747477,0.3543214953427773,0.0013141710242812778,RoundResultsPage,11
1718906493.5,33.97,0.3556356663747477,0.35280695668089723,0.002828709686125721,RoundResultsPage,11
1718906493.75,33.97,0.3556356663747477,0.3512387767235817,0.004396889643409108,RoundResultsPage,11
1718906494.0,33.95,0.31484034981658243,0.34963146280470764,-0.0347911129959111,RoundResultsPage,11
1718906494.25,33.95,0.31484034981658243,0.3480004370412814,-0.03316008723251175,RoundResultsPage,11
1718906494.5,33.95,0.31484034981658243,0.34636166933896906,-0.03152131953022504,RoundResultsPage,11
1718906494.75,33.95,0.31484034981658243,0.3447312901149427,-0.02989094030622384,RoundResultsPage,11
1718906495.0,33.97,0.3556356663747477,0.3431251918632089,0.012510474503650296,RoundResultsPage,11
1718906495.25,33.97,0.3556356663747477,0.34155862821064076,0.014077038156193693,RoundResultsPage,11
1718906495.5,33.97,0.3556356663747477,0.34004581854061244,0.015589847826197795,RoundResultsPage,11
1718906495.75,33.97,0.3556356663747477,0.33859956580350636,0.017036100563280778,RoundResultsPage,11
1718906496.0,33.97,0.3556356663747477,0.33723089492110836,0.0184047714456576,RoundResultsPage,11
1718906496.25,33.97,0.3556356663747477,0.33594871925187625,0.019686947114870876,RiskPage1,11
1718906496.5,33.97,0.3556356663747477,0.3347595428509248,0.020876123515806172,RiskPage1,11
1718906496.75,33.97,0.3556356663747477,0.3336672066083628,0.021968459758354777,RiskPage1,11
1718906497.0,33.95,0.31484034981658243,0.3326726866286689,-0.017832336820127127,RiskPage1,11
1718906497.25,33.95,0.31484034981658243,0.3317739532557318,-0.01693360344719777,RiskPage1,11
1718906497.5,33.95,0.31484034981658243,0.3309658987911244,-0.016125548982595175,RiskPage1,11
1718906497.75,33.95,0.31484034981658243,0.3302403410688033,-0.015399991260275593,RiskPage1,11
1718906498.0,33.95,0.31484034981658243,0.32958610857732756,-0.014745758768798483,RiskPage1,11
1718906498.25,33.95,0.31484034981658243,0.3289892107848897,-0.01414886097635653,RiskPage1,11
1718906498.5,33.95,0.31484034981658243,0.3284330948166014,-0.013592745008061125,RiskPage1,11
1718906498.75,33.95,0.31484034981658243,0.32789898678825324,-0.01305863697970226,RiskPage1,11
1718906499.0,33.95,0.31484034981658243,0.3273663130566535,-0.01252596324808701,RiskPage1,11
1718906499.25,33.95,0.31484034981658243,0.3268131935415893,-0.011972843733001216,RiskPage1,11
1718906499.5,33.95,0.31484034981658243,0.32621699624100037,-0.011376646432382974,RiskPage1,11
1718906499.75,33.95,0.31484034981658243,0.3255549392262453,-0.010714589417588906,RiskPage1,11
1718906500.0,33.95,0.31484034981658243,0.32480472389030224,-0.009964374081595322,RiskPage1,11
1718906500.25,33.95,0.31484034981658243,0.32394518114506604,-0.009104831336295256,RiskPage1,11
1718906500.5,33.95,0.31484034981658243,0.3229569107358547,-0.008116560927005346,RiskPage1,11
1718906500.75,33.95,0.31484034981658243,0.32182289296726413,-0.006982543158321076,RiskPage1,11
1718906501.0,33.97,0.3556356663747477,0.32052905201324267,0.03510661435397487,RiskPage1,11
1718906501.25,33.97,0.3556356663747477,0.31906475070335577,0.03657091566398639,RiskPage2,11
1718906501.5,33.97,0.3556356663747477,0.31742319829937543,0.03821246806810574,RiskPage2,11
1718906501.75,33.97,0.3556356663747477,0.3156017553101715,0.040033911057461465,RiskPage2,11
1718906502.0,33.95,0.31484034981658243,0.3136021227585645,0.0012382270510652715,RiskPage2,11
1718906502.25,33.95,0.31484034981658243,0.31143040732926736,0.0034099424805319953,RiskPage2,11
1718906502.5,33.95,0.31484034981658243,0.3090970582351189,0.005743291574854606,RiskPage2,11
1718906502.75,33.95,0.31484034981658243,0.30661667616698335,0.00822367364316606,RiskPage2,11
1718906503.0,33.95,0.31484034981658243,0.30400769911280495,0.01083265069751877,RiskPage2,11
1718906503.25,33.95,0.31484034981658243,0.3012919739866431,0.013548375823849892,RiskPage2,11
1718906503.5,33.95,0.31484034981658243,0.29849422679990656,0.016346123010747192,RiskPage2,11
1718906503.75,33.95,0.31484034981658243,0.29564144745832593,0.019198902352476864,RiskPage2,11
1718906504.0,33.93,0.2740450332584027,0.29276220809747333,-0.018717174844715693,RiskPage2,11
1718906504.25,33.93,0.2740450332584027,0.28988593607822194,-0.015840902825345934,RiskPage2,11
1718906504.5,33.93,0.2740450332584027,0.28704216424483336,-0.0129971309918563,RiskPage2,11
1718906504.75,33.93,0.2740450332584027,0.28425978171459626,-0.010214748461535755,RiskPage2,11
1718906505.0,33.93,0.2740450332584027,0.281566308283138,-0.007521275030011265,RiskPage2,11
1718906505.25,33.93,0.2740450332584027,0.2789872145249008,-0.004942181271723783,RiskPage2,11
1718906505.5,33.93,0.2740450332584027,0.2765453079266184,-0.0025002746734054254,RiskPage2,11
1718906505.75,33.93,0.2740450332584027,0.2742602030141653,-0.00021516976092889745,RiskPage2,11
1718906506.0,33.91,0.2332497167002229,0.27214789051254185,-0.038898173817473444,RiskPage2,11
1718906506.25,33.91,0.2332497167002229,0.2702204171902657,-0.03697070049519641,RiskPage3,11
1718906506.5,33.91,0.2332497167002229,0.26848568425160024,-0.03523596755653996,RiskPage3,11
1718906506.75,33.91,0.2332497167002229,0.26694736804348534,-0.03369765134844275,RiskPage3,11
1718906507.0,33.93,0.2740450332584027,0.2656049625859295,0.008440070667268158,RiskPage3,11
1718906507.25,33.93,0.2740450332584027,0.26445393923259247,0.009591094020575848,RiskPage3,11
1718906507.5,33.93,0.2740450332584027,0.2634860148834179,0.010559018369718773,RiskPage3,11
1718906507.75,33.93,0.2740450332584027,0.26268951684839803,0.011355516404706993,RiskPage3,11
1718906508.0,33.93,0.2740450332584027,0.2620498298700585,0.01199520338301744,RiskPage3,11
1718906508.25,33.93,0.2740450332584027,0.26154990901865377,0.01249512423439793,RiskPage3,11
1718906508.5,33.93,0.2740450332584027,0.2611708411564021,0.012874192096632351,RiskPage3,11
1718906508.75,33.93,0.2740450332584027,0.26089243734959033,0.013152595903435704,RiskPage3,11
1718906509.0,33.93,0.2740450332584027,0.26069383888995035,0.013351194363077662,RiskPage3,11
1718906509.25,33.93,0.2740450332584027,0.26055412035935316,0.013490912893688308,RiskPage3,11
1718906509.5,33.93,0.2740450332584027,0.26045287431933994,0.01359215893372696,RiskPage3,11
1718906509.75,33.93,0.2740450332584027,0.26037076361029515,0.013674269642809073,RiskPage3,11
1718906510.0,33.91,0.2332497167002229,0.26029002878267826,-0.027040312087705458,RiskPage3,11
1718906510.25,33.91,0.2332497167002229,0.2601949397348109,-0.02694522303978026,RiskPage3,11
1718906510.5,33.91,0.2332497167002229,0.2600721820935991,-0.026822465398503487,RiskPage3,11
1718906510.75,33.91,0.2332497167002229,0.25991117018505927,-0.026661453489894366,RiskPage3,11
1718906511.0,33.93,0.2740450332584027,0.25970427961616827,0.014340753637247274,RiskPage3,11
1718906511.25,33.93,0.2740450332584027,0.25944699363300616,0.014598039620479484,RiskPage3,11
1718906511.5,33.93,0.2740450332584027,0.2591379586973607,0.014907074556192274,RiskPage3,11
1718906511.75,33.93,0.2740450332584027,0.25877894629860176,0.01526608695501403,RiskPage3,11
1718906512.0,33.93,0.2740450332584027,0.2583747199904433,0.015670313263228906,RiskPage3,11
1718906512.25,33.93,0.2740450332584027,0.2579328090219327,0.01611222423178792,RiskPage4,11
1718906512.5,33.93,0.2740450332584027,0.25746319264722584,0.016581840606533553,RiskPage4,11
1718906512.75,33.93,0.2740450332584027,0.25697790213052935,0.017067131123257313,RiskPage4,11
1718906513.0,33.93,0.2740450332584027,0.2564905504720689,0.017554482781731957,RiskPage4,11
1718906513.25,33.93,0.2740450332584027,0.25601580282173375,0.018029230432067042,RiskPage4,11
1718906513.5,33.93,0.2740450332584027,0.2555688032684278,0.018476229985357886,RiskPage4,11
1718906513.75,33.93,0.2740450332584027,0.2551645760401456,0.018880457213609956,RiskPage4,11
1718906514.0,33.91,0.2332497167002229,0.2548174209634122,-0.021567704267880905,RiskPage4,11
1718906514.25,33.91,0.2332497167002229,0.25454032415134137,-0.021290607455867486,RiskPage4,11
1718906514.5,33.91,0.2332497167002229,0.2543444051700096,-0.021094688474604044,RiskPage4,11
1718906514.75,33.91,0.2332497167002229,0.2542384212665849,-0.020988704571256102,RiskPage4,11
1718906515.0,33.91,0.2332497167002229,0.25422834759764595,-0.020978630902399972,RiskPage4,11
1718906515.25,33.91,0.2332497167002229,0.25431704983097464,-0.02106733313581548,RiskPage4,11
1718906515.5,33.91,0.2332497167002229,0.25450406214303456,-0.021254345447964583,RiskPage4,11
1718906515.75,33.91,0.2332497167002229,0.25478547967450077,-0.021535762979521172,RiskPage4,11
1718906516.0,33.91,0.2332497167002229,0.25515397013053115,-0.021904253435642576,RiskPage4,11
1718906516.25,33.91,0.2332497167002229,0.2555989046175787,-0.022349187922781427,RiskPage4,11
1718906516.5,33.91,0.2332497167002229,0.25610660319223694,-0.022856886497530628,RiskPage4,11
1718906516.75,33.91,0.2332497167002229,0.256660686159393,-0.023410969464776474,RiskPage4,11
1718906517.0,33.93,0.2740450332584027,0.257242518098511,0.016802515154198044,RiskPage4,11
1718906517.25,33.93,0.2740450332584027,0.2578317281194485,0.01621330513317766,PreMarketWait,12
1718906517.5,33.93,0.2740450332584027,0.2584067871413592,0.015638246111190725,PreMarketWait,12
1718906517.75,33.93,0.2740450332584027,0.2589456211984031,0.015099412054079393,PreMarketWait,12
1718906518.0,33.93,0.2740450332584027,0.2594262389794826,0.014618794272943221,PreMarketWait,12
1718906518.25,33.93,0.2740450332584027,0.25982735199282436,0.01421768125955722,PreMarketWait,12
1718906518.5,33.93,0.2740450332584027,0.26012896682386594,0.013916066428485484,PreMarketWait,12
1718906518.75,33.93,0.2740450332584027,0.26031293080099294,0.013732102451343865,PreMarketWait,12
1718906519.0,33.93,0.2740450332584027,0.2603634148606644,0.013681618391674224,PreMarketWait,12
1718906519.25,33.93,0.2740450332584027,0.2602673203743355,0.013777712878021996,PreMarketWait,12
1718906519.5,33.93,0.2740450332584027,0.2600146000304557,0.014030433221938182,PreMarketWait,12
1718906519.75,33.93,0.2740450332584027,0.25959848642441624,0.01444654682803148,PreMarketWait,12
1718906520.0,33.93,0.2740450332584027,0.2590156256679025,0.015029407584615977,PreMarketWait,12
1718906520.25,33.93,0.2740450332584027,0.25826611695725443,0.01577891629535024,PreMarketWait,12
1718906520.5,33.93,0.2740450332584027,0.25735346250772356,0.016691570744980518,PreMarketWait,12
1718906520.75,33.93,0.2740450332584027,0.25628443543406426,0.01776059781874913,PreMarketWait,12
1718906521.0,33.91,0.2332497167002229,0.25506887590129457,-0.021819159206545577,PreMarketWait,12
1718906521.25,33.91,0.2332497167002229,0.2537194280445598,-0.020469711349693658,PreMarketWait,12
1718906521.5,33.91,0.2332497167002229,0.2522512316354735,-0.019001514940492563,PreMarketWait,12
1718906521.75,33.91,0.2332497167002229,0.25068158316191613,-0.017431866466826713,PreMarketWait,12
1718906522.0,33.91,0.2332497167002229,0.2490295808651094,-0.015779864169921172,PreMarketWait,12
1718906522.25,33.91,0.2332497167002229,0.2473157674004327,-0.014066050705158085,PreMarketWait,12
1718906522.5,33.91,0.2332497167002229,0.24556178228117817,-0.012312065585831828,PreMarketWait,12
1718906522.75,33.91,0.2332497167002229,0.24379003428263948,-0.01054031758723761,PreMarketWait,12
1718906523.0,33.91,0.2332497167002229,0.2420234016852868,-0.008773684989846497,PreMarketWait,12
1718906523.25,33.91,0.2332497167002229,0.2402849657665302,-0.007035249071068877,PreMarketWait,12
1718906523.5,33.91,0.2332497167002229,0.2385977804415604,-0.005348063746095418,PreMarketWait,12
1718906523.75,33.91,0.2332497167002229,0.2369846785197192,-0.0037349618242674618,PreMarketWait,12
1718906524.0,33.91,0.2332497167002229,0.23546811278225055,-0.0022183960868282174,PreMarketWait,12
1718906524.25,33.91,0.2332497167002229,0.23407002808235514,-0.0008203113869769971,MarketGridChoice,12
1718906524.5,33.91,0.2332497167002229,0.23281175898548864,0.0004379577098322209,MarketGridChoice,12
1718906524.75,33.91,0.2332497167002229,0.23171394615760263,0.001535770537650007,MarketGridChoice,12
1718906525.0,33.91,0.2332497167002229,0.23079646380751057,0.0024532528876651163,MarketGridChoice,12
1718906525.25,33.91,0.2332497167002229,0.23007835001886517,0.0031713666762270146,MarketGridChoice,12
1718906525.5,33.91,0.2332497167002229,0.22957773177663907,0.003671984918365071,MarketGridChoice,12
1718906525.75,33.91,0.2332497167002229,0.22931173690029105,0.003937979794622212,MarketGridChoice,12
1718906526.0,33.91,0.2332497167002229,0.2292963859287345,0.00395333076608639,MarketGridChoice,12
1718906526.25,33.91,0.2332497167002229,0.2295464582402234,0.00370325845450465,MarketGridChoice,12
1718906526.5,33.91,0.2332497167002229,0.2300753283062589,0.0031743883883767286,MarketGridChoice,12
1718906526.75,33.91,0.2332497167002229,0.2308947699410476,0.002354946753496725,MarketGridChoice,12
1718906527.0,33.93,0.2740450332584027,0.23201472868269504,0.04203030456993958,MarketGridChoice,12
1718906527.25,33.93,0.2740450332584027,0.23344306499128353,0.04060196826126439,MarketGridChoice,12
1718906527.5,33.93,0.2740450332584027,0.23518527372010722,0.038859759532357686,MarketGridChoice,12
1718906527.75,33.93,0.2740450332584027,0.23724418821790955,0.03680084503447696,MarketGridChoice,12
1718906528.0,33.91,0.2332497167002229,0.2396196802903026,-0.006369963596168739,MarketGridChoice,12
1718906528.25,33.91,0.2332497167002229,0.24230836984651152,-0.009058653152444533,MarketGridChoice,12
1718906528.5,33.91,0.2332497167002229,0.2453033600940652,-0.012053643400058309,MarketGridChoice,12
1718906528.75,33.91,0.2332497167002229,0.2485940153462335,-0.01534429865227908,MarketGridChoice,12
1718906529.0,33.91,0.2332497167002229,0.25216579868266603,-0.018916081988755898,MarketGridChoice,12
1718906529.25,33.91,0.2332497167002229,0.2560001857727253,-0.022750469078851046,MarketGridChoice,12
1718906529.5,33.91,0.2332497167002229,0.2600746691560917,-0.02682495246224552,MarketGridChoice,12
1718906529.75,33.91,0.2332497167002229,0.2643628642714786,-0.03111314757765372,MarketGridChoice,12
1718906530.0,33.91,0.2332497167002229,0.26883472467414327,-0.03558500798033397,MarketGridChoice,12
1718906530.25,33.91,0.2332497167002229,0.2734568693655795,-0.04020715267178135,MarketGridChoice,12
1718906530.5,33.91,0.2332497167002229,0.2781930201894988,-0.0449433034957086,MarketGridChoice,12
1718906530.75,33.91,0.2332497167002229,0.28300454207984327,-0.04975482538605907,MarketGridChoice,12
1718906531.0,33.95,0.31484034981658243,0.2878510738709705,0.026989275939168084,MarketGridChoice,12
1718906531.25,33.95,0.31484034981658243,0.29269123272306674,0.022149117087066517,MarketGridChoice,12
1718906531.5,33.95,0.31484034981658243,0.2974833713122993,0.017356978497827164,MarketGridChoice,12
1718906531.75,33.95,0.31484034981658243,0.30218636407473576,0.012653985735380659,MarketGridChoice,12
1718906532.0,33.95,0.31484034981658243,0.30676039715341097,0.008079952656690308,MarketGridChoice,12
1718906532.25,33.95,0.31484034981658243,0.31116773631419076,0.003672613495888953,MarketGridChoice,12
1718906532.5,33.95,0.31484034981658243,0.3153734478918562,-0.0005330980818057801,MarketGridChoice,12
1718906532.75,33.95,0.31484034981658243,0.3193460496816988,-0.0045056998716867455,MarketGridChoice,12
1718906533.0,33.99,0.39643098293292744,0.32305807149168225,0.07337291143462657,MarketGridChoice,12
1718906533.25,33.99,0.39643098293292744,0.3264865087310957,0.06994447419515443,MarketGridChoice,12
1718906533.5,33.99,0.39643098293292744,0.3296131568553266,0.06681782607085403,MarketGridChoice,12
1718906533.75,33.99,0.39643098293292744,0.3324248195842743,0.06400616334182588,MarketGridChoice,12
1718906534.0,33.95,0.31484034981658243,0.3349133893166796,-0.02007303950701629,MarketGridChoice,12
1718906534.25,33.95,0.31484034981658243,0.33707580368131135,-0.022235453871751687,MarketGridChoice,12
1718906534.5,33.95,0.31484034981658243,0.33891388721462606,-0.02407353740518163,MarketGridChoice,12
1718906534.75,33.95,0.31484034981658243,0.3404340912783481,-0.02559374146903027,MarketGridChoice,12
1718906535.0,33.95,0.31484034981658243,0.34164714822343994,-0.026806798414259453,MarketGridChoice,12
1718906535.25,33.95,0.31484034981658243,0.34256765736637124,-0.027727307557337842,MarketGridChoice,12
1718906535.5,33.95,0.31484034981658243,0.3432136206423662,-0.028373270833487802,MarketGridChoice,12
1718906535.75,33.95,0.31484034981658243,0.34360594501780634,-0.028765595209088387,MarketGridChoice,12
1718906536.0,33.95,0.31484034981658243,0.3437679271073835,-0.028927577298829187,MarketGridChoice,12
1718906536.25,33.95,0.31484034981658243,0.34372473319705393,-0.028884383388664,MarketGridChoice,12
1718906536.5,33.95,0.31484034981658243,0.34350288527699413,-0.02866253546876731,MarketGridChoice,12
1718906536.75,33.95,0.31484034981658243,0.3431297610015547,-0.0282894111934876,MarketGridChoice,12
1718906537.0,33.99,0.39643098293292744,0.3426331129807519,0.05379786994350565,MarketGridChoice,12
1718906537.25,33.99,0.39643098293292744,0.3420406107296349,0.054390372194474686,MarketGridChoice,12
1718906537.5,33.99,0.39643098293292744,0.34137940718382237,0.05505157574014641,MarketGridChoice,12
1718906537.75,33.99,0.39643098293292744,0.3406757310665264,0.055755251857309195,MarketGridChoice,12
1718906538.0,33.95,0.31484034981658243,0.3399545065407428,-0.025114156733377933,MarketGridChoice,12
1718906538.25,33.95,0.31484034981658243,0.3392390022919467,-0.02439865248470037,MarketGridChoice,12
1718906538.5,33.95,0.31484034981658243,0.3385505131255743,-0.02371016331843961,MarketGridChoice,12
1718906538.75,33.95,0.31484034981658243,0.3379080779879397,-0.023067728180909502,MarketGridChoice,12
1718906539.0,33.97,0.3556356663747477,0.3373282388032333,0.018307427561865656,MarketGridChoice,12
1718906539.25,33.97,0.3556356663747477,0.33682484460691897,0.018810821758093142,MarketGridChoice,12
1718906539.5,33.97,0.3556356663747477,0.3364089052235204,0.01922676114141652,MarketGridChoice,12
1718906539.75,33.97,0.3556356663747477,0.33608849829922877,0.019547168065646763,MarketGridChoice,12
1718906540.0,33.95,0.31484034981658243,0.3358687329216561,-0.02102838311499122,MarketGridChoice,12
1718906540.25,33.95,0.31484034981658243,0.3357517723172844,-0.020911422510646524,MarketGridChoice,12
1718906540.5,33.95,0.31484034981658243,0.33573691712339565,-0.020896567316763752,MarketGridChoice,12
1718906540.75,33.95,0.31484034981658243,0.33582074939340234,-0.020980399586753434,MarketGridChoice,12
1718906541.0,33.95,0.31484034981658243,0.33599733577886287,-0.021156985972172374,MarketGridChoice,12
1718906541.25,33.95,0.31484034981658243,0.3362584862923569,-0.021418136485599214,MarketGridChoice,12
1718906541.5,33.95,0.31484034981658243,0.3365940628237606,-0.021753713016909725,MarketGridChoice,12
1718906541.75,33.95,0.31484034981658243,0.3369923293336861,-0.022151979526716367,MarketGridChoice,12
1718906542.0,33.97,0.3556356663747477,0.3374403335744045,0.018195332790874208,MarketGridChoice,12
1718906542.25,33.97,0.3556356663747477,0.33792430848448257,0.017711357880962796,MarketGridChoice,12
1718906542.5,33.97,0.3556356663747477,0.3384300802486169,0.01720558611701543,MarketGridChoice,12
1718906542.75,33.97,0.3556356663747477,0.3389434695470855,0.016692196818751327,MarketGridChoice,12
1718906543.0,33.97,0.3556356663747477,0.33945067280368113,0.016184993562374538,MarketGridChoice,12
1718906543.25,33.97,0.3556356663747477,0.3399386112510558,0.015697055115230077,MarketGridChoice,12
1718906543.5,33.97,0.3556356663747477,0.34039523726845183,0.015240429098072527,MarketGridChoice,12
1718906543.75,33.97,0.3556356663747477,0.3408097895691267,0.014825876797641165,MarketGridChoice,12
1718906544.0,33.97,0.3556356663747477,0.34117299127157924,0.014462675095433237,MarketGridChoice,12
1718906544.25,33.97,0.3556356663747477,0.34147718752901735,0.014158478838236278,MarketGridChoice,12
1718906544.5,33.97,0.3556356663747477,0.34171642206846714,0.013919244299019645,MarketGridChoice,12
1718906544.75,33.97,0.3556356663747477,0.341886454561751,0.013749211805956235,MarketGridChoice,12
1718906545.0,33.95,0.31484034981658243,0.3419847230766378,-0.027144373266892775,MarketGridChoice,12
1718906545.25,33.95,0.31484034981658243,0.3420102578061783,-0.027169907996251862,ForecastPage,12
1718906545.5,33.95,0.31484034981658243,0.3419635537354876,-0.027123203925405105,ForecastPage,12
1718906545.75,33.95,0.31484034981658243,0.34184641081274464,-0.027006061002533926,ForecastPage,12
1718906546.0,33.97,0.3556356663747477,0.3416617505589426,0.013973915809532167,ForecastPage,12
1718906546.25,33.97,0.3556356663747477,0.3414134179838705,0.014222248384672884,ForecastPage,12
1718906546.5,33.97,0.3556356663747477,0.34110597734044784,0.014529689028133772,ForecastPage,12
1718906546.75,33.97,0.3556356663747477,0.3407445098119914,0.01489115655659844,ForecastPage,12
1718906547.0,33.97,0.3556356663747477,0.34033442079093923,0.01530124557762903,ForecastPage,12
1718906547.25,33.97,0.3556356663747477,0.33988126398499885,0.01575440238351859,ForecastPage,12
1718906547.5,33.97,0.3556356663747477,0.33939058910960856,0.016245077258829992,ForecastPage,12
1718906547.75,33.97,0.3556356663747477,0.3388678192785728,0.01676784708976033,ForecastPage,12
1718906548.0,33.93,0.2740450332584027,0.33831816325299724,-0.06427313000113927,ForecastPage,12
1718906548.25,33.93,0.2740450332584027,0.3377465663174135,-0.0637015330657079,ForecastPage,12
1718906548.5,33.93,0.2740450332584027,0.33715770161538977,-0.06311266836385551,ForecastPage,12
1718906548.75,33.93,0.2740450332584027,0.33655600127385327,-0.06251096802250569,ForecastPage,12
1718906549.0,33.97,0.3556356663747477,0.335945723705333,0.019689942662161966,ForecastPage,12
1718906549.25,33.97,0.3556356663747477,0.33533105040482397,0.02030461596246723,ForecastPage,12
1718906549.5,33.97,0.3556356663747477,0.3347162027749039,0.0209194635921818,ForecastPage,12
1718906549.75,33.97,0.3556356663747477,0.33410556743556175,0.021530098931320518,ForecastPage,12
1718906550.0,33.97,0.3556356663747477,0.33350381739209845,0.02213184897458558,ForecastPage,12
1718906550.25,33.97,0.3556356663747477,0.3329160164479445,0.022719649918548603,ForecastPage,12
1718906550.5,33.97,0.3556356663747477,0.33234769530066904,0.023287971065641934,ForecastPage,12
1718906550.75,33.97,0.3556356663747477,0.3318048896952362,0.02383077667090316,ForecastPage,12
1718906551.0,33.97,0.3556356663747477,0.33129413363599386,0.024341532729985724,ForecastPage,12
1718906551.25,33.97,0.3556356663747477,0.33082240377225397,0.024813262593578977,ForecastPage,12
1718906551.5,33.97,0.3556356663747477,0.33039701445976377,0.025238651905937035,ForecastPage,12
1718906551.75,33.97,0.3556356663747477,0.3300254664447761,0.025610199920808402,ForecastPage,12
1718906552.0,33.95,0.31484034981658243,0.3297152553970731,-0.014874905589753212,ForecastPage,12
1718906552.25,33.95,0.31484034981658243,0.32947364941049073,-0.014633299603252391,ForecastPage,12
1718906552.5,33.95,0.31484034981658243,0.32930744688395114,-0.014467097076776046,ForecastPage,12
1718906552.75,33.95,0.31484034981658243,0.32922272772320804,-0.014382377916077917,ForecastPage,12
1718906553.0,33.95,0.31484034981658243,0.32922461146863496,-0.014384261661532003,ForecastPage,12
1718906553.25,33.95,0.31484034981658243,0.3293170357535407,-0.014476685946447961,ForecastPage,12
1718906553.5,33.95,0.31484034981658243,0.3295025675027082,-0.014662217695609825,ForecastPage,12
1718906553.75,33.95,0.31484034981658243,0.32978225760729735,-0.014941907800179123,ForecastPage,12
1718906554.0,33.95,0.31484034981658243,0.3301555475911139,-0.01531519778396343,ForecastPage,12
1718906554.25,33.95,0.31484034981658243,0.3306202341494786,-0.015779884342286138,ForecastPage,12
1718906554.5,33.95,0.31484034981658243,0.33117249453177344,-0.016332144724532156,ForecastPage,12
1718906554.75,33.95,0.31484034981658243,0.3318069726901478,-0.01696662288285431,ForecastPage,12
1718906555.0,33.95,0.31484034981658243,0.3325169230704274,-0.017676573263081682,ForecastPage,12
1718906555.25,33.95,0.31484034981658243,0.3332944060210033,-0.018454056213608475,ForecastPage,12
1718906555.5,33.95,0.31484034981658243,0.334130526189723,-0.019290176382284804,ForecastPage,12
1718906555.75,33.95,0.31484034981658243,0.33501570312097867,-0.020175353313504556,ForecastPage,12
1718906556.0,33.99,0.39643098293292744,0.3359399617138111,0.060491021210035,ForecastPage,12
1718906556.25,33.99,0.39643098293292744,0.3368932294145494,0.05953775350931319,ForecastPage,12
1718906556.5,33.99,0.39643098293292744,0.33786562712558216,0.05856535579828512,ForecastPage,12
1718906556.75,33.99,0.39643098293292744,0.3388477418650464,0.05758324105881224,ForecastPage,12
1718906557.0,33.95,0.31484034981658243,0.3398308711129599,-0.02499052130546943,ForecastPage,12
1718906557.25,33.95,0.31484034981658243,0.3408072312585201,-0.02596688145106757,ForecastPage,12
1718906557.5,33.95,0.31484034981658243,0.341770125237942,-0.026929775430541744,ForecastPage,12
1718906557.75,33.95,0.31484034981658243,0.3427140669482491,-0.02787371714091405,ForecastPage,12
1718906558.0,33.97,0.3556356663747477,0.3436348620972425,0.012000804268181706,ForecastPage,12
1718906558.25,33.97,0.3556356663747477,0.34452964674621467,0.011106019619124968,ForecastPage,12
1718906558.5,33.97,0.3556356663747477,0.3453968860103659,0.01023878035488347,ForecastPage,12
1718906558.75,33.97,0.3556356663747477,0.3462363363463995,0.009399330018756875,ForecastPage,12
1718906559.0,33.97,0.3556356663747477,0.34704897568563153,0.008586690679432529,ForecastPage,12
1718906559.25,33.97,0.3556356663747477,0.3478369063946349,0.0077987599703411275,ForecastPage,12
1718906559.5,33.97,0.3556356663747477,0.34860323662541387,0.007032429739481793,ForecastPage,12
1718906559.75,33.97,0.3556356663747477,0.34935194597829605,0.006283720386530281,ForecastPage,12
1718906560.0,33.95,0.31484034981658243,0.3500877414595418,-0.035247391652936326,ForecastPage,12
1718906560.25,33.95,0.31484034981658243,0.35081590939613033,-0.03597555958956478,ForecastPage,12
1718906560.5,33.95,0.31484034981658243,0.3515421682200553,-0.036701818413512895,ForecastPage,12
1718906560.75,33.95,0.31484034981658243,0.35227252585335966,-0.03743217604682345,ForecastPage,12
1718906561.0,33.97,0.3556356663747477,0.3530131438974394,0.002622522467272126,ForecastPage,12
1718906561.25,33.97,0.3556356663747477,0.3537702091371641,0.001865457227572205,ForecastPage,12
1718906561.5,33.97,0.3556356663747477,0.35454981126164536,0.0010858551031283116,ForecastPage,12
1718906561.75,33.97,0.3556356663747477,0.3553578244354264,0.00027784192939443036,ForecastPage,12
1718906562.0,33.99,0.39643098293292744,0.3561997896280175,0.040231193295037646,ForecastPage,12
1718906562.25,33.99,0.39643098293292744,0.3570807945408631,0.039350188382251815,ForecastPage,12
1718906562.5,33.99,0.39643098293292744,0.35800534858648425,0.03842563433669358,ForecastPage,12
1718906562.75,33.99,0.39643098293292744,0.35897725162024663,0.03745373130299519,ForecastPage,12
1718906563.0,33.97,0.3556356663747477,0.35999945685966644,-0.004363790494541497,ForecastPage,12
1718906563.25,33.97,0.3556356663747477,0.36107393042227864,-0.005438264057094206,ForecastPage,12
1718906563.5,33.97,0.3556356663747477,0.36220151189028593,-0.006565845525047194,ForecastPage,12
1718906563.75,33.97,0.3556356663747477,0.3633817819965895,-0.00774611563130319,ForecastPage,12
1718906564.0,33.97,0.3556356663747477,0.36461294472096095,-0.00897727835563498,ForecastPage,12
1718906564.25,33.97,0.3556356663747477,0.3658917316851937,-0.010256065319836954,ForecastPage,12
1718906564.5,33.97,0.3556356663747477,0.3672133367279991,-0.011577670362622357,ForecastPage,12
1718906564.75,33.97,0.3556356663747477,0.36857138796526606,-0.01293572159988233,ForecastPage,12
1718906565.0,33.97,0.3556356663747477,0.36995796356788085,-0.014322297202505581,ForecastPage,12
1718906565.25,33.97,0.3556356663747477,0.37136365600160254,-0.01572798963625359,ForecastPage,12
1718906565.5,33.97,0.3556356663747477,0.37277768766773645,-0.01714202130243417,ForecastPage,12
1718906565.75,33.97,0.3556356663747477,0.3741880788680485,-0.018552412502815627,ForecastPage,12
1718906566.0,33.99,0.39643098293292744,0.37558186691322903,0.020849116010089177,ForecastPage,12
1718906566.25,33.99,0.39643098293292744,0.37694537313108073,0.019485609792116262,ForecastPage,12
1718906566.5,33.99,0.39643098293292744,0.3782645126345598,0.018166470288488723,ForecastPage,12
1718906566.75,33.99,0.39643098293292744,0.37952514007536864,0.016905842847504682,ForecastPage,12
1718906567.0,33.97,0.3556356663747477,0.38071342326579577,-0.02507775690130292,ForecastPage,12
1718906567.25,33.97,0.3556356663747477,0.3818162354525763,-0.026180569088307855,ForecastPage,12
1718906567.5,33.97,0.3556356663747477,0.38282155607556767,-0.027185889711544287,ForecastPage,12
1718906567.75,33.97,0.3556356663747477,0.3837188689570061,-0.02808320259324426,ForecastPage,12
1718906568.0,33.99,0.39643098293292744,0.38449954603265013,0.01193143688901847,ForecastPage,12
1718906568.25,33.99,0.39643098293292744,0.3851572040400683,0.011273778881321866,ForecastPage,12
1718906568.5,33.99,0.39643098293292744,0.38568802117868367,0.010742961742429166,ForecastPage,12
1718906568.75,33.99,0.39643098293292744,0.3860910008172137,0.010339982103629328,ForecastPage,12
1718906569.0,33.99,0.39643098293292744,0.3863681699600091,0.010062812960577983,ForecastPage,12
1718906569.25,33.99,0.39643098293292744,0.3865247014248796,0.009906281495471899,ForecastPage,12
1718906569.5,33.99,0.39643098293292744,0.3865689504900498,0.00986203243009282,ForecastPage,12
1718906569.75,33.99,0.39643098293292744,0.3865123990559756,0.00991858386399095,ForecastPage,12
1718906570.0,33.99,0.39643098293292744,0.38636950304497847,0.010061479874850121,ForecastPage,12
1718906570.25,33.99,0.39643098293292744,0.38615744173306654,0.0102735411866666,ForecastPage,12
1718906570.5,33.99,0.39643098293292744,0.3858957708801304,0.010535212039553253,ForecastPage,12
1718906570.75,33.99,0.39643098293292744,0.3856059848037039,0.010824998115978883,ForecastPage,12
1718906571.0,33.99,0.39643098293292744,0.38531099583407674,0.011119987085654934,ForecastPage,12
1718906571.25,33.99,0.39643098293292744,0.3850345428000158,0.011396440119813627,ForecastPage,12
1718906571.5,33.99,0.39643098293292744,0.3848005432282155,0.011630439691757697,ForecastPage,12
1718906571.75,33.99,0.39643098293292744,0.3846324066971811,0.011798576222977608,ForecastPage,12
1718906572.0,33.99,0.39643098293292744,0.38455232916644333,0.011878653753936829,ForecastPage,12
1718906572.25,33.99,0.39643098293292744,0.38458059000121175,0.011850392919418817,ForecastPage,12
1718906572.5,33.99,0.39643098293292744,0.38473487472489515,0.011696108196006576,ForecastPage,12
1718906572.75,33.99,0.39643098293292744,0.38502964714954047,0.01140133577164352,ForecastPage,12
1718906573.0,33.97,0.3556356663747477,0.3854755943484031,-0.029839927985115575,ForecastPage,12
1718906573.25,33.97,0.3556356663747477,0.386079166840008,-0.030443500476446193,ForecastPage,12
1718906573.5,33.97,0.3556356663747477,0.3868422342608468,-0.03120656789702919,ForecastPage,12
1718906573.75,33.97,0.3556356663747477,0.3877618736721637,-0.03212620730811683,ForecastPage,12
1718906574.0,33.97,0.3556356663747477,0.3888303035139717,-0.033194637149728826,ForecastPage,12
1718906574.25,33.97,0.3556356663747477,0.3900349712233443,-0.034399304858943755,ForecastPage,12
1718906574.5,33.97,0.3556356663747477,0.3913587968947189,-0.035723130530202526,ForecastPage,12
1718906574.75,33.97,0.3556356663747477,0.39278056934973765,-0.037144902985149005,ForecastPage,12
1718906575.0,33.99,0.39643098293292744,0.39427548490019637,0.002155498022601149,ForecastPage,12
1718906575.25,33.99,0.39643098293292744,0.3958158132369677,0.0006151696858179012,MarketWaitPage,12
1718906575.5,33.99,0.39643098293292744,0.3973716695619877,-0.0009406866392512436,MarketWaitPage,12
1718906575.75,33.99,0.39643098293292744,0.39891186756870106,-0.0024808846460461003,MarketWaitPage,12
1718906576.0,33.99,0.39643098293292744,0.4004048243727994,-0.0039738414502532874,MarketWaitPage,12
1718906576.25,33.99,0.39643098293292744,0.401819486123615,-0.005388503201199954,MarketWaitPage,12
1718906576.5,33.99,0.39643098293292744,0.4031262418470304,-0.006695258924763178,MarketWaitPage,12
1718906576.75,33.99,0.39643098293292744,0.40429779311266695,-0.007866810190558647,MarketWaitPage,12
1718906577.0,34.03,0.4780216160492724,0.4053099484073784,0.07271166763091108,MarketWaitPage,12
1718906577.25,34.03,0.4780216160492724,0.4061423136620783,0.07187930237604849,MarketWaitPage,12
1718906577.5,34.03,0.4780216160492724,0.40677885422708315,0.0712427618108873,MarketWaitPage,12
1718906577.75,34.03,0.4780216160492724,0.40720830865247554,0.07081330738534883,MarketWaitPage,12
1718906578.0,33.99,0.39643098293292744,0.4074244406897158,-0.010993457768369297,MarketWaitPage,12
1718906578.25,33.99,0.39643098293292744,0.4074261226032749,-0.010995139682046504,RoundResultsPage,12
1718906578.5,33.99,0.39643098293292744,0.40721724966571354,-0.01078626674458702,RoundResultsPage,12
1718906578.75,33.99,0.39643098293292744,0.4068064921114769,-0.01037550919043495,RoundResultsPage,12
1718906579.0,33.99,0.39643098293292744,0.4062068964754793,-0.009775913554504289,RoundResultsPage,12
1718906579.25,33.99,0.39643098293292744,0.40543535295609084,-0.009004370035165405,RoundResultsPage,12
1718906579.5,33.99,0.39643098293292744,0.4045119491877113,-0.008080966266818576,RoundResultsPage,12
1718906579.75,33.99,0.39643098293292744,0.4034592336424349,-0.007028250721559406,RoundResultsPage,12
1718906580.0,34.0,0.4168286412120101,0.402301413889687,0.014527227310267728,RoundResultsPage,12
1718906580.25,34.0,0.4168286412120101,0.40106351621363084,0.015765124986332427,RoundResultsPage,12
1718906580.5,34.0,0.4168286412120101,0.3997705336924962,0.0170581075074862,RoundResultsPage,12
1718906580.75,34.0,0.4168286412120101,0.3984465898229762,0.018382051377034653,RoundResultsPage,12
1718906581.0,33.97,0.3556356663747477,0.397114144119652,-0.041478477756866874,RoundResultsPage,12
1718906581.25,33.97,0.3556356663747477,0.3957932647753891,-0.04015759841255997,RoundResultsPage,12
1718906581.5,33.97,0.3556356663747477,0.3945009913499556,-0.03886532498707569,RoundResultsPage,12
1718906581.75,33.97,0.3556356663747477,0.39325080750972674,-0.03761514114678953,RoundResultsPage,12
1718906582.0,33.99,0.39643098293292744,0.3920522401165528,0.00437874280462805,RoundResultsPage,12
1718906582.25,33.99,0.39643098293292744,0.39091059662677674,0.005520386294474693,RoundResultsPage,12
1718906582.5,33.99,0.39643098293292744,0.389826848068188,0.006604134853140976,RoundResultsPage,12
1718906582.75,33.99,0.39643098293292744,0.38879766007998334,0.007633322841429728,RoundResultsPage,12
1718906583.0,33.97,0.3556356663747477,0.3878155698309944,-0.03217990346767187,RoundResultsPage,12
1718906583.25,33.97,0.3556356663747477,0.3868693021813821,-0.031233635817966825,RoundResultsPage,12
1718906583.5,33.97,0.3556356663747477,0.3859442142580912,-0.030308547894581397,RoundResultsPage,12
1718906583.75,33.97,0.3556356663747477,0.38502285369985945,-0.02938718733625472,RoundResultsPage,12
1718906584.0,33.99,0.39643098293292744,0.38408561227001825,0.012345370651860296,RoundResultsPage,12
1718906584.25,33.99,0.39643098293292744,0.3831114534882516,0.013319529433719713,RoundResultsPage,12
1718906584.5,33.99,0.39643098293292744,0.38207869060141897,0.014352292320643934,RoundResultsPage,12
1718906584.75,33.99,0.39643098293292744,0.38096578979519674,0.01546519312695668,RoundResultsPage,12
1718906585.0,34.0,0.4168286412120101,0.3797521731689607,0.037076468032364945,RoundResultsPage,12
1718906585.25,34.0,0.4168286412120101,0.3784189966814753,0.038409644519938974,RoundResultsPage,12
1718906585.5,34.0,0.4168286412120101,0.3769498799545959,0.03987876124690546,RoundResultsPage,12
1718906585.75,34.0,0.4168286412120101,0.3753315673495058,0.041497073852079944,RoundResultsPage,12
1718906586.0,33.97,0.3556356663747477,0.37355450289232855,-0.017918836527925447,RoundResultsPage,12
1718906586.25,33.97,0.3556356663747477,0.371613305154054,-0.0159776387895778,RoundResultsPage,12
1718906586.5,33.97,0.3556356663747477,0.369507131787422,-0.01387146542288123,RoundResultsPage,12
1718906586.75,33.97,0.3556356663747477,0.3672399268253091,-0.011604260460713436,RoundResultsPage,12
1718906587.0,33.97,0.3556356663747477,0.3648205468794224,-0.009184880514781925,RoundResultsPage,12
1718906587.25,33.97,0.3556356663747477,0.3622627649949584,-0.006627098630283042,RoundResultsPage,12
1718906587.5,33.97,0.3556356663747477,0.359585153165407,-0.00394948680070608,RoundResultsPage,12
1718906587.75,33.97,0.3556356663747477,0.35681084648827965,-0.0011751801235615096,RoundResultsPage,12
1718906588.0,33.97,0.3556356663747477,0.35396719374766417,0.0016684726170643881,RoundResultsPage,12
1718906588.25,33.97,0.3556356663747477,0.3510853009267571,0.004550365437977381,RoundResultsPage,12
1718906588.5,33.97,0.3556356663747477,0.34819947584339517,0.0074361905213440795,RoundResultsPage,12
1718906588.75,33.97,0.3556356663747477,0.3453465837998649,0.010289082564881301,RoundResultsPage,12
1718906589.0,33.97,0.3556356663747477,0.3425653258551034,0.013070340509655644,RoundResultsPage,12
1718906589.25,33.97,0.3556356663747477,0.33989545304679797,0.015740213317983552,RiskPage1,12
1718906589.5,33.97,0.3556356663747477,0.33737693157034904,0.018258734794467636,RiskPage1,12
1718906589.75,33.97,0.3556356663747477,0.33504907549214746,0.020586590872719152,RiskPage1,12
1718906590.0,33.95,0.31484034981658243,0.33294966494129175,-0.01810931513452453,RiskPage1,12
1718906590.25,33.95,0.31484034981658243,0.33111406877010857,-0.016273718963259416,RiskPage1,12
1718906590.5,33.95,0.31484034981658243,0.32957439127528604,-0.014734041468339343,RiskPage1,12
1718906590.75,33.95,0.31484034981658243,0.32835866262530294,-0.013518312818243637,RiskPage1,12
1718906591.0,33.95,0.31484034981658243,0.3274900921001628,-0.012649742292976354,RiskPage1,12
1718906591.25,33.95,0.31484034981658243,0.32698640214477864,-0.012146052337451144,RiskPage1,12
1718906591.5,33.95,0.31484034981658243,0.32685925965760093,-0.012018909850119237,RiskPage1,12
1718906591.75,33.95,0.31484034981658243,0.32711381900170605,-0.012273469194058476,RiskPage1,12
1718906592.0,33.97,0.3556356663747477,0.32774838906233433,0.02788727730365413,RiskPage1,12
1718906592.25,33.97,0.3556356663747477,0.32875423440062507,0.026881431965546723,RiskPage1,12
1718906592.5,33.97,0.3556356663747477,0.3301155182649697,0.02552014810139071,RiskPage1,12
1718906592.75,33.97,0.3556356663747477,0.331809392970151,0.02382627339640117,RiskPage1,12
1718906593.0,33.95,0.31484034981658243,0.33380624091603356,-0.018965891107454294,RiskPage1,12
1718906593.25,33.95,0.31484034981658243,0.33607006718363136,-0.021229717374862213,RiskPage1,12
1718906593.5,33.95,0.31484034981658243,0.3385590420563278,-0.02371869224737451,RiskPage1,12
1718906593.75,33.95,0.31484034981658243,0.34122618881975225,-0.02638583901062374,RiskPage1,12
1718906594.0,33.95,0.31484034981658243,0.34402020872404465,-0.029179858914752548,RiskPage1,12
1718906594.25,33.95,0.31484034981658243,0.34688643108390954,-0.032046081274467585,RiskPage2,12
1718906594.5,33.95,0.31484034981658243,0.34976787228031153,-0.034927522470735176,RiskPage2,12
1718906594.75,33.95,0.31484034981658243,0.3526063831155448,-0.03776603330585087,RiskPage2,12
1718906595.0,33.97,0.3556356663747477,0.35534385980404676,0.0002918065639123599,RiskPage2,12
1718906595.25,33.97,0.3556356663747477,0.35792349012349584,-0.0022878237554552396,RiskPage2,12
1718906595.5,33.97,0.3556356663747477,0.3602910031829538,-0.004655336814850855,RiskPage2,12
1718906595.75,33.97,0.3556356663747477,0.36239588914718346,-0.006760222779037442,RiskPage2,12
1718906596.0,33.99,0.39643098293292744,0.364192554296265,0.03223842863008477,RiskPage2,12
1718906596.25,33.99,0.39643098293292744,0.3656413771321646,0.030789605794190968,RiskPage2,12
1718906596.5,33.99,0.39643098293292744,0.36670963293250997,0.029721349993834304,RiskPage2,12
1718906596.75,33.99,0.39643098293292744,0.3673722571923004,0.029058725734017098,RiskPage2,12
1718906597.0,33.99,0.39643098293292744,0.36761242270668976,0.028818560219587452,RiskPage2,12
1718906597.25,33.99,0.39643098293292744,0.3674219104712916,0.029009072454934098,RiskPage2,12
1718906597.5,33.99,0.39643098293292744,0.36680126088428006,0.029629722041884937,RiskPage2,12
1718906597.75,33.99,0.39643098293292744,0.3657596986655819,0.03067128426051529,RiskPage2,12
1718906598.0,33.99,0.39643098293292744,0.36431483219059585,0.03211615073542841,RiskPage2,12
1718906598.25,33.99,0.39643098293292744,0.3624921352955032,0.033938847630444635,RiskPage2,12
1718906598.5,33.99,0.39643098293292744,0.36032422677255643,0.03610675615331252,RiskPage2,12
1718906598.75,33.99,0.39643098293292744,0.3578499694552792,0.03858101347050881,RiskPage2,12
1718906599.0,33.95,0.31484034981658243,0.3551134167050306,-0.0402730668956704,RiskPage2,12
1718906599.25,33.95,0.31484034981658243,0.352162638955868,-0.03732228914659198,RiskPage3,12
1718906599.5,33.95,0.31484034981658243,0.34904846647491206,-0.03420811666572082,RiskPage3,12
1718906599.75,33.95,0.31484034981658243,0.3458231864407704,-0.03098283663166344,RiskPage3,12
1718906600.0,33.95,0.31484034981658243,0.34253923275691994,-0.02769888294789535,RiskPage3,12
1718906600.25,33.95,0.31484034981658243,0.33924790578664676,-0.024407555977701563,RiskPage3,12
1718906600.5,33.95,0.31484034981658243,0.3359981566368117,-0.0211578068279416,RiskPage3,12
1718906600.75,33.95,0.31484034981658243,0.3328354670057431,-0.017995117196942807,RiskPage3,12
1718906601.0,33.95,0.31484034981658243,0.32980085122633634,-0.014960501417599685,RiskPage3,12
1718906601.25,33.95,0.31484034981658243,0.32693000223669255,-0.012089652428012458,RiskPage3,12
1718906601.5,33.95,0.31484034981658243,0.32425259802568807,-0.009412248217056208,RiskPage3,12
1718906601.75,33.95,0.31484034981658243,0.32179177982823975,-0.006951430019646536,RiskPage3,12
1718906602.0,33.95,0.31484034981658243,0.3195638081541797,-0.004723458345614419,RiskPage3,12
1718906602.25,33.95,0.31484034981658243,0.31757789776711287,-0.002737547958564358,RiskPage3,12
1718906602.5,33.95,0.31484034981658243,0.3158362281004929,-0.0009958782919493843,RiskPage3,12
1718906602.75,33.95,0.31484034981658243,0.3143341213977615,0.0005062284107893553,RiskPage3,12
1718906603.0,33.95,0.31484034981658243,0.31306037715934043,0.0017799726492306158,RiskPage3,12
1718906603.25,33.95,0.31484034981658243,0.31199774831841065,0.0028426014901936567,RiskPage3,12
1718906603.5,33.95,0.31484034981658243,0.3111235419781345,0.003716807830515631,RiskPage3,12
1718906603.75,33.95,0.31484034981658243,0.3104103255373255,0.004430024271382249,RiskPage3,12
1718906604.0,33.95,0.31484034981658243,0.3098267176074504,0.0050136322013258385,RiskPage3,12
1718906604.25,33.95,0.31484034981658243,0.3093382422670776,0.005502107541777126,RiskPage3,12
1718906604.5,33.95,0.31484034981658243,0.3089082248860938,0.005932124922848541,RiskPage3,12
1718906604.75,33.95,0.31484034981658243,0.3084987079483599,0.006341641860678357,RiskPage3,12
1718906605.0,33.95,0.31484034981658243,0.30807136596809953,0.006768983841041871,RiskPage3,12
1718906605.25,33.95,0.31484034981658243,0.3075883996865057,0.007251950122745151,RiskPage4,12
1718906605.5,33.95,0.31484034981658243,0.3070133912001177,0.007826958609248117,RiskPage4,12
1718906605.75,33.95,0.31484034981658243,0.30631210345632454,0.008528246353161103,RiskPage4,12
1718906606.0,33.95,0.31484034981658243,0.30545320959448,0.009387140215129207,RiskPage4,12
1718906606.25,33.95,0.31484034981658243,0.3044089398497394,0.010431409959996082,RiskPage4,12
1718906606.5,33.95,0.31484034981658243,0.30315563610207685,0.011684713707786348,RiskPage4,12
1718906606.75,33.95,0.31484034981658243,0.3016742065705026,0.013166143239488916,RiskPage4,12
1718906607.0,33.93,0.2740450332584027,0.29995047554119636,-0.025905442289256276,RiskPage4,12
1718906607.25,33.93,0.2740450332584027,0.29797542529243176,-0.023930392040364,RiskPage4,12
1718906607.5,33.93,0.2740450332584027,0.29574532945981424,-0.02170029620762067,RiskPage4,12
1718906607.75,33.93,0.2740450332584027,0.2932617789262366,-0.019216745673920368,RiskPage4,12
1718906608.0,33.95,0.31484034981658243,0.29053160293954317,0.024308746871071277,RiskPage4,12
1718906608.25,33.95,0.31484034981658243,0.2875666896484818,0.027273660162245743,RiskPage4,12
1718906608.5,33.95,0.31484034981658243,0.2843837117382821,0.030456638072551837,RiskPage4,12
1718906608.75,33.95,0.31484034981658243,0.28100376445449604,0.03383658535643575,RiskPage4,12
1718906609.0,33.93,0.2740450332584027,0.2774519250568521,-0.003406891804012666,RiskPage4,12
1718906609.25,33.93,0.2740450332584027,0.2737567445614277,0.0002882886914867006,RiskPage4,12
1718906609.5,33.93,0.2740450332584027,0.2699496843386023,0.004095348914372744,RiskPage4,12
1718906609.75,33.93,0.2740450332584027,0.2660645115356831,0.00798052171733735,RiskPage4,12
1718906610.0,33.91,0.2332497167002229,0.26213666821695614,-0.02888695152208522,RiskPage4,12
1718906610.25,33.91,0.2332497167002229,0.2582026294512622,-0.024952912756375515,PreMarketWait,13
1718906610.5,33.91,0.2332497167002229,0.25429926527941,-0.021049548584520763,PreMarketWait,13
1718906610.75,33.91,0.2332497167002229,0.25046322056631604,-0.017213503871435748,PreMarketWait,13
1718906611.0,33.91,0.2332497167002229,0.24673032525017963,-0.013480608555317509,PreMarketWait,13
1718906611.25,33.91,0.2332497167002229,0.24313504556893217,-0.009885328874095076,PreMarketWait,13
1718906611.5,33.91,0.2332497167002229,0.2397099846404947,-0.006460267945686972,PreMarketWait,13
1718906611.75,33.91,0.2332497167002229,0.23648543847449496,-0.003235721779718233,PreMarketWait,13
1718906612.0,33.91,0.2332497167002229,0.23348901125684193,-0.00023929456209512145,PreMarketWait,13
1718906612.25,33.91,0.2332497167002229,0.23074529170200214,0.0025044249927182547,PreMarketWait,13
1718906612.5,33.91,0.2332497167002229,0.22827559050522692,0.004974126189472453,PreMarketWait,13
1718906612.75,33.91,0.2332497167002229,0.22609773751097845,0.007151979183706627,PreMarketWait,13
1718906613.0,33.91,0.2332497167002229,0.22422593617724432,0.009023780517433945,PreMarketWait,13
1718906613.25,33.91,0.2332497167002229,0.22267067226348272,0.010579044431196507,PreMarketWait,13
1718906613.5,33.91,0.2332497167002229,0.22143867338239948,0.011811043312288615,PreMarketWait,13
1718906613.75,33.91,0.2332497167002229,0.2205329160895694,0.012716800605135631,PreMarketWait,13
1718906614.0,33.91,0.2332497167002229,0.21995267747686373,0.01329703921786652,PreMarketWait,13
1718906614.25,33.91,0.2332497167002229,0.21969362870516032,0.013556087989603496,PreMarketWait,13
1718906614.5,33.91,0.2332497167002229,0.21974796846388334,0.013501748230922197,PreMarketWait,13
1718906614.75,33.91,0.2332497167002229,0.220104594873066,0.013145121821788945,PreMarketWait,13
1718906615.0,33.89,0.19245440014205767,0.22074931473328568,-0.028294914596539565,PreMarketWait,13
1718906615.25,33.89,0.19245440014205767,0.22166508916366856,-0.029210689026859787,PreMarketWait,13
1718906615.5,33.89,0.19245440014205767,0.22283231444611112,-0.03037791430923443,PreMarketWait,13
1718906615.75,33.89,0.19245440014205767,0.22422913625784202,-0.03177473612089298,PreMarketWait,13
1718906616.0,33.91,0.2332497167002229,0.2258317944482645,0.007417922246925914,PreMarketWait,13
1718906616.25,33.91,0.2332497167002229,0.2276149942193244,0.005634722475945698,PreMarketWait,13
1718906616.5,33.91,0.2332497167002229,0.22955229819077447,0.0036974185045787755,PreMarketWait,13
1718906616.75,33.91,0.2332497167002229,0.2316165325726307,0.001633184122808978,PreMarketWait,13
1718906617.0,33.91,0.2332497167002229,0.2337801996782158,-0.0005304829826867308,PreMarketWait,13
1718906617.25,33.91,0.2332497167002229,0.23601588836849868,-0.002766171672877631,PreMarketWait,13
1718906617.5,33.91,0.2332497167002229,0.23829667373661537,-0.005046957040900627,PreMarketWait,13
1718906617.75,33.91,0.2332497167002229,0.24059649740828742,-0.00734678071247846,PreMarketWait,13
1718906618.0,33.93,0.2740450332584027,0.24289052023896807,0.031154513015114037,PreMarketWait,13
1718906618.25,33.93,0.2740450332584027,0.2451554399340237,0.028889593320149176,PreMarketWait,13
1718906618.5,33.93,0.2740450332584027,0.24736976720962653,0.026675266044632124,PreMarketWait,13
1718906618.75,33.93,0.2740450332584027,0.24951405553117847,0.02453097772315821,PreMarketWait,13
1718906619.0,33.91,0.2332497167002229,0.2515710811383444,-0.018321364442120007,PreMarketWait,13
1718906619.25,33.91,0.2332497167002229,0.25352597184762565,-0.020276255151347046,PreMarketWait,13
1718906619.5,33.91,0.2332497167002229,0.25536628483085594,-0.022116568134538724,PreMarketWait,13
1718906619.75,33.91,0.2332497167002229,0.2570820350375046,-0.023832318341166288,PreMarketWait,13
1718906620.0,33.93,0.2740450332584027,0.2586656770774916,0.015379356177028854,PreMarketWait,13
1718906620.25,33.93,0.2740450332584027,0.2601120442319377,0.01393298902256608,MarketGridChoice,13
1718906620.5,33.93,0.2740450332584027,0.2614182489135714,0.012626784340896995,MarketGridChoice,13
1718906620.75,33.93,0.2740450332584027,0.26258354947514134,0.011461483779274025,MarketGridChoice,13
1718906621.0,33.93,0.2740450332584027,0.26360918883644086,0.010435844417904613,MarketGridChoice,13
1718906621.25,33.93,0.2740450332584027,0.26449821096647513,0.009546822287784232,MarketGridChoice,13
1718906621.5,33.93,0.2740450332584027,0.2652552617506404,0.008789771503516987,MarketGridChoice,13
1718906621.75,33.93,0.2740450332584027,0.26588638109486973,0.008158652159170268,MarketGridChoice,13
1718906622.0,33.91,0.2332497167002229,0.2663987931653634,-0.033149076469635344,MarketGridChoice,13
1718906622.25,33.91,0.2332497167002229,0.2668007013392266,-0.03355098464364458,MarketGridChoice,13
1718906622.5,33.91,0.2332497167002229,0.2671010936782464,-0.033851376982822576,MarketGridChoice,13
1718906622.75,33.91,0.2332497167002229,0.26730956351709534,-0.0340598468218393,MarketGridChoice,13
1718906623.0,33.93,0.2740450332584027,0.2674361481440947,0.006608885109167326,MarketGridChoice,13
1718906623.25,33.93,0.2740450332584027,0.2674911867078346,0.006553846545252293,MarketGridChoice,13
1718906623.5,33.93,0.2740450332584027,0.2674851966321806,0.0065598366207348935,MarketGridChoice,13
1718906623.75,33.93,0.2740450332584027,0.26742876619416606,0.006616267058587488,MarketGridChoice,13
1718906624.0,33.93,0.2740450332584027,0.2673324596833326,0.006712573569273817,MarketGridChoice,13
1718906624.25,33.93,0.2740450332584027,0.2672067307979062,0.00683830245457258,MarketGridChoice,13
1718906624.5,33.93,0.2740450332584027,0.26706183964633323,0.006983193606041269,MarketGridChoice,13
1718906624.75,33.93,0.2740450332584027,0.2669077688711589,0.00713726438113768,MarketGridChoice,13
1718906625.0,33.93,0.2740450332584027,0.2667541349378618,0.0072908983143853264,MarketGridChoice,13
1718906625.25,33.93,0.2740450332584027,0.26661009147142917,0.007434941780798187,MarketGridChoice,13
1718906625.5,33.93,0.2740450332584027,0.26648422261409827,0.007560810638138938,MarketGridChoice,13
1718906625.75,33.93,0.2740450332584027,0.26638442565350423,0.007660607598771438,MarketGridChoice,13
1718906626.0,33.93,0.2740450332584027,0.26631778356482866,0.007727249687511878,MarketGridChoice,13
1718906626.25,33.93,0.2740450332584027,0.26629042955548776,0.007754603696941009,MarketGridChoice,13
1718906626.5,33.93,0.2740450332584027,0.26630740712722584,0.007737626125310801,MarketGridChoice,13
1718906626.75,33.93,0.2740450332584027,0.26637253050790827,0.0076725027447520034,MarketGridChoice,13
1718906627.0,33.93,0.2740450332584027,0.26648825148270056,0.00755678177009509,MarketGridChoice,13
1718906627.25,33.93,0.2740450332584027,0.2666555395999934,0.007389493652945204,MarketGridChoice,13
1718906627.5,33.93,0.2740450332584027,0.26687378336950107,0.007171249883583792,MarketGridChoice,13
1718906627.75,33.93,0.2740450332584027,0.26714072033674247,0.006904312916487689,MarketGridChoice,13
1718906628.0,33.91,0.2332497167002229,0.2674524037389354,-0.03420268704374499,MarketGridChoice,13
1718906628.25,33.91,0.2332497167002229,0.26780321275633506,-0.03455349606101393,MarketGridChoice,13
1718906628.5,33.91,0.2332497167002229,0.2681859121226502,-0.03493619542721121,MarketGridChoice,13
1718906628.75,33.91,0.2332497167002229,0.2685917650474499,-0.03534204835190867,MarketGridChoice,13
1718906629.0,33.93,0.2740450332584027,0.26901070111167,0.005034332142135504,MarketGridChoice,13
1718906629.25,33.93,0.2740450332584027,0.26943153819654425,0.0046134950573258095,MarketGridChoice,13
1718906629.5,33.93,0.2740450332584027,0.26984225483317115,0.004202778420741231,MarketGridChoice,13
1718906629.75,33.93,0.2740450332584027,0.27023030685460914,0.0038147263993217415,MarketGridChoice,13
1718906630.0,33.93,0.2740450332584027,0.2705829800773045,0.0034620531766201062,MarketGridChoice,13
1718906630.25,33.93,0.2740450332584027,0.2708877690300088,0.003157264223884856,MarketGridChoice,13
1718906630.5,33.93,0.2740450332584027,0.2711327705083975,0.002912262745441625,MarketGridChoice,13
1718906630.75,33.93,0.2740450332584027,0.27130707994369213,0.0027379533100714403,MarketGridChoice,13
1718906631.0,33.93,0.2740450332584027,0.2714011782017733,0.002643855051896892,MarketGridChoice,13
1718906631.25,33.93,0.2740450332584027,0.27140729644306044,0.002637736810502343,MarketGridChoice,13
1718906631.5,33.93,0.2740450332584027,0.2713197470426435,0.002725286210801975,MarketGridChoice,13
1718906631.75,33.93,0.2740450332584027,0.27113520926679063,0.0029098239865319175,MarketGridChoice,13
1718906632.0,33.93,0.2740450332584027,0.2708529593995314,0.003192073853666954,MarketGridChoice,13
1718906632.25,33.93,0.2740450332584027,0.2704750362858316,0.0035699969672454866,MarketGridChoice,13
1718906632.5,33.93,0.2740450332584027,0.2700063347802302,0.004038698472731995,MarketGridChoice,13
1718906632.75,33.93,0.2740450332584027,0.26945462133514386,0.004590411917712603,MarketGridChoice,13
1718906633.0,33.93,0.2740450332584027,0.26883046790306536,0.0052145653496971315,MarketGridChoice,13
1718906633.25,33.93,0.2740450332584027,0.2681471024306945,0.005897930821987739,MarketGridChoice,13
1718906633.5,33.93,0.2740450332584027,0.2674201764562727,0.006624856796344215,MarketGridChoice,13
1718906633.75,33.93,0.2740450332584027,0.2666674526453859,0.007377580607181202,MarketGridChoice,13
1718906634.0,33.93,0.2740450332584027,0.2659084174715738,0.008136615780959588,MarketGridChoice,13
1718906634.25,33.93,0.2740450332584027,0.26516382661687615,0.008881206635640206,MarketGridChoice,13
1718906634.5,33.93,0.2740450332584027,0.2644551929784059,0.009589840274110112,MarketGridChoice,13
1718906634.75,33.93,0.2740450332584027,0.26380422935802333,0.010240803894508455,MarketGridChoice,13
1718906635.0,33.93,0.2740450332584027,0.26323225991425386,0.010812773338308539,MarketGridChoice,13
1718906635.25,33.93,0.2740450332584027,0.26275961619296095,0.011285417059645135,MarketGridChoice,13
1718906635.5,33.93,0.2740450332584027,0.26240503494346185,0.011639998309198627,MarketGridChoice,13
1718906635.75,33.93,0.2740450332584027,0.26218507588090295,0.011859957371820096,MarketGridChoice,13
1718906636.0,33.91,0.2332497167002229,0.26211357797947443,-0.028863861284863578,MarketGridChoice,13
1718906636.25,33.91,0.2332497167002229,0.2622011726787439,-0.028951455984063727,MarketGridChoice,13
1718906636.5,33.91,0.2332497167002229,0.2624548714738548,-0.02920515477910673,MarketGridChoice,13
1718906636.75,33.91,0.2332497167002229,0.2628777436979226,-0.02962802700311081,MarketGridChoice,13
1718906637.0,33.93,0.2740450332584027,0.26346869792584715,0.010576335327201196,MarketGridChoice,13
1718906637.25,33.93,0.2740450332584027,0.26422237745659544,0.009822655796500709,MarketGridChoice,13
1718906637.5,33.93,0.2740450332584027,0.2651291769516908,0.008915856301442529,MarketGridChoice,13
1718906637.75,33.93,0.2740450332584027,0.26617538370949906,0.007869649543659759,MarketGridChoice,13
1718906638.0,33.91,0.2332497167002229,0.2673434433691663,-0.03409372667417396,MarketGridChoice,13
1718906638.25,33.91,0.2332497167002229,0.26861234611516444,-0.03536262942017093,MarketGridChoice,13
1718906638.5,33.91,0.2332497167002229,0.26995812568968447,-0.0367084089947015,MarketGridChoice,13
1718906638.75,33.91,0.2332497167002229,0.27135445972024164,-0.03810474302528013,MarketGridChoice,13
1718906639.0,33.93,0.2740450332584027,0.27277335610903275,0.0012716771440772212,MarketGridChoice,13
1718906639.25,33.93,0.2740450332584027,0.2741859066809814,-0.00014087342791132586,MarketGridChoice,13
1718906639.5,33.93,0.2740450332584027,0.27556308619374814,-0.0015180529407250922,MarketGridChoice,13
1718906639.75,33.93,0.2740450332584027,0.27687657243225844,-0.002831539179287931,MarketGridChoice,13
1718906640.0,33.95,0.31484034981658243,0.2780995616504754,0.03674078816061868,MarketGridChoice,13
1718906640.25,33.95,0.31484034981658243,0.27920755321136853,0.035632796599667574,MarketGridChoice,13
1718906640.5,33.95,0.31484034981658243,0.2801790779578418,0.03466127185313613,MarketGridChoice,13
1718906640.75,33.95,0.31484034981658243,0.2809963465915895,0.033844003219331446,MarketGridChoice,13
1718906641.0,33.93,0.2740450332584027,0.28164579702974085,-0.00760076377705475,MarketGridChoice,13
1718906641.25,33.93,0.2740450332584027,0.28211852315443864,-0.00807348990180557,ForecastPage,13
1718906641.5,33.93,0.2740450332584027,0.2824105713202319,-0.008365538067649728,ForecastPage,13
1718906641.75,33.93,0.2740450332584027,0.2825230951992768,-0.008478061946743429,ForecastPage,13
1718906642.0,33.95,0.31484034981658243,0.282462363854232,0.032377985956435026,ForecastPage,13
1718906642.25,33.95,0.31484034981658243,0.282239622255042,0.032600727555582534,ForecastPage,13
1718906642.5,33.95,0.31484034981658243,0.28187080778553814,0.032969542025048613,ForecastPage,13
1718906642.75,33.95,0.31484034981658243,0.28137613060868877,0.03346421920186589,ForecastPage,13
1718906643.0,33.93,0.2740450332584027,0.2807795300052806,-0.0067344967529313,ForecastPage,13
1718906643.25,33.93,0.2740450332584027,0.2801080228129546,-0.006062989560623731,ForecastPage,13
1718906643.5,33.93,0.2740450332584027,0.27939096365111615,-0.005345930398796234,ForecastPage,13
1718906643.75,33.93,0.2740450332584027,0.2786592394993387,-0.0046142062470224884,ForecastPage,13
1718906644.0,33.93,0.2740450332584027,0.2779444232365552,-0.003899389984236421,ForecastPage,13
1718906644.25,33.93,0.2740450332584027,0.27727791186440254,-0.0032328786120758932,ForecastPage,13
1718906644.5,33.93,0.2740450332584027,0.27669007532116835,-0.002645042068830058,ForecastPage,13
1718906644.75,33.93,0.2740450332584027,0.27620944107180967,-0.0021644078194578385,ForecastPage,13
1718906645.0,33.91,0.2332497167002229,0.27586193807400916,-0.042612221379823616,ForecastPage,13
1718906645.25,33.91,0.2332497167002229,0.27567022131089597,-0.042420504616698856,ForecastPage,13
1718906645.5,33.91,0.2332497167002229,0.2756530948997975,-0.04240337820559251,ForecastPage,13
1718906645.75,33.91,0.2332497167002229,0.275825047924594,-0.0425753312303865,ForecastPage,13
1718906646.0,33.93,0.2740450332584027,0.276195912761849,-0.002150879509465506,ForecastPage,13
1718906646.25,33.93,0.2740450332584027,0.27677065102983744,-0.0027256177774638013,ForecastPage,13
1718906646.5,33.93,0.2740450332584027,0.27754926769663824,-0.003504234444280059,ForecastPage,13
1718906646.75,33.93,0.2740450332584027,0.27852684965035457,-0.00448181639801694,ForecastPage,13
1718906647.0,33.95,0.31484034981658243,0.2796937214130007,0.035146628397491886,ForecastPage,13
1718906647.25,33.95,0.31484034981658243,0.28103570783118287,0.03380464197928169,ForecastPage,13
1718906647.5,33.95,0.31484034981658243,0.28253449157382965,0.032305858236604874,ForecastPage,13
1718906647.75,33.95,0.31484034981658243,0.28416805210026924,0.030672297710134258,ForecastPage,13
1718906648.0,33.93,0.2740450332584027,0.28591117233583485,-0.011866139083642431,ForecastPage,13
1718906648.25,33.93,0.2740450332584027,0.287735999428833,-0.013690966176671752,ForecastPage,13
1718906648.5,33.93,0.2740450332584027,0.2896126464346397,-0.015567613182509474,ForecastPage,13
1718906648.75,33.93,0.2740450332584027,0.29150982236614775,-0.01746478911404838,ForecastPage,13
1718906649.0,33.95,0.31484034981658243,0.2933954786269669,0.021444871183281502,ForecastPage,13
1718906649.25,33.95,0.31484034981658243,0.2952374603691235,0.01960288944109375,ForecastPage,13
1718906649.5,33.95,0.31484034981658243,0.29700415183263806,0.017836197977546632,ForecastPage,13
1718906649.75,33.95,0.31484034981658243,0.29866510528955575,0.016175244520593997,ForecastPage,13
1718906650.0,33.93,0.2740450332584027,0.3001916438454011,-0.02614661059346924,ForecastPage,13
1718906650.25,33.93,0.2740450332584027,0.3015574289931939,-0.027512395741304135,ForecastPage,13
1718906650.5,33.93,0.2740450332584027,0.3027389843715107,-0.02869395111966703,ForecastPage,13
1718906650.75,33.93,0.2740450332584027,0.3037161675671519,-0.0296711343153574,ForecastPage,13
1718906651.0,33.95,0.31484034981658243,0.3044725820195047,0.010367767790418793,ForecastPage,13
1718906651.25,33.95,0.31484034981658243,0.30499592122262764,0.009844428587245501,ForecastPage,13
1718906651.5,33.95,0.31484034981658243,0.3052782376508493,0.009562112158975917,ForecastPage,13
1718906651.75,33.95,0.31484034981658243,0.3053161293335038,0.009524220476277967,ForecastPage,13
1718906652.0,33.95,0.31484034981658243,0.30511083790110105,0.009729511908643573,ForecastPage,13
1718906652.25,33.95,0.31484034981658243,0.30466825326246655,0.010172096547248705,ForecastPage,13
1718906652.5,33.95,0.31484034981658243,0.3039988218209466,0.010841527988748099,ForecastPage,13
1718906652.75,33.95,0.31484034981658243,0.30311735722639577,0.011722992583287963,ForecastPage,13
1718906653.0,33.95,0.31484034981658243,0.30204275500071054,0.012797594808971703,ForecastPage,13
1718906653.25,33.95,0.31484034981658243,0.30079761487494755,0.014042734934741985,ForecastPage,13
1718906653.5,33.95,0.31484034981658243,0.2994077772379747,0.015432572571729905,ForecastPage,13
1718906653.75,33.95,0.31484034981658243,0.29790178261649575,0.0169385671932303,ForecastPage,13
1718906654.0,33.93,0.2740450332584027,0.29631026547285727,-0.022265232221284372,ForecastPage,13
1718906654.25,33.93,0.2740450332584027,0.2946652957029352,-0.02062026245133181,ForecastPage,13
1718906654.5,33.93,0.2740450332584027,0.2929996829296726,-0.018954649678035975,ForecastPage,13
1718906654.75,33.93,0.2740450332584027,0.29134625993853375,-0.01730122668686233,ForecastPage,13
1718906655.0,33.95,0.31484034981658243,0.28973716237332975,0.025103187436556693,ForecastPage,13
1718906655.25,33.95,0.31484034981658243,0.2882031221641372,0.02663722764578436,ForecastPage,13
1718906655.5,33.95,0.31484034981658243,0.2867727921993527,0.028067557610603477,ForecastPage,13
1718906655.75,33.95,0.31484034981658243,0.2854721195721095,0.029368230237880193,ForecastPage,13
1718906656.0,33.93,0.2740450332584027,0.2843237843420691,-0.010278751090227814,ForecastPage,13
1718906656.25,33.93,0.2740450332584027,0.2833467200707838,-0.009301686818914101,ForecastPage,13
1718906656.5,33.93,0.2740450332584027,0.2825557312512113,-0.008510697999316502,ForecastPage,13
1718906656.75,33.93,0.2740450332584027,0.28196122098530624,-0.007916187733389441,ForecastPage,13
1718906657.0,33.91,0.2332497167002229,0.2815690397435235,-0.04831932304976719,ForecastPage,13
1718906657.25,33.91,0.2332497167002229,0.28138046272538014,-0.048130746031606636,ForecastPage,13
1718906657.5,33.91,0.2332497167002229,0.28139229927528686,-0.04814258258149713,ForecastPage,13
1718906657.75,33.91,0.2332497167002229,0.281597133119028,-0.04834741642522197,ForecastPage,13
1718906658.0,33.93,0.2740450332584027,0.28198368708887617,-0.007938653836873463,ForecastPage,13
1718906658.25,33.93,0.2740450332584027,0.2825373008047863,-0.008492267552765942,ForecastPage,13
1718906658.5,33.93,0.2740450332584027,0.2832405048407816,-0.009195471588743386,ForecastPage,13
1718906658.75,33.93,0.2740450332584027,0.2840736705949055,-0.010028637342850172,ForecastPage,13
1718906659.0,33.95,0.31484034981658243,0.28501571170339524,0.029824638106854824,ForecastPage,13
1718906659.25,33.95,0.31484034981658243,0.28604481061017784,0.028795539200083712,ForecastPage,13
1718906659.5,33.95,0.31484034981658243,0.2871391429470423,0.027701206863226024,ForecastPage,13
1718906659.75,33.95,0.31484034981658243,0.288277572740626,0.026562777069643384,ForecastPage,13
1718906660.0,33.95,0.31484034981658243,0.28944029309508595,0.025400056715177595,ForecastPage,13
1718906660.25,33.95,0.31484034981658243,0.2906093897705289,0.024230960039720646,ForecastPage,13
1718906660.5,33.95,0.31484034981658243,0.29176930878434265,0.023071041025882637,ForecastPage,13
1718906660.75,33.95,0.31484034981658243,0.2929072135682561,0.0219331362419324,ForecastPage,13
1718906661.0,33.95,0.31484034981658243,0.29401322207465425,0.02082712773548308,ForecastPage,13
1718906661.25,33.95,0.31484034981658243,0.29508051930472784,0.01975983050534204,ForecastPage,13
1718906661.5,33.95,0.31484034981658243,0.29610534580214765,0.018735004007836793,ForecastPage,13
1718906661.75,33.95,0.31484034981658243,0.2970868675034883,0.017753482306391875,ForecastPage,13
1718906662.0,33.93,0.2740450332584027,0.2980269367558535,-0.0239819035042758,ForecastPage,13
1718906662.25,33.93,0.2740450332584027,0.2989297581122965,-0.024884724860857892,ForecastPage,13
1718906662.5,33.93,0.2740450332584027,0.2998014755325609,-0.025756442281274744,ForecastPage,13
1718906662.75,33.93,0.2740450332584027,0.3006496997404624,-0.026604666489337517,ForecastPage,13
1718906663.0,33.95,0.31484034981658243,0.30148299569685877,0.013357354112280811,ForecastPage,13
1718906663.25,33.95,0.31484034981658243,0.3023103505144406,0.012529999294536184,ForecastPage,13
1718906663.5,33.95,0.31484034981658243,0.3031406418131713,0.01169970799565086,ForecastPage,13
1718906663.75,33.95,0.31484034981658243,0.30398212564702853,0.010858224161651907,ForecastPage,13
1718906664.0,33.93,0.2740450332584027,0.3048419618246536,-0.030796928574277835,ForecastPage,13
1718906664.25,33.93,0.2740450332584027,0.3057257927211152,-0.031680759470844796,ForecastPage,13
1718906664.5,33.93,0.2740450332584027,0.3066373895045901,-0.032592356254403466,ForecastPage,13
1718906664.75,33.93,0.2740450332584027,0.3075783770575299,-0.03353334380740369,ForecastPage,13
1718906665.0,33.95,0.31484034981658243,0.30854804580294737,0.0062923040053235735,ForecastPage,13
1718906665.25,33.95,0.31484034981658243,0.3095432552933086,0.005297094514954692,ForecastPage,13
1718906665.5,33.95,0.31484034981658243,0.3105584309919483,0.004281918816336218,ForecastPage,13
1718906665.75,33.95,0.31484034981658243,0.31158565239323777,0.0032546974150973428,ForecastPage,13
1718906666.0,33.95,0.31484034981658243,0.312614827653661,0.0022255221547539707,ForecastPage,13
1718906666.25,33.95,0.31484034981658243,0.31363394732621236,0.0012064024823111618,ForecastPage,13
1718906666.5,33.95,0.31484034981658243,0.3146294076213589,0.0002109421873004811,ForecastPage,13
1718906666.75,33.95,0.31484034981658243,0.315586391840185,-0.0007460420313645513,ForecastPage,13
1718906667.0,33.95,0.31484034981658243,0.3164892972129755,-0.0016489474039710905,ForecastPage,13
1718906667.25,33.95,0.31484034981658243,0.3173221933088655,-0.002481843499657351,ForecastPage,13
1718906667.5,33.95,0.31484034981658243,0.3180692974477506,-0.0032289476383224967,ForecastPage,13
1718906667.75,33.95,0.31484034981658243,0.31871545214197494,-0.003875102332315524,ForecastPage,13
1718906668.0,33.95,0.31484034981658243,0.31924658952874385,-0.00440623971884717,ForecastPage,13
1718906668.25,33.95,0.31484034981658243,0.3196501680393039,-0.004809818229169711,ForecastPage,13
1718906668.5,33.95,0.31484034981658243,0.31991556720988285,-0.00507521739951726,ForecastPage,13
1718906668.75,33.95,0.31484034981658243,0.3200344276011492,-0.005194077790564943,ForecastPage,13
1718906669.0,33.97,0.3556356663747477,0.32000092429200766,0.03563474207694155,ForecastPage,13
1718906669.25,33.97,0.3556356663747477,0.3198119643854623,0.03582370198366237,ForecastPage,13
1718906669.5,33.97,0.3556356663747477,0.31946730143152463,0.03616836493774715,ForecastPage,13
1718906669.75,33.97,0.3556356663747477,0.31896956261495085,0.03666610375443676,ForecastPage,13
1718906670.0,33.95,0.31484034981658243,0.3183241878774942,-0.0034838380661890503,ForecastPage,13
1718906670.25,33.95,0.31484034981658243,0.3175392836585415,-0.0026989338471873833,ForecastPage,13
1718906670.5,33.95,0.31484034981658243,0.31662539739451684,-0.001785047583147811,ForecastPage,13
1718906670.75,33.95,0.31484034981658243,0.3155952220631446,-0.0007548722517941916,ForecastPage,13
1718906671.0,33.95,0.31484034981658243,0.31446324269721143,0.0003771071140883282,ForecastPage,13
1718906671.25,33.95,0.31484034981658243,0.3132453388115748,0.0015950109996443955,MarketWaitPage,13
1718906671.5,33.95,0.31484034981658243,0.3119583580450811,0.0028819917660300697,MarketWaitPage,13
1718906671.75,33.95,0.31484034981658243,0.31061967701026466,0.004220672800713851,MarketWaitPage,13
1718906672.0,33.93,0.2740450332584027,0.309246765370351,-0.03520173211770605,MarketWaitPage,13
1718906672.25,33.93,0.2740450332584027,0.3078567685243846,-0.03381173527191084,MarketWaitPage,13
1718906672.5,33.93,0.2740450332584027,0.3064661229823799,-0.032421089730090655,MarketWaitPage,13
1718906672.75,33.93,0.2740450332584027,0.3050902165911997,-0.031045183339103673,MarketWaitPage,13
1718906673.0,33.95,0.31484034981658243,0.3037431033317857,0.011097246478293112,MarketWaitPage,13
1718906673.25,33.95,0.31484034981658243,0.3024372796301794,0.012403070179704018,MarketWaitPage,13
1718906673.5,33.95,0.31484034981658243,0.30118352623782,0.013656823571874588,MarketWaitPage,13
1718906673.75,33.95,0.31484034981658243,0.29999081695744934,0.014849532852067752,MarketWaitPage,13
1718906674.0,33.93,0.2740450332584027,0.298866292962452,-0.02482125971127678,MarketWaitPage,13
1718906674.25,33.93,0.2740450332584027,0.297815299223774,-0.023770265972742774,MarketWaitPage,13
1718906674.5,33.93,0.2740450332584027,0.2968414775907845,-0.0227964443398777,MarketWaitPage,13
1718906674.75,33.93,0.2740450332584027,0.2959469093300664,-0.021901876079263888,MarketWaitPage,13
1718906675.0,33.95,0.31484034981658243,0.2951322984185791,0.01970805139031871,MarketWaitPage,13
1718906675.25,33.95,0.31484034981658243,0.2943971857002221,0.02044316410861015,RoundResultsPage,13
1718906675.5,33.95,0.31484034981658243,0.29374018328405194,0.021100166524732438,RoundResultsPage,13
1718906675.75,33.95,0.31484034981658243,0.2931592184157184,0.021681131393034195,RoundResultsPage,13
1718906676.0,33.95,0.31484034981658243,0.29265177654883096,0.022188573259904365,RoundResultsPage,13
1718906676.25,33.95,0.31484034981658243,0.2922151344400633,0.022625215368667552,RoundResultsPage,13
1718906676.5,33.95,0.31484034981658243,0.2918465756663782,0.02299377414235956,RoundResultsPage,13
1718906676.75,33.95,0.31484034981658243,0.2915435828395267,0.023296766969228333,RoundResultsPage,13
1718906677.0,33.93,0.2740450332584027,0.29130400277486684,-0.01725896952426568,RoundResultsPage,13
1718906677.25,33.93,0.2740450332584027,0.2911261827567022,-0.017081149506068715,RoundResultsPage,13
1718906677.5,33.93,0.2740450332584027,0.2910090776411564,-0.016964044390486474,RoundResultsPage,13
1718906677.75,33.93,0.2740450332584027,0.2909523287016504,-0.016907295450942033,RoundResultsPage,13
1718906678.0,33.93,0.2740450332584027,0.2909563157781472,-0.01691128252739991,RoundResultsPage,13
1718906678.25,33.93,0.2740450332584027,0.2910221844577567,-0.01697715120697087,RoundResultsPage,13
1718906678.5,33.93,0.2740450332584027,0.29115184978577047,-0.01710681653494732,RoundResultsPage,13
1718906678.75,33.93,0.2740450332584027,0.29134797752097386,-0.017302944270115393,RoundResultsPage,13
1718906679.0,33.95,0.31484034981658243,0.2916139433612459,0.023226406447825157,RoundResultsPage,13
1718906679.25,33.95,0.31484034981658243,0.291953770029151,0.02288657977995032,RoundResultsPage,13
1718906679.5,33.95,0.31484034981658243,0.2923720417608608,0.02246830804826834,RoundResultsPage,13
1718906679.75,33.95,0.31484034981658243,0.2928737956803441,0.02196655412881007,RoundResultsPage,13
1718906680.0,33.93,0.2740450332584027,0.29346438978349115,-0.01941935653249464,RoundResultsPage,13
1718906680.25,33.93,0.2740450332584027,0.29414934773537343,-0.02010431448435776,RoundResultsPage,13
1718906680.5,33.93,0.2740450332584027,0.29493418127174037,-0.020889148020708022,RoundResultsPage,13
1718906680.75,33.93,0.2740450332584027,0.2958241915706129,-0.02177915831956544,RoundResultsPage,13
1718906681.0,33.95,0.31484034981658243,0.2968242514647083,0.01801609834453392,RoundResultsPage,13
1718906681.25,33.95,0.31484034981658243,0.29793857083552805,0.01690177897373136,RoundResultsPage,13
1718906681.5,33.95,0.31484034981658243,0.29917044806782317,0.01566990174145827,RoundResultsPage,13
1718906681.75,33.95,0.31484034981658243,0.3005220111587761,0.014318338650534671,RoundResultsPage,13
1718906682.0,33.95,0.31484034981658243,0.30199395302654863,0.01284639678280058,RoundResultsPage,13
1718906682.25,33.95,0.31484034981658243,0.3035852667241695,0.011255083085228157,RoundResultsPage,13
1718906682.5,33.95,0.31484034981658243,0.305292987546109,0.009547362263346872,RoundResultsPage,13
1718906682.75,33.95,0.31484034981658243,0.3071119502922414,0.00772839951728098,RoundResultsPage,13
1718906683.0,33.95,0.31484034981658243,0.30903457109904153,0.005805778710552965,RoundResultsPage,13
1718906683.25,33.95,0.31484034981658243,0.31105066414262744,0.0037896856670413736,RoundResultsPage,13
1718906683.5,33.95,0.31484034981658243,0.31314730405891694,0.0016930457508245473,RoundResultsPage,13
1718906683.75,33.95,0.31484034981658243,0.315308745024869,-0.0004683952150596497,RoundResultsPage,13
1718906684.0,33.95,0.31484034981658243,0.3175164070305715,-0.002676057220701948,RoundResultsPage,13
1718906684.25,33.95,0.31484034981658243,0.31974893889169864,-0.0049085890817793226,RoundResultsPage,13
1718906684.5,33.95,0.31484034981658243,0.3219823659711286,-0.007142016161172065,RoundResultsPage,13
1718906684.75,33.95,0.31484034981658243,0.32419032838222395,-0.009349978572244623,RoundResultsPage,13
1718906685.0,33.93,0.2740450332584027,0.32634441263970426,-0.05229937938789779,RoundResultsPage,13
1718906685.25,33.93,0.2740450332584027,0.32841457633652565,-0.05436954308472889,RoundResultsPage,13
1718906685.5,33.93,0.2740450332584027,0.330369661523378,-0.05632462827160763,RoundResultsPage,13
1718906685.75,33.93,0.2740450332584027,0.3321779881831417,-0.05813295493141397,RoundResultsPage,13
1718906686.0,33.97,0.3556356663747477,0.3338080147553768,0.021827651612638117,RoundResultsPage,13
1718906686.25,33.97,0.3556356663747477,0.3352290484111657,0.02040661795677807,RiskPage1,13
1718906686.5,33.97,0.3556356663747477,0.3364119841055072,0.019223682262354297,RiskPage1,13
1718906686.75,33.97,0.3556356663747477,0.3373300487153351,0.01830561765243526,RiskPage1,13
1718906687.0,33.97,0.3556356663747477,0.33795952505551785,0.017676141312155197,RiskPage1,13
1718906687.25,33.97,0.3556356663747477,0.3382804303334385,0.01735523603413385,RiskPage1,13
1718906687.5,33.97,0.3556356663747477,0.3382771245926024,0.01735854177486894,RiskPage1,13
1718906687.75,33.97,0.3556356663747477,0.3379388267662849,0.017696839601087977,RiskPage1,13
1718906688.0,33.97,0.3556356663747477,0.3372600189474652,0.01837564741981456,RiskPage1,13
1718906688.25,33.97,0.3556356663747477,0.3362407232133361,0.01939494315385873,RiskPage1,13
1718906688.5,33.97,0.3556356663747477,0.3348866396557636,0.020749026711357393,RiskPage1,13
1718906688.75,33.97,0.3556356663747477,0.33320913899726246,0.022426527369799155,RiskPage1,13
1718906689.0,33.97,0.3556356663747477,0.3312251081461987,0.024410558220821294,RiskPage1,13
1718906689.25,33.97,0.3556356663747477,0.3289566520895474,0.026679014277451996,RiskPage1,13
1718906689.5,33.97,0.3556356663747477,0.32643066045167796,0.029205005915324697,RiskPage1,13
1718906689.75,33.97,0.3556356663747477,0.3236782516658708,0.03195741470116136,RiskPage1,13
1718906690.0,33.93,0.2740450332584027,0.32073411179941397,-0.04668907854866995,RiskPage1,13
1718906690.25,33.93,0.2740450332584027,0.317635748420199,-0.04359071516937077,RiskPage1,13
1718906690.5,33.93,0.2740450332584027,0.3144226822823315,-0.04037764903139314,RiskPage1,13
1718906690.75,33.93,0.2740450332584027,0.3111356008960536,-0.037090567644981726,RiskPage1,13
1718906691.0,33.95,0.31484034981658243,0.307815498219423,0.007024851589982291,RiskPage1,13
1718906691.25,33.95,0.31484034981658243,0.3045028239085818,0.010337525900994321,RiskPage2,13
1718906691.5,33.95,0.31484034981658243,0.30123666404393795,0.013603685765823055,RiskPage2,13
1718906691.75,33.95,0.31484034981658243,0.2980539732801581,0.016786376529799207,RiskPage2,13
1718906692.0,33.93,0.2740450332584027,0.2949888761430198,-0.02094384289103719,RiskPage2,13
1718906692.25,33.93,0.2740450332584027,0.29207205279731446,-0.01802701954512076,RiskPage2,13
1718906692.5,33.93,0.2740450332584027,0.28933022202742764,-0.015285188775019696,RiskPage2,13
1718906692.75,33.93,0.2740450332584027,0.28678573136620483,-0.012740698113582378,RiskPage2,13
1718906693.0,33.93,0.2740450332584027,0.2844562612705269,-0.010411228017692745,RiskPage2,13
1718906693.25,33.93,0.2740450332584027,0.2823546470277144,-0.00830961377467434,RiskPage2,13
1718906693.5,33.93,0.2740450332584027,0.28048881879030163,-0.006443785537064936,RiskPage2,13
1718906693.75,33.93,0.2740450332584027,0.27886185690202053,-0.004816823648600018,RiskPage2,13
1718906694.0,33.93,0.2740450332584027,0.2774721566123322,-0.003427123358743898,RiskPage2,13
1718906694.25,33.93,0.2740450332584027,0.27631369348000434,-0.002268660226267238,RiskPage2,13
1718906694.5,33.93,0.2740450332584027,0.27537637831834844,-0.0013313450644842437,RiskPage2,13
1718906694.75,33.93,0.2740450332584027,0.27464648849871975,-0.000601455244752391,RiskPage2,13
1718906695.0,33.93,0.2740450332584027,0.2741071608524567,-6.212759841193322e-05,RiskPage2,13
1718906695.25,33.93,0.2740450332584027,0.273738930329264,0.000306102924831117,RiskPage2,13
1718906695.5,33.93,0.2740450332584027,0.2735202980058624,0.000524735248255824,RiskPage2,13
1718906695.75,33.93,0.2740450332584027,0.27342831200736956,0.0006167212467452672,RiskPage2,13
1718906696.0,33.95,0.31484034981658243,0.2734391454127954,0.041401204399470384,RiskPage2,13
1718906696.25,33.95,0.31484034981658243,0.27352865626370226,0.041311693548510754,RiskPage3,13
1718906696.5,33.95,0.31484034981658243,0.2736729163595454,0.04116743345259239,RiskPage3,13
1718906696.75,33.95,0.31484034981658243,0.27384869753559354,0.04099165227644813,RiskPage3,13
1718906697.0,33.91,0.2332497167002229,0.27403390643225106,-0.04078418973668413,RiskPage3,13
1718906697.25,33.91,0.2332497167002229,0.27420796114422324,-0.040958244448788865,RiskPage3,13
1718906697.5,33.91,0.2332497167002229,0.2743521053063726,-0.04110238861108563,RiskPage3,13
1718906697.75,33.91,0.2332497167002229,0.2744496568981016,-0.04119994020297325,RiskPage3,13
1718906698.0,33.93,0.2740450332584027,0.274486190237947,-0.00044115698480442014,RiskPage3,13
1718906698.25,33.93,0.2740450332584027,0.2744496503845688,-0.00040461713159339885,RiskPage3,13
1718906698.5,33.93,0.2740450332584027,0.27433039968974127,-0.00028536643692912006,RiskPage3,13
1718906698.75,33.93,0.2740450332584027,0.2741211968393871,-7.616358672845984e-05,RiskPage3,13
1718906699.0,33.95,0.31484034981658243,0.27381710960193817,0.041023240208762135,RiskPage3,13
1718906699.25,33.95,0.31484034981658243,0.2734153638213734,0.04142498598920928,RiskPage3,13
1718906699.5,33.95,0.31484034981658243,0.2729151329926274,0.041925216817862945,RiskPage3,13
1718906699.75,33.95,0.31484034981658243,0.27231727499667857,0.042523074813749166,RiskPage3,13
1718906700.0,33.93,0.2740450332584027,0.2716240251120371,0.0024210081401821737,RiskPage3,13
1718906700.25,33.93,0.2740450332584027,0.27083865702247434,0.003206376229753345,RiskPage3,13
1718906700.5,33.93,0.2740450332584027,0.26996512590609084,0.0040799073461840855,RiskPage3,13
1718906700.75,33.93,0.2740450332584027,0.26900770951196545,0.005037323740395637,RiskPage3,13
1718906701.0,33.91,0.2332497167002229,0.26797066415760457,-0.034720947463299644,RiskPage3,13
1718906701.25,33.91,0.2332497167002229,0.2668579126504467,-0.03360819595598395,RiskPage3,13
1718906701.5,33.91,0.2332497167002229,0.26567278017418383,-0.032423063479533575,RiskPage3,13
1718906701.75,33.91,0.2332497167002229,0.2644177921911971,-0.031168075496335622,RiskPage3,13
1718906702.0,33.91,0.2332497167002229,0.26309454548748845,-0.029844828792398716,RiskPage3,13
1718906702.25,33.91,0.2332497167002229,0.2617036598054357,-0.028453943110107682,RiskPage4,13
1718906702.5,33.91,0.2332497167002229,0.26024481331995675,-0.026995096624387677,RiskPage4,13
1718906702.75,33.91,0.2332497167002229,0.25871686079627726,-0.02546714410047096,RiskPage4,13
1718906703.0,33.93,0.2740450332584027,0.25711802890815694,0.016927004346056755,RiskPage4,13
1718906703.25,33.93,0.2740450332584027,0.2554461791675139,0.018598854086912933,RiskPage4,13
1718906703.5,33.93,0.2740450332584027,0.2536991254638939,0.020345907790727227,RiskPage4,13
1718906703.75,33.93,0.2740450332584027,0.25187499052091383,0.022170042733878834,RiskPage4,13
1718906704.0,33.91,0.2332497167002229,0.24997258374039552,-0.01672286704363717,RiskPage4,13
1718906704.25,33.91,0.2332497167002229,0.24799178191217397,-0.014742065215298947,RiskPage4,13
1718906704.5,33.91,0.2332497167002229,0.24593389403029556,-0.012684177333334355,RiskPage4,13
1718906704.75,33.91,0.2332497167002229,0.24380199186996118,-0.010552275172945364,RiskPage4,13
1718906705.0,33.93,0.2740450332584027,0.24160118898352573,0.03244384427169264,RiskPage4,13
1718906705.25,33.93,0.2740450332584027,0.23933885237606337,0.03470618087914646,RiskPage4,13
1718906705.5,33.93,0.2740450332584027,0.2370247333719029,0.037020299883268326,RiskPage4,13
1718906705.75,33.93,0.2740450332584027,0.23467100711440347,0.039374026140701,RiskPage4,13
1718906706.0,33.91,0.2332497167002229,0.2322922137025166,0.000957502994315837,RiskPage4,13
1718906706.25,33.91,0.2332497167002229,0.2299050980030626,0.003344618693655276,RiskPage4,13
1718906706.5,33.91,0.2332497167002229,0.22752834944883044,0.005721367247754256,RiskPage4,13
1718906706.75,33.91,0.2332497167002229,0.22518224737981937,0.008067469316617422,RiskPage4,13
1718906707.0,33.91,0.2332497167002229,0.22288822148797643,0.010361495208301926,RiskPage4,13
1718906707.25,33.91,0.2332497167002229,0.2206683405324249,0.012581376163688847,PreMarketWait,14
1718906707.5,33.91,0.2332497167002229,0.2185447456058792,0.014704971090067798,PreMarketWait,14
1718906707.75,33.91,0.2332497167002229,0.21653904677982272,0.01671066991595888,PreMarketWait,14
1718906708.0,33.89,0.19245440014205767,0.214671703857664,-0.022217303720208494,PreMarketWait,14
1718906708.25,33.89,0.19245440014205767,0.21296141312933858,-0.02050701299203663,PreMarketWait,14
1718906708.5,33.89,0.19245440014205767,0.21142452235218337,-0.018970122215024927,PreMarketWait,14
1718906708.75,33.89,0.19245440014205767,0.21007449561092237,-0.017620095473894887,PreMarketWait,14
1718906709.0,33.89,0.19245440014205767,0.20892144822343373,-0.016467048086522558,PreMarketWait,14
1718906709.25,33.89,0.19245440014205767,0.20797176952428256,-0.015517369387471183,PreMarketWait,14
1718906709.5,33.89,0.19245440014205767,0.20722784830279797,-0.014773448166068175,PreMarketWait,14
1718906709.75,33.89,0.19245440014205767,0.2066879120551763,-0.014233511918508454,PreMarketWait,14
1718906710.0,33.89,0.19245440014205767,0.206345987193386,-0.013891587056759126,PreMarketWait,14
1718906710.25,33.89,0.19245440014205767,0.20619198309323863,-0.013737582956630788,PreMarketWait,14
1718906710.5,33.89,0.19245440014205767,0.20621189850711855,-0.013757498370507618,PreMarketWait,14
1718906710.75,33.89,0.19245440014205767,0.20638814455380447,-0.01393374441716871,PreMarketWait,14
1718906711.0,33.89,0.19245440014205767,0.20669997436373203,-0.014245574227050433,PreMarketWait,14
1718906711.25,33.89,0.19245440014205767,0.2071240056347983,-0.014669605498050962,PreMarketWait,14
1718906711.5,33.89,0.19245440014205767,0.20763481897165165,-0.015180418834820174,PreMarketWait,14
1718906711.75,33.89,0.19245440014205767,0.20820561207058316,-0.01575121193365112,PreMarketWait,14
1718906712.0,33.91,0.2332497167002229,0.20880888770391534,0.02444082899129646,PreMarketWait,14
1718906712.25,33.91,0.2332497167002229,0.2094171521823659,0.023832564512971353,PreMarketWait,14
1718906712.5,33.91,0.2332497167002229,0.21000360064837612,0.02324611604709436,PreMarketWait,14
1718906712.75,33.91,0.2332497167002229,0.21054276625478882,0.022706950440819704,PreMarketWait,14
1718906713.0,33.91,0.2332497167002229,0.211011112015407,0.022238604680341743,PreMarketWait,14
1718906713.25,33.91,0.2332497167002229,0.21138754679231375,0.021862169903574747,PreMarketWait,14
1718906713.5,33.91,0.2332497167002229,0.2116538503521073,0.02159586634391774,PreMarketWait,14
1718906713.75,33.91,0.2332497167002229,0.2117949964826735,0.021454720213482513,PreMarketWait,14
1718906714.0,33.91,0.2332497167002229,0.21179936760507692,0.021450349091202425,PreMarketWait,14
1718906714.25,33.91,0.2332497167002229,0.21165885893330935,0.02159085776308372,PreMarketWait,14
1718906714.5,33.91,0.2332497167002229,0.2113688748226253,0.02188084187387007,PreMarketWait,14
1718906714.75,33.91,0.2332497167002229,0.2109282243019679,0.0223214923946167,PreMarketWait,14
1718906715.0,33.89,0.19245440014205767,0.21033892670604962,-0.017884526567555598,PreMarketWait,14
1718906715.25,33.89,0.19245440014205767,0.20960594161017107,-0.01715154147161823,MarketGridChoice,14
1718906715.5,33.89,0.19245440014205767,0.20873683974337373,-0.016282439604778997,MarketGridChoice,14
1718906715.75,33.89,0.19245440014205767,0.20774143307248252,-0.01528703293386335,MarketGridChoice,14
1718906716.0,33.89,0.19245440014205767,0.20663138274445605,-0.01417698260583001,MarketGridChoice,14
1718906716.25,33.89,0.19245440014205767,0.20541980306897004,-0.01296540293035444,MarketGridChoice,14
1718906716.5,33.89,0.19245440014205767,0.20412087831039571,-0.011666478171807399,MarketGridChoice,14
1718906716.75,33.89,0.19245440014205767,0.20274950686801704,-0.010295106729472293,MarketGridChoice,14
1718906717.0,33.87,0.15165908358387792,0.20132098459312184,-0.049661901012815965,MarketGridChoice,14
1718906717.25,33.87,0.15165908358387792,0.199850735656394,-0.04819165207616196,MarketGridChoice,14
1718906717.5,33.87,0.15165908358387792,0.1983540956796806,-0.04669501209953572,MarketGridChoice,14
1718906717.75,33.87,0.15165908358387792,0.1968461479562338,-0.04518706437618747,MarketGridChoice,14
1718906718.0,33.91,0.2332497167002229,0.19534160974120032,0.03790810695508354,MarketGridChoice,14
1718906718.25,33.91,0.2332497167002229,0.19385476211083846,0.03939495458533163,MarketGridChoice,14
1718906718.5,33.91,0.2332497167002229,0.19239941410716122,0.040850302588891566,MarketGridChoice,14
1718906718.75,33.91,0.2332497167002229,0.19098889008847786,0.042260826607456434,MarketGridChoice,14
1718906719.0,33.89,0.19245440014205767,0.18963602852668185,0.0028183716109697055,MarketGridChoice,14
1718906719.25,33.89,0.19245440014205767,0.18835318086625724,0.004101219271279745,MarketGridChoice,14
1718906719.5,33.89,0.19245440014205767,0.18715220027218715,0.005302199865240276,MarketGridChoice,14
1718906719.75,33.89,0.19245440014205767,0.18604441187051668,0.006409988266808386,MarketGridChoice,14
1718906720.0,33.89,0.19245440014205767,0.18504055818413406,0.007413841953098067,MarketGridChoice,14
1718906720.25,33.89,0.19245440014205767,0.18415071571907285,0.008303684418077873,MarketGridChoice,14
1718906720.5,33.89,0.19245440014205767,0.18338418096051096,0.009070219176572024,MarketGridChoice,14
1718906720.75,33.89,0.19245440014205767,0.18274932632340607,0.00970507381362457,MarketGridChoice,14
1718906721.0,33.89,0.19245440014205767,0.18225342880764114,0.01020097132935369,MarketGridChoice,14
1718906721.25,33.89,0.19245440014205767,0.1819024761633953,0.01055192397358077,MarketGridChoice,14
1718906721.5,33.89,0.19245440014205767,0.18170095720312132,0.01075344293385298,MarketGridChoice,14
1718906721.75,33.89,0.19245440014205767,0.18165164441885498,0.01080275571813406,MarketGridChoice,14
1718906722.0,33.87,0.15165908358387792,0.18175537818898604,-0.03009629461014638,MarketGridChoice,14
1718906722.25,33.87,0.15165908358387792,0.18201086249762924,-0.030351778918744875,MarketGridChoice,14
1718906722.5,33.87,0.15165908358387792,0.1824144821663982,-0.030755398587456215,MarketGridChoice,14
1718906722.75,33.87,0.15165908358387792,0.18296015107953847,-0.03130106750052733,MarketGridChoice,14
1718906723.0,33.89,0.19245440014205767,0.18363919981313323,0.008815200324136997,MarketGridChoice,14
1718906723.25,33.89,0.19245440014205767,0.18444030959252566,0.008014090544832337,MarketGridChoice,14
1718906723.5,33.89,0.19245440014205767,0.1853494977979883,0.007104902339464113,MarketGridChoice,14
1718906723.75,33.89,0.19245440014205767,0.18635015851948275,0.006104241618068726,MarketGridChoice,14
1718906724.0,33.89,0.19245440014205767,0.18742316007320153,0.005031240064451627,MarketGridChoice,14
1718906724.25,33.89,0.19245440014205767,0.18854699999776636,0.003907400139989099,MarketGridChoice,14
1718906724.5,33.89,0.19245440014205767,0.1896980168383646,0.0027563832994919424,MarketGridChoice,14
1718906724.75,33.89,0.19245440014205767,0.190850656958288,0.0016037431796668109,MarketGridChoice,14
1718906725.0,33.89,0.19245440014205767,0.19197779363723183,0.00047660650081720896,MarketGridChoice,14
1718906725.25,33.89,0.19245440014205767,0.19305109477829976,-0.0005966946401614135,MarketGridChoice,14
1718906725.5,33.89,0.19245440014205767,0.1940414346147702,-0.0015870344765480469,MarketGridChoice,14
1718906725.75,33.89,0.19245440014205767,0.19491934385758916,-0.0024649437192891073,MarketGridChoice,14
1718906726.0,33.89,0.19245440014205767,0.19565549173998795,-0.0032010916016161897,MarketGridChoice,14
1718906726.25,33.89,0.19245440014205767,0.19622119239149685,-0.0037667922530597686,MarketGridChoice,14
1718906726.5,33.89,0.19245440014205767,0.196588926914542,-0.004134526776045812,MarketGridChoice,14
1718906726.75,33.89,0.19245440014205767,0.19673287145627286,-0.004278471317723569,MarketGridChoice,14
1718906727.0,33.87,0.15165908358387792,0.19662942048800938,-0.04497033690759254,MarketGridChoice,14
1718906727.25,33.87,0.15165908358387792,0.19625769345671007,-0.0445986098762515,MarketGridChoice,14
1718906727.5,33.87,0.15165908358387792,0.1956000120108401,-0.04394092843034487,MarketGridChoice,14
1718906727.75,33.87,0.15165908358387792,0.194642334228418,-0.042983250647890645,MarketGridChoice,14
1718906728.0,33.93,0.2740450332584027,0.1933746318673607,0.08067040138771976,MarketGridChoice,14
1718906728.25,33.93,0.2740450332584027,0.191791196878402,0.08225383637670367,MarketGridChoice,14
1718906728.5,33.93,0.2740450332584027,0.18989086455393098,0.08415416870119657,MarketGridChoice,14
1718906728.75,33.93,0.2740450332584027,0.18767714292161486,0.08636789033353034,MarketGridChoice,14
1718906729.0,33.87,0.15165908358387792,0.1851582412936575,-0.03349915771302503,MarketGridChoice,14
1718906729.25,33.87,0.15165908358387792,0.18234699493682308,-0.030687911356185933,MarketGridChoice,14
1718906729.5,33.87,0.15165908358387792,0.17926068712222448,-0.027601603541591267,MarketGridChoice,14
1718906729.75,33.87,0.15165908358387792,0.1759207738169356,-0.024261690236315407,MarketGridChoice,14
1718906730.0,33.89,0.19245440014205767,0.17235251962449602,0.0201018805142821,MarketGridChoice,14
1718906730.25,33.89,0.19245440014205767,0.16858455614402204,0.0238698439947264,MarketGridChoice,14
1718906730.5,33.89,0.19245440014205767,0.16464837576402078,0.027806024374691478,MarketGridChoice,14
1718906730.75,33.89,0.19245440014205767,0.16057777516392335,0.031876624974747775,MarketGridChoice,14
1718906731.0,33.84,0.09046610874663003,0.15640826353275475,-0.06594215478955603,MarketGridChoice,14
1718906731.25,33.84,0.09046610874663003,0.15217645069294117,-0.06171034194978968,MarketGridChoice,14
1718906731.5,33.84,0.09046610874663003,0.1479194298307556,-0.05745332108765257,MarketGridChoice,14
1718906731.75,33.84,0.09046610874663003,0.14367416830665183,-0.0532080595635971,MarketGridChoice,14
1718906732.0,33.87,0.15165908358387792,0.13947691811243806,0.012182165467818168,MarketGridChoice,14
1718906732.25,33.87,0.15165908358387792,0.13536265520810706,0.016296428372106708,MarketGridChoice,14
1718906732.5,33.87,0.15165908358387792,0.13136455459009289,0.020294528990084416,MarketGridChoice,14
1718906732.75,33.87,0.15165908358387792,0.1275135059010001,0.024145577679148728,MarketGridChoice,14
1718906733.0,33.87,0.15165908358387792,0.12383767296016084,0.027821410619969317,MarketGridChoice,14
1718906733.25,33.87,0.15165908358387792,0.12036209987636111,0.031296983703761695,MarketGridChoice,14
1718906733.5,33.87,0.15165908358387792,0.11710836634613453,0.03455071723399346,MarketGridChoice,14
1718906733.75,33.87,0.15165908358387792,0.11409429518662795,0.03756478839351847,MarketGridChoice,14
1718906734.0,33.84,0.09046610874663003,0.11133371588450866,-0.020867607141578134,MarketGridChoice,14
1718906734.25,33.84,0.09046610874663003,0.1088362887109884,-0.018370179968012358,MarketGridChoice,14
1718906734.5,33.84,0.09046610874663003,0.1066073944994187,-0.01614128575638393,MarketGridChoice,14
1718906734.75,33.84,0.09046610874663003,0.10464809528447439,-0.014181986541368076,MarketGridChoice,14
1718906735.0,33.84,0.09046610874663003,0.10295517052827477,-0.012489061785084788,MarketGridChoice,14
1718906735.25,33.84,0.09046610874663003,0.10152123259141115,-0.011055123848126331,MarketGridChoice,14
1718906735.5,33.84,0.09046610874663003,0.10033492352216954,-0.009868814778779988,MarketGridChoice,14
1718906735.75,33.84,0.09046610874663003,0.09938119325782957,-0.00891508451432693,MarketGridChoice,14
1718906736.0,33.84,0.09046610874663003,0.09864165708712737,-0.008175548343505113,MarketGridChoice,14
1718906736.25,33.84,0.09046610874663003,0.09809502783182698,-0.007628919088080596,ForecastPage,14
1718906736.5,33.84,0.09046610874663003,0.09771761577392477,-0.007251507030051877,ForecastPage,14
1718906736.75,33.84,0.09046610874663003,0.097483886978141,-0.007017778234141454,ForecastPage,14
1718906737.0,33.84,0.09046610874663003,0.09736706842274265,-0.0069009596786183585,ForecastPage,14
1718906737.25,33.84,0.09046610874663003,0.09733978633395052,-0.006873677589705377,ForecastPage,14
1718906737.5,33.84,0.09046610874663003,0.09737472239339953,-0.006908613649039307,ForecastPage,14
1718906737.75,33.84,0.09046610874663003,0.09744527112370663,-0.006979162379238903,ForecastPage,14
1718906738.0,33.84,0.09046610874663003,0.09752618082103479,-0.0070600720764689325,ForecastPage,14
1718906738.25,33.84,0.09046610874663003,0.09759415996109183,-0.007128051216438832,ForecastPage,14
1718906738.5,33.84,0.09046610874663003,0.0976284311211702,-0.00716232237644238,ForecastPage,14
1718906738.75,33.84,0.09046610874663003,0.09761121520053744,-0.007145106455748148,ForecastPage,14
1718906739.0,33.87,0.15165908358387792,0.0975281301494564,0.054130953432628255,ForecastPage,14
1718906739.25,33.87,0.15165908358387792,0.09736849059298501,0.05429059298913275,ForecastPage,14
1718906739.5,33.87,0.15165908358387792,0.09712549769440586,0.054533585887730524,ForecastPage,14
1718906739.75,33.87,0.15165908358387792,0.09679631231276085,0.05486277126937969,ForecastPage,14
1718906740.0,33.84,0.09046610874663003,0.09638200882068869,-0.005915900075806092,ForecastPage,14
1718906740.25,33.84,0.09046610874663003,0.09588741157784587,-0.005421302832987102,ForecastPage,14
1718906740.5,33.84,0.09046610874663003,0.09532082062328148,-0.004854711878459459,ForecastPage,14
1718906740.75,33.84,0.09046610874663003,0.09469363727657377,-0.004227528531800029,ForecastPage,14
1718906741.0,33.83,0.0700684504675329,0.09401990373084197,-0.02395145326522341,ForecastPage,14
1718906741.25,33.83,0.0700684504675329,0.09331577322249057,-0.023247322756937923,ForecastPage,14
1718906741.5,33.83,0.0700684504675329,0.0925989289347415,-0.02253047846926039,ForecastPage,14
1718906741.75,33.83,0.0700684504675329,0.09188797048077921,-0.021819520015372885,ForecastPage,14
1718906742.0,33.84,0.09046610874663003,0.09120178672206941,-0.000735677977641569,ForecastPage,14
1718906742.25,33.84,0.09046610874663003,0.09055893295698371,-9.282421262975932e-05,ForecastPage,14
1718906742.5,33.84,0.09046610874663003,0.08997702933801041,0.0004890794062736258,ForecastPage,14
1718906742.75,33.84,0.09046610874663003,0.08947219590982154,0.0009939128343986608,ForecastPage,14
1718906743.0,33.84,0.09046610874663003,0.08905853803545276,0.0014075707087114631,ForecastPage,14
1718906743.25,33.84,0.09046610874663003,0.08874769427280207,0.0017184144713153892,ForecastPage,14
1718906743.5,33.84,0.09046610874663003,0.08854845701286267,0.0019176517312182347,ForecastPage,14
1718906743.75,33.84,0.09046610874663003,0.08846647440130988,0.0019996343427452342,ForecastPage,14
1718906744.0,33.84,0.09046610874663003,0.08850404023007971,0.0019620685139605217,ForecastPage,14
1718906744.25,33.84,0.09046610874663003,0.08865997659363437,0.0018061321504016334,ForecastPage,14
1718906744.5,33.84,0.09046610874663003,0.08892961214095137,0.00153649660309046,ForecastPage,14
1718906744.75,33.84,0.09046610874663003,0.08930485670234291,0.0011612520417138574,ForecastPage,14
1718906745.0,33.83,0.0700684504675329,0.08977437091290494,-0.01970592044792243,ForecastPage,14
1718906745.25,33.83,0.0700684504675329,0.09032382717679996,-0.020255376711788002,ForecastPage,14
1718906745.5,33.83,0.0700684504675329,0.0909362559135536,-0.02086780544850696,ForecastPage,14
1718906745.75,33.83,0.0700684504675329,0.09159246851869167,-0.0215240180536064,ForecastPage,14
1718906746.0,33.83,0.0700684504675329,0.09227154591838305,-0.022203095453256466,ForecastPage,14
1718906746.25,33.83,0.0700684504675329,0.09295137911438947,-0.022882928649219984,ForecastPage,14
1718906746.5,33.83,0.0700684504675329,0.0936092458586421,-0.023540795393428765,ForecastPage,14
1718906746.75,33.83,0.0700684504675329,0.09422240575106862,-0.024153955285810685,ForecastPage,14
1718906747.0,33.87,0.15165908358387792,0.09476869481829357,0.05689038876335492,ForecastPage,14
1718906747.25,33.87,0.15165908358387792,0.09522710020344313,0.05643198337825219,ForecastPage,14
1718906747.5,33.87,0.15165908358387792,0.09557829615021884,0.0560807874315247,ForecastPage,14
1718906747.75,33.87,0.15165908358387792,0.09580512408599332,0.05585395949579949,ForecastPage,14
1718906748.0,33.84,0.09046610874663003,0.09589300223707845,-0.005426893492483834,ForecastPage,14
1718906748.25,33.84,0.09046610874663003,0.0958302536056612,-0.005364144861017203,ForecastPage,14
1718906748.5,33.84,0.09046610874663003,0.0956083449362886,-0.005142236191596098,ForecastPage,14
1718906748.75,33.84,0.09046610874663003,0.09522203311507081,-0.0047559243703310695,ForecastPage,14
1718906749.0,33.84,0.09046610874663003,0.09466941897745089,-0.004203310232665399,ForecastPage,14
1718906749.25,33.84,0.09046610874663003,0.09395191158478594,-0.0034858028399565094,ForecastPage,14
1718906749.5,33.84,0.09046610874663003,0.09307410861615012,-0.002607999871278885,ForecastPage,14
1718906749.75,33.84,0.09046610874663003,0.092043600624568,-0.0015774918796573481,ForecastPage,14
1718906750.0,33.84,0.09046610874663003,0.09087070856266086,-0.0004045998177132984,ForecastPage,14
1718906750.25,33.84,0.09046610874663003,0.08956816522821405,0.0008979435167679219,ForecastPage,14
1718906750.5,33.84,0.09046610874663003,0.08815075214614003,0.002315356598873981,ForecastPage,14
1718906750.75,33.84,0.09046610874663003,0.08663490391229897,0.003831204832744838,ForecastPage,14
1718906751.0,33.83,0.0700684504675329,0.08503829218991373,-0.014969841723939357,ForecastPage,14
1718906751.25,33.83,0.0700684504675329,0.08337940137519884,-0.013310950909198888,ForecastPage,14
1718906751.5,33.83,0.0700684504675329,0.0816771074360149,-0.01160865696999143,ForecastPage,14
1718906751.75,33.83,0.0700684504675329,0.0799502705858325,-0.009881820119787454,ForecastPage,14
1718906752.0,33.83,0.0700684504675329,0.07821735132012046,-0.008148900854055549,ForecastPage,14
1718906752.25,33.83,0.0700684504675329,0.07649605798070826,-0.006427607514624777,ForecastPage,14
1718906752.5,33.83,0.0700684504675329,0.07480303251674186,-0.0047345820506406785,ForecastPage,14
1718906752.75,33.83,0.0700684504675329,0.07315357957622774,-0.003085129110109351,ForecastPage,14
1718906753.0,33.84,0.09046610874663003,0.07156144257978558,0.01890466616544684,ForecastPage,14
1718906753.25,33.84,0.09046610874663003,0.07003862907208064,0.020427479673168353,ForecastPage,14
1718906753.5,33.84,0.09046610874663003,0.06859528646639451,0.021870822278870376,ForecastPage,14
1718906753.75,33.84,0.09046610874663003,0.0672396283058889,0.0232264804393907,ForecastPage,14
1718906754.0,33.81,0.029273133909367647,0.06597791031955794,-0.03670477641152785,ForecastPage,14
1718906754.25,33.81,0.029273133909367647,0.06481445475388148,-0.035541320845841176,ForecastPage,14
1718906754.5,33.81,0.029273133909367647,0.06375172058696699,-0.03447858667891981,ForecastPage,14
1718906754.75,33.81,0.029273133909367647,0.0627904161859392,-0.03351728227788906,ForecastPage,14
1718906755.0,33.84,0.09046610874663003,0.06192964975158603,0.028536458993725117,ForecastPage,14
1718906755.25,33.84,0.09046610874663003,0.06116711162930018,0.02929899711600531,ForecastPage,14
1718906755.5,33.84,0.09046610874663003,0.06049928145570243,0.029966827289593337,ForecastPage,14
1718906755.75,33.84,0.09046610874663003,0.0599216523496202,0.03054445639566217,ForecastPage,14
1718906756.0,33.81,0.029273133909367647,0.05942896403746787,-0.030155830129464586,ForecastPage,14
1718906756.25,33.81,0.029273133909367647,0.05901543688219173,-0.029742302974208174,ForecastPage,14
1718906756.5,33.81,0.029273133909367647,0.05867499911880621,-0.02940186521084501,ForecastPage,14
1718906756.75,33.81,0.029273133909367647,0.058401500038879325,-0.029128366130942537,ForecastPage,14
1718906757.0,33.84,0.09046610874663003,0.05818890234788258,0.03227720639729073,ForecastPage,14
1718906757.25,33.84,0.09046610874663003,0.058031447504628034,0.03243466124051872,ForecastPage,14
1718906757.5,33.84,0.09046610874663003,0.057923788690156255,0.03254232005496394,ForecastPage,14
1718906757.75,33.84,0.09046610874663003,0.05786108729025184,0.03260502145484243,ForecastPage,14
1718906758.0,33.83,0.0700684504675329,0.05783907046259594,0.012229380003376557,ForecastPage,14
1718906758.25,33.83,0.0700684504675329,0.05785404941256747,0.01221440105338205,ForecastPage,14
1718906758.5,33.83,0.0700684504675329,0.05790290022726634,0.012165550238662205,ForecastPage,14
1718906758.75,33.83,0.0700684504675329,0.05798301127614834,0.012085439189761377,ForecastPage,14
1718906759.0,33.81,0.029273133909367647,0.05809220305311462,-0.028819069145386907,ForecastPage,14
1718906759.25,33.81,0.029273133909367647,0.058228627728122304,-0.028955493820409486,ForecastPage,14
1718906759.5,33.81,0.029273133909367647,0.058390656470846077,-0.029117522563146557,ForecastPage,14
1718906759.75,33.81,0.029273133909367647,0.058576762746461765,-0.029303628838774035,ForecastPage,14
1718906760.0,33.83,0.0700684504675329,0.058785409292903636,0.01128304117293917,ForecastPage,14
1718906760.25,33.83,0.0700684504675329,0.05901494549149022,0.011053504974344226,ForecastPage,14
1718906760.5,33.83,0.0700684504675329,0.05926352052294851,0.010804929942879522,ForecastPage,14
1718906760.75,33.83,0.0700684504675329,0.05952901624441817,0.010539434221405384,ForecastPage,14
1718906761.0,33.81,0.029273133909367647,0.05980900225653256,-0.030535868348876834,ForecastPage,14
1718906761.25,33.81,0.029273133909367647,0.06010071419534289,-0.03082758028768781,ForecastPage,14
1718906761.5,33.81,0.029273133909367647,0.06040105486499117,-0.031127920957334698,ForecastPage,14
1718906761.75,33.81,0.029273133909367647,0.06070661640925784,-0.03143348250159761,ForecastPage,14
1718906762.0,33.84,0.09046610874663003,0.06101372035228094,0.029452388392648264,ForecastPage,14
1718906762.25,33.84,0.09046610874663003,0.06131847115674532,0.02914763758819386,ForecastPage,14
1718906762.5,33.84,0.09046610874663003,0.06161681814286396,0.028849290602088806,ForecastPage,14
1718906762.75,33.84,0.09046610874663003,0.06190462035516165,0.028561488389808258,ForecastPage,14
1718906763.0,33.83,0.0700684504675329,0.06217770933064149,0.007890741135251716,ForecastPage,14
1718906763.25,33.83,0.0700684504675329,0.06243194565340113,0.007636504812515297,ForecastPage,14
1718906763.5,33.83,0.0700684504675329,0.06266326651358328,0.007405183952358651,ForecastPage,14
1718906763.75,33.83,0.0700684504675329,0.0628677230172166,0.007200727448752603,ForecastPage,14
1718906764.0,33.83,0.0700684504675329,0.0630415075291359,0.007026942936861831,ForecastPage,14
1718906764.25,33.83,0.0700684504675329,0.06318097272865843,0.006887477737368563,ForecastPage,14
1718906764.5,33.83,0.0700684504675329,0.06328264521274798,0.006785805253308463,ForecastPage,14
1718906764.75,33.83,0.0700684504675329,0.06334323731416229,0.006725213151923224,ForecastPage,14
1718906765.0,33.81,0.029273133909367647,0.06335966124329886,-0.03408652733535054,ForecastPage,14
1718906765.25,33.81,0.029273133909367647,0.06332904965003434,-0.03405591574205957,ForecastPage,14
1718906765.5,33.81,0.029273133909367647,0.06324878619188212,-0.033975652283883086,ForecastPage,14
1718906765.75,33.81,0.029273133909367647,0.06311654868890304,-0.033843414780882264,ForecastPage,14
1718906766.0,33.83,0.0700684504675329,0.06293036602388573,0.00713808444231942,ForecastPage,14
1718906766.25,33.83,0.0700684504675329,0.06268868827838511,0.0073797621878366575,ForecastPage,14
1718906766.5,33.83,0.0700684504675329,0.06239046791233677,0.007677982553899312,ForecastPage,14
1718906766.75,33.83,0.0700684504675329,0.06203524832744438,0.00803320213880395,ForecastPage,14
1718906767.0,33.83,0.0700684504675329,0.061623255070034556,0.00844519539622422,ForecastPage,14
1718906767.25,33.83,0.0700684504675329,0.06115548430349574,0.008912966162771818,MarketWaitPage,14
1718906767.5,33.83,0.0700684504675329,0.06063378300967302,0.009434667456601797,MarketWaitPage,14
1718906767.75,33.83,0.0700684504675329,0.06006091561116559,0.010007534855115047,MarketWaitPage,14
1718906768.0,33.83,0.0700684504675329,0.05944061227080839,0.010627838195476629,MarketWaitPage,14
1718906768.25,33.83,0.0700684504675329,0.05877759494159823,0.01129085552468979,MarketWaitPage,14
1718906768.5,33.83,0.0700684504675329,0.05807757822611535,0.011990872240174434,MarketWaitPage,14
1718906768.75,33.83,0.0700684504675329,0.05734724317042534,0.012721207295865148,MarketWaitPage,14
1718906769.0,33.81,0.029273133909367647,0.05659418316992121,-0.027321049261796147,MarketWaitPage,14
1718906769.25,33.81,0.029273133909367647,0.055826822107962096,-0.026553688199837874,MarketWaitPage,14
1718906769.5,33.81,0.029273133909367647,0.05505430559747864,-0.025781171689355623,MarketWaitPage,14
1718906769.75,33.81,0.029273133909367647,0.054286366704113624,-0.025013232795991658,MarketWaitPage,14
1718906770.0,33.83,0.0700684504675329,0.05353316782111943,0.01653528264516761,MarketWaitPage,14
1718906770.25,33.83,0.0700684504675329,0.0528051205483835,0.01726332991790496,MarketWaitPage,14
1718906770.5,33.83,0.0700684504675329,0.05211268566215124,0.01795576480414089,MarketWaitPage,14
1718906770.75,33.83,0.0700684504675329,0.05146615570271385,0.018602294763584645,MarketWaitPage,14
1718906771.0,33.83,0.0700684504675329,0.050875423440561285,0.019193027025746594,MarketWaitPage,14
1718906771.25,33.83,0.0700684504675329,0.05034974049638428,0.019718709969936094,MarketWaitPage,14
1718906771.5,33.83,0.0700684504675329,0.049897471591554,0.020170978874781798,MarketWaitPage,14
1718906771.75,33.83,0.0700684504675329,0.049525851147046863,0.020542599319306836,MarketWaitPage,14
1718906772.0,33.81,0.029273133909367647,0.049240750061662036,-0.019967616153453924,MarketWaitPage,14
1718906772.25,33.81,0.029273133909367647,0.04904646131084008,-0.01977332740261144,RoundResultsPage,14
1718906772.5,33.81,0.029273133909367647,0.04894551335302415,-0.019672379444775005,RoundResultsPage,14
1718906772.75,33.81,0.029273133909367647,0.04893852008939402,-0.01966538618112519,RoundResultsPage,14
1718906773.0,33.81,0.029273133909367647,0.049024075247733806,-0.019750941339446756,RoundResultsPage,14
1718906773.25,33.81,0.029273133909367647,0.04919869759606229,-0.01992556368775897,RoundResultsPage,14
1718906773.5,33.81,0.029273133909367647,0.04945683145667699,-0.020183697548359754,RoundResultsPage,14
1718906773.75,33.81,0.029273133909367647,0.049790904750349,-0.020517770842020455,RoundResultsPage,14
1718906774.0,33.83,0.0700684504675329,0.050191444433747776,0.019877006032754684,RoundResultsPage,14
1718906774.25,33.83,0.0700684504675329,0.05064724688172461,0.01942120358478396,RoundResultsPage,14
1718906774.5,33.83,0.0700684504675329,0.051145598675992957,0.01892285179051932,RoundResultsPage,14
1718906774.75,33.83,0.0700684504675329,0.05167254151685554,0.018395908949658132,RoundResultsPage,14
1718906775.0,33.81,0.029273133909367647,0.052213173624064066,-0.02294003971571652,RoundResultsPage,14
1718906775.25,33.81,0.029273133909367647,0.052751978999382755,-0.023478845091038352,RoundResultsPage,14
1718906775.5,33.81,0.029273133909367647,0.05327317519242888,-0.02400004128408987,RoundResultsPage,14
1718906775.75,33.81,0.029273133909367647,0.053761069652840186,-0.02448793574450866,RoundResultsPage,14
1718906776.0,33.83,0.0700684504675329,0.05420041434147132,0.01586803612501625,RoundResultsPage,14
1718906776.25,33.83,0.0700684504675329,0.054576748078003556,0.015491702388473543,RoundResultsPage,14
1718906776.5,33.83,0.0700684504675329,0.054876716254762856,0.01519173421170305,RoundResultsPage,14
1718906776.75,33.83,0.0700684504675329,0.055088358184061915,0.014980092282392552,RoundResultsPage,14
1718906777.0,33.84,0.09046610874663003,0.05520135354922163,0.0352647551963188,RoundResultsPage,14
1718906777.25,33.84,0.09046610874663003,0.0552072211898637,0.03525888755566639,RoundResultsPage,14
1718906777.5,33.84,0.09046610874663003,0.055099465679636785,0.035366643065884266,RoundResultsPage,14
1718906777.75,33.84,0.09046610874663003,0.05487366969449659,0.03559243905101704,RoundResultsPage,14
1718906778.0,33.81,0.029273133909367647,0.054527532813886226,-0.02525439890564067,RoundResultsPage,14
1718906778.25,33.81,0.029273133909367647,0.0540608598934896,-0.024787725985248133,RoundResultsPage,14
1718906778.5,33.81,0.029273133909367647,0.0534755042301533,-0.024202370321914482,RoundResultsPage,14
1718906778.75,33.81,0.029273133909367647,0.05277527218415839,-0.023502138275920854,RoundResultsPage,14
1718906779.0,33.81,0.029273133909367647,0.05196579661499285,-0.022692662706755264,RoundResultsPage,14
1718906779.25,33.81,0.029273133909367647,0.051054386443341565,-0.021781252535102553,RoundResultsPage,14
1718906779.5,33.81,0.029273133909367647,0.050049859006019985,-0.020776725097778136,RoundResultsPage,14
1718906779.75,33.81,0.029273133909367647,0.04896236081540257,-0.019689226907156403,RoundResultsPage,14
1718906780.0,33.83,0.0700684504675329,0.04780318108216927,0.02226526938424806,RoundResultsPage,14
1718906780.25,33.83,0.0700684504675329,0.04658456111593319,0.023483889350491796,RoundResultsPage,14
1718906780.5,33.83,0.0700684504675329,0.04531950166395364,0.024748948802480727,RoundResultsPage,14
1718906780.75,33.83,0.0700684504675329,0.04402156951122454,0.026046880955220744,RoundResultsPage,14
1718906781.0,33.81,0.029273133909367647,0.04270470428554762,-0.013431570377255505,RoundResultsPage,14
1718906781.25,33.81,0.029273133909367647,0.04138302632785814,-0.012109892419553212,RoundResultsPage,14
1718906781.5,33.81,0.029273133909367647,0.040070646567578715,-0.010797512659260732,RoundResultsPage,14
1718906781.75,33.81,0.029273133909367647,0.03878147943999392,-0.009508345531663027,RoundResultsPage,14
1718906782.0,33.81,0.029273133909367647,0.037529059901833486,-0.008255925993490128,RoundResultsPage,14
1718906782.25,33.81,0.029273133909367647,0.03632636552457214,-0.0070532316162168944,RoundResultsPage,14
1718906782.5,33.81,0.029273133909367647,0.03518564452009978,-0.005912510611733259,RoundResultsPage,14
1718906782.75,33.81,0.029273133909367647,0.034118250460630634,-0.004845116552253353,RoundResultsPage,14
1718906783.0,33.83,0.0700684504675329,0.033134484478731165,0.03693396598782186,RoundResultsPage,14
1718906783.25,33.83,0.0700684504675329,0.03224344594734156,0.03782500451922202,RiskPage1,14
1718906783.5,33.83,0.0700684504675329,0.031452893089380776,0.03861555737719373,RiskPage1,14
1718906783.75,33.83,0.0700684504675329,0.030769115642548413,0.03929933482403743,RiskPage1,14
1718906784.0,33.79,-0.011522182648812102,0.03019682251065115,-0.04171900516039869,RiskPage1,14
1718906784.25,33.79,-0.011522182648812102,0.0297390480762047,-0.041261230725940685,RiskPage1,14
1718906784.5,33.79,-0.011522182648812102,0.0293970812853545,-0.04091926393507929,RiskPage1,14
1718906784.75,33.79,-0.011522182648812102,0.02917042153780088,-0.04069260418751493,RiskPage1,14
1718906785.0,33.81,0.029273133909367647,0.029056764746659566,0.0002163691618165299,RiskPage1,14
1718906785.25,33.81,0.029273133909367647,0.02905202177599079,0.00022111213249558642,RiskPage1,14
1718906785.5,33.81,0.029273133909367647,0.02915037005188399,0.00012276385661275264,RiskPage1,14
1718906785.75,33.81,0.029273133909367647,0.02934433775271765,-7.120384421031162e-05,RiskPage1,14
1718906786.0,33.83,0.0700684504675329,0.029624918844605858,0.04044353162207774,RiskPage1,14
1718906786.25,33.83,0.0700684504675329,0.029981716477063033,0.040086733989632126,RiskPage1,14
1718906786.5,33.83,0.0700684504675329,0.030403111935325765,0.03966533853138149,RiskPage1,14
1718906786.75,33.83,0.0700684504675329,0.030876456414895965,0.03919199405182366,RiskPage1,14
1718906787.0,33.79,-0.011522182648812102,0.03138828320365311,-0.042910465853266314,RiskPage1,14
1718906787.25,33.79,-0.011522182648812102,0.03192453820275954,-0.04344672085236129,RiskPage1,14
1718906787.5,33.79,-0.011522182648812102,0.03247082682317998,-0.04399300947277138,RiskPage1,14
1718906787.75,33.79,-0.011522182648812102,0.033012674942001406,-0.044534857591583724,RiskPage1,14
1718906788.0,33.81,0.029273133909367647,0.03353580071728027,-0.004262666808674893,RiskPage1,14
1718906788.25,33.81,0.029273133909367647,0.03402639275189527,-0.0047532588432827455,RiskPage2,14
1718906788.5,33.81,0.029273133909367647,0.03447138861981882,-0.005198254711199578,RiskPage2,14
1718906788.75,33.81,0.029273133909367647,0.03485874642587459,-0.0055856125172486955,RiskPage2,14
1718906789.0,33.83,0.0700684504675329,0.03517770112584964,0.03489074934094846,RiskPage2,14
1718906789.25,33.83,0.0700684504675329,0.035418996965923454,0.03464945350088226,RiskPage2,14
1718906789.5,33.83,0.0700684504675329,0.035575087697241506,0.03449336276957275,RiskPage2,14
1718906789.75,33.83,0.0700684504675329,0.035640297186331375,0.03442815328049245,RiskPage2,14
1718906790.0,33.81,0.029273133909367647,0.03561093458719066,-0.0063378006785215525,RiskPage2,14
1718906790.25,33.81,0.029273133909367647,0.03548536018767163,-0.00621222627899129,RiskPage2,14
1718906790.5,33.81,0.029273133909367647,0.03526400015307739,-0.005990866244385471,RiskPage2,14
1718906790.75,33.81,0.029273133909367647,0.0349493104268891,-0.005676176518185574,RiskPage2,14
1718906791.0,33.81,0.029273133909367647,0.03454569183741821,-0.005272557928703389,RiskPage2,14
1718906791.25,33.81,0.029273133909367647,0.03405935991478826,-0.004786226006062785,RiskPage2,14
1718906791.5,33.81,0.029273133909367647,0.03349817403642747,-0.004225040127692198,RiskPage2,14
1718906791.75,33.81,0.029273133909367647,0.03287143132521897,-0.0035982974164749364,RiskPage2,14
1718906792.0,33.81,0.029273133909367647,0.03218963127048332,-0.002916497361731666,RiskPage2,14
1718906792.25,33.81,0.029273133909367647,0.03146421737595074,-0.0021910834671927167,RiskPage2,14
1718906792.5,33.81,0.029273133909367647,0.03070730230463716,-0.0014341683958740883,RiskPage2,14
1718906792.75,33.81,0.029273133909367647,0.029931383026752575,-0.0006582491179858161,RiskPage2,14
1718906793.0,33.81,0.029273133909367647,0.02914905241639848,0.00012408149237060854,RiskPage2,14
1718906793.25,33.81,0.029273133909367647,0.02837271361257487,0.0009004202961952184,RiskPage2,14
1718906793.5,33.81,0.029273133909367647,0.027614303280006275,0.0016588306287635447,RiskPage2,14
1718906793.75,33.81,0.029273133909367647,0.026885029688678248,0.0023881042200901087,RiskPage2,14
1718906794.0,33.81,0.029273133909367647,0.02619513128381985,0.0030780026249459355,RiskPage2,14
1718906794.25,33.81,0.029273133909367647,0.025553661139282577,0.003719472769479626,RiskPage3,14
1718906794.5,33.81,0.029273133909367647,0.024968302368651347,0.0043048315401063575,RiskPage3,14
1718906794.75,33.81,0.029273133909367647,0.024445219194826406,0.004827914713925952,RiskPage3,14
1718906795.0,33.81,0.029273133909367647,0.023988947928394812,0.005284185980351363,RiskPage3,14
1718906795.25,33.81,0.029273133909367647,0.023602331549688826,0.005670802359050309,RiskPage3,14
1718906795.5,33.81,0.029273133909367647,0.023286500894928362,0.005986633013802806,RiskPage3,14
1718906795.75,33.81,0.029273133909367647,0.023040904573795064,0.0062322293349271135,RiskPage3,14
1718906796.0,33.79,-0.011522182648812102,0.022863388650256763,-0.03438557129972445,RiskPage3,14
1718906796.25,33.79,-0.011522182648812102,0.022750325756016328,-0.0342725084054953,RiskPage3,14
1718906796.5,33.79,-0.011522182648812102,0.022696791645301636,-0.0342189742947929,RiskPage3,14
1718906796.75,33.79,-0.011522182648812102,0.02269678525122369,-0.034218967900727947,RiskPage3,14
1718906797.0,33.81,0.029273133909367647,0.022743486153402017,0.006529647755260194,RiskPage3,14
1718906797.25,33.81,0.029273133909367647,0.022829541188091555,0.006443592720557594,RiskPage3,14
1718906797.5,33.81,0.029273133909367647,0.02294736995999958,0.006325763948637212,RiskPage3,14
1718906797.75,33.81,0.029273133909367647,0.023089477483142738,0.006183656425482776,RiskPage3,14
1718906798.0,33.81,0.029273133909367647,0.02324876125880648,0.006024372649809112,RiskPage3,14
1718906798.25,33.81,0.029273133909367647,0.02341879987462117,0.005854334033986036,RiskPage3,14
1718906798.5,33.81,0.029273133909367647,0.02359411068563654,0.00567902322296395,RiskPage3,14
1718906798.75,33.81,0.029273133909367647,0.023770365278116677,0.005502768630478815,RiskPage3,14
1718906799.0,33.83,0.0700684504675329,0.02394455316578781,0.046123897300969746,RiskPage3,14
1718906799.25,33.83,0.0700684504675329,0.024115086466620334,0.04595336400013587,RiskPage4,14
1718906799.5,33.83,0.0700684504675329,0.024281841080502957,0.04578660938625357,RiskPage4,14
1718906799.75,33.83,0.0700684504675329,0.024446133015913044,0.04562231745084508,RiskPage4,14
1718906800.0,33.79,-0.011522182648812102,0.024610631802697822,-0.03613281445228245,RiskPage4,14
1718906800.25,33.79,-0.011522182648812102,0.024779216099473023,-0.036301398749055344,RiskPage4,14
1718906800.5,33.79,-0.011522182648812102,0.024956779335994345,-0.03647896198557479,RiskPage4,14
1718906800.75,33.79,-0.011522182648812102,0.025148995247442008,-0.03667117789702119,RiskPage4,14
1718906801.0,33.81,0.029273133909367647,0.025362054323820615,0.00391107958478068,RiskPage4,14
1718906801.25,33.81,0.029273133909367647,0.025602382560147078,0.0036707513484546886,RiskPage4,14
1718906801.5,33.81,0.029273133909367647,0.025876353639038615,0.003396780269563665,RiskPage4,14
1718906801.75,33.81,0.029273133909367647,0.02619000504033324,0.0030831288682698042,RiskPage4,14
1718906802.0,33.81,0.029273133909367647,0.02654876774332458,0.0027243661652795216,RiskPage4,14
1718906802.25,33.81,0.029273133909367647,0.026957218272694365,0.002315915635910973,RiskPage4,14
1718906802.5,33.81,0.029273133909367647,0.027418860870860304,0.001854273037746202,RiskPage4,14
1718906802.75,33.81,0.029273133909367647,0.02793594654680032,0.0013371873618069508,RiskPage4,14
1718906803.0,33.81,0.029273133909367647,0.028509334630296205,0.0007637992783110356,RiskPage4,14
1718906803.25,33.81,0.029273133909367647,0.0291384012264726,0.00013473268213332664,RiskPage4,14
1718906803.5,33.81,0.029273133909367647,0.029820997597484022,-0.0005478636888812118,RiskPage4,14
1718906803.75,33.81,0.029273133909367647,0.030553459979551306,-0.0012803260709538982,RiskPage4,14
1718906804.0,33.79,-0.011522182648812102,0.03133067066280649,-0.04285285331239694,RiskPage4,14
1718906804.25,33.79,-0.011522182648812102,0.03214616831617359,-0.0436683509657752,PreMarketWait,15
1718906804.5,33.79,-0.011522182648812102,0.032992303549977196,-0.04451448619959311,PreMarketWait,15
1718906804.75,33.79,-0.011522182648812102,0.03386043364627788,-0.045382616295911116,PreMarketWait,15
1718906805.0,33.84,0.09046610874663003,0.034741148406182504,0.05572496033960657,PreMarketWait,15
1718906805.25,33.84,0.09046610874663003,0.03562451741127449,0.05484159133449304,PreMarketWait,15
1718906805.5,33.84,0.09046610874663003,0.03650034796334869,0.053965760782396316,PreMarketWait,15
1718906805.75,33.84,0.09046610874663003,0.037358442784164815,0.053107665961557235,PreMarketWait,15
1718906806.0,33.81,0.029273133909367647,0.03818884728633174,-0.00891571337789504,PreMarketWait,15
1718906806.25,33.81,0.029273133909367647,0.03898207771217609,-0.009708943803762173,PreMarketWait,15
1718906806.5,33.81,0.029273133909367647,0.0397293233623538,-0.010456189453962192,PreMarketWait,15
1718906806.75,33.81,0.029273133909367647,0.04042261814628088,-0.011149484237910911,PreMarketWait,15
1718906807.0,33.81,0.029273133909367647,0.041054978511649534,-0.011781844603300215,PreMarketWait,15
1718906807.25,33.81,0.029273133909367647,0.04162050631874747,-0.01234737241041745,PreMarketWait,15
1718906807.5,33.81,0.029273133909367647,0.042114456408932806,-0.012841322500620318,PreMarketWait,15
1718906807.75,33.81,0.029273133909367647,0.042533269541181966,-0.013260135632884727,PreMarketWait,15
1718906808.0,33.83,0.0700684504675329,0.04287457213299788,0.02719387833345217,PreMarketWait,15
1718906808.25,33.83,0.0700684504675329,0.04313714494670911,0.026931305519731736,PreMarketWait,15
1718906808.5,33.83,0.0700684504675329,0.0433208636029198,0.02674758686351525,PreMarketWait,15
1718906808.75,33.83,0.0700684504675329,0.04342661463314019,0.026641835833292393,PreMarketWait,15
1718906809.0,33.81,0.029273133909367647,0.04345619168313987,-0.014183057774872013,PreMarketWait,15
1718906809.25,33.81,0.029273133909367647,0.043412177340191725,-0.014139043431920824,PreMarketWait,15
1718906809.5,33.81,0.029273133909367647,0.04329781671506544,-0.014024682806789517,PreMarketWait,15
1718906809.75,33.81,0.029273133909367647,0.043116889199062536,-0.013843755290780082,PreMarketWait,15
1718906810.0,33.81,0.029273133909367647,0.04287358463561185,-0.013600450727321729,PreMarketWait,15
1718906810.25,33.81,0.029273133909367647,0.04257238948332727,-0.013299255575028642,PreMarketWait,15
1718906810.5,33.81,0.029273133909367647,0.0422179874686888,-0.012944853560381072,PreMarketWait,15
1718906810.75,33.81,0.029273133909367647,0.041815177840970004,-0.012542043932652795,PreMarketWait,15
1718906811.0,33.81,0.029273133909367647,0.04136881277412185,-0.01209567886579494,PreMarketWait,15
1718906811.25,33.81,0.029273133909367647,0.040883753835957014,-0.01161061992762024,PreMarketWait,15
1718906811.5,33.81,0.029273133909367647,0.040364845887695434,-0.011091711979348606,PreMarketWait,15
1718906811.75,33.81,0.029273133909367647,0.039816905407015296,-0.010543771498658112,PreMarketWait,15
1718906812.0,33.83,0.0700684504675329,0.03924471916141002,0.03082373130512327,PreMarketWait,15
1718906812.25,33.83,0.0700684504675329,0.03865304850425927,0.031415401962285566,PreMarketWait,15
1718906812.5,33.83,0.0700684504675329,0.0380466344107493,0.03202181605580783,PreMarketWait,15
1718906812.75,33.83,0.0700684504675329,0.03743019875237596,0.03263825171419414,PreMarketWait,15
1718906813.0,33.81,0.029273133909367647,0.03680843818219067,-0.007535304273772338,PreMarketWait,15
1718906813.25,33.81,0.029273133909367647,0.03618600822787502,-0.0069128743194427945,MarketGridChoice,15
1718906813.5,33.81,0.029273133909367647,0.03556749655898453,-0.0062943626505380865,MarketGridChoice,15
1718906813.75,33.81,0.029273133909367647,0.03495738569551412,-0.005684251787053167,MarketGridChoice,15
1718906814.0,33.81,0.029273133909367647,0.034360006500199824,-0.005086872591724062,MarketGridChoice,15
1718906814.25,33.81,0.029273133909367647,0.033779484573831633,-0.004506350665340717,MarketGridChoice,15
1718906814.5,33.81,0.029273133909367647,0.03321968215043379,-0.003946548241927342,MarketGridChoice,15
1718906814.75,33.81,0.029273133909367647,0.03268413830550245,-0.0034110043969800773,MarketGridChoice,15
1718906815.0,33.81,0.029273133909367647,0.03217601029469813,-0.002902876386159447,MarketGridChoice,15
1718906815.25,33.81,0.029273133909367647,0.03169801867978422,-0.002424884771228855,MarketGridChoice,15
1718906815.5,33.81,0.029273133909367647,0.03125239861549218,-0.001979264706919802,MarketGridChoice,15
1718906815.75,33.81,0.029273133909367647,0.0308408593025033,-0.001567725393913718,MarketGridChoice,15
1718906816.0,33.81,0.029273133909367647,0.0304645531900271,-0.001191419281420299,MarketGridChoice,15
1718906816.25,33.81,0.029273133909367647,0.030124056063976015,-0.0008509221553521743,MarketGridChoice,15
1718906816.5,33.81,0.029273133909367647,0.02981935870649821,-0.0005462247978577374,MarketGridChoice,15
1718906816.75,33.81,0.029273133909367647,0.029549870378506697,-0.0002767364698502261,MarketGridChoice,15
1718906817.0,33.81,0.029273133909367647,0.029314433973876772,-4.130006520514161e-05,MarketGridChoice,15
1718906817.25,33.81,0.029273133909367647,0.029111352333712703,0.00016178157497305414,MarketGridChoice,15
1718906817.5,33.81,0.029273133909367647,0.028938424899866307,0.00033470900883238565,MarketGridChoice,15
1718906817.75,33.81,0.029273133909367647,0.028792993634231788,0.00048014027447854167,MarketGridChoice,15
1718906818.0,33.81,0.029273133909367647,0.028671996937220463,0.0006011369715001093,MarketGridChoice,15
1718906818.25,33.81,0.029273133909367647,0.028572030165996288,0.0007011037427330433,MarketGridChoice,15
1718906818.5,33.81,0.029273133909367647,0.028489411279366987,0.0007837226293695545,MarketGridChoice,15
1718906818.75,33.81,0.029273133909367647,0.02842025011887009,0.0008528837898721083,MarketGridChoice,15
1718906819.0,33.81,0.029273133909367647,0.028360519870368906,0.0009126140383773997,MarketGridChoice,15
1718906819.25,33.81,0.029273133909367647,0.02830612933201272,0.0009670045767361819,MarketGridChoice,15
1718906819.5,33.81,0.029273133909367647,0.02825299473637331,0.0010201391723767817,MarketGridChoice,15
1718906819.75,33.81,0.029273133909367647,0.028197110029787135,0.001076023878962935,MarketGridChoice,15
1718906820.0,33.81,0.029273133909367647,0.02813461469255591,0.0011385192161931135,MarketGridChoice,15
1718906820.25,33.81,0.029273133909367647,0.028061858381230886,0.001211275527516276,MarketGridChoice,15
1718906820.5,33.81,0.029273133909367647,0.027975461879715023,0.0012976720290297141,MarketGridChoice,15
1718906820.75,33.81,0.029273133909367647,0.027872374049807944,0.0014007598589340666,MarketGridChoice,15
1718906821.0,33.81,0.029273133909367647,0.027749924663969805,0.0015232092447694386,MarketGridChoice,15
1718906821.25,33.81,0.029273133909367647,0.027605873172744863,0.0016672607359917947,MarketGridChoice,15
1718906821.5,33.81,0.029273133909367647,0.02743845359499868,0.001834680313735786,MarketGridChoice,15
1718906821.75,33.81,0.029273133909367647,0.027246415808577035,0.00202671810015579,MarketGridChoice,15
1718906822.0,33.81,0.029273133909367647,0.027029063548889922,0.0022440703598418784,MarketGridChoice,15
1718906822.25,33.81,0.029273133909367647,0.026786289378790767,0.002486844529940588,MarketGridChoice,15
1718906822.5,33.81,0.029273133909367647,0.02651860675912465,0.002754527149606688,MarketGridChoice,15
1718906822.75,33.81,0.029273133909367647,0.02622717910804814,0.003045954800683338,MarketGridChoice,15
1718906823.0,33.79,-0.011522182648812102,0.02591384536983678,-0.03743602801928506,MarketGridChoice,15
1718906823.25,33.79,-0.011522182648812102,0.02558114110324219,-0.03710332375269097,MarketGridChoice,15
1718906823.5,33.79,-0.011522182648812102,0.02523231344286457,-0.036754496092314536,MarketGridChoice,15
1718906823.75,33.79,-0.011522182648812102,0.024871327523937375,-0.03639351017338926,MarketGridChoice,15
1718906824.0,33.83,0.0700684504675329,0.024502861205510224,0.04556558926138034,MarketGridChoice,15
1718906824.25,33.83,0.0700684504675329,0.02413228437678465,0.045936166090102995,MarketGridChoice,15
1718906824.5,33.83,0.0700684504675329,0.02376561902538853,0.04630283144149604,MarketGridChoice,15
1718906824.75,33.83,0.0700684504675329,0.023409476775912316,0.046658973690969135,MarketGridChoice,15
1718906825.0,33.81,0.029273133909367647,0.02307097182090117,0.006202162087811873,MarketGridChoice,15
1718906825.25,33.81,0.029273133909367647,0.022757608930143263,0.00651552497856649,MarketGridChoice,15
1718906825.5,33.81,0.029273133909367647,0.022477148260467615,0.006795985648238544,MarketGridChoice,15
1718906825.75,33.81,0.029273133909367647,0.02223745067234036,0.0070356832363617176,MarketGridChoice,15
1718906826.0,33.79,-0.011522182648812102,0.02204630890806177,-0.03356849155754423,MarketGridChoice,15
1718906826.25,33.79,-0.011522182648812102,0.021911271102984554,-0.03343345375247274,MarketGridChoice,15
1718906826.5,33.79,-0.011522182648812102,0.021839463580824912,-0.03336164623031972,MarketGridChoice,15
1718906826.75,33.79,-0.011522182648812102,0.02183741970848286,-0.03335960235798502,MarketGridChoice,15
1718906827.0,33.81,0.029273133909367647,0.02191092082880907,0.00736221307986086,MarketGridChoice,15
1718906827.25,33.81,0.029273133909367647,0.022064854117460904,0.007208279791201592,MarketGridChoice,15
1718906827.5,33.81,0.029273133909367647,0.022303090848949672,0.006970043059706152,MarketGridChoice,15
1718906827.75,33.81,0.029273133909367647,0.022628387233168817,0.006644746675481601,MarketGridChoice,15
1718906828.0,33.81,0.029273133909367647,0.023042308861762992,0.006230825046883724,MarketGridChoice,15
1718906828.25,33.81,0.029273133909367647,0.023545178959043733,0.005727954949601285,MarketGridChoice,15
1718906828.5,33.81,0.029273133909367647,0.02413605006392001,0.005137083844725486,MarketGridChoice,15
1718906828.75,33.81,0.029273133909367647,0.024812698434258845,0.00446043547438933,MarketGridChoice,15
1718906829.0,33.81,0.029273133909367647,0.025571640306308218,0.0037014936023447203,MarketGridChoice,15
1718906829.25,33.81,0.029273133909367647,0.026408169102535343,0.0028649648061241668,MarketGridChoice,15
1718906829.5,33.81,0.029273133909367647,0.027316412709004086,0.001956721199663408,MarketGridChoice,15
1718906829.75,33.81,0.029273133909367647,0.028289409991271677,0.000983723917404717,MarketGridChoice,15
1718906830.0,33.81,0.029273133909367647,0.02931920574503945,-4.607183635380128e-05,MarketGridChoice,15
1718906830.25,33.81,0.029273133909367647,0.03039696325078813,-0.0011238293420934948,MarketGridChoice,15
1718906830.5,33.81,0.029273133909367647,0.03151309349444957,-0.0022399595857468865,MarketGridChoice,15
1718906830.75,33.81,0.029273133909367647,0.03265739991129669,-0.0033842660025875386,MarketGridChoice,15
1718906831.0,33.81,0.029273133909367647,0.033819237199145286,-0.004546103290431895,MarketGridChoice,15
1718906831.25,33.81,0.029273133909367647,0.03498768233064173,-0.005714548421926917,MarketGridChoice,15
1718906831.5,33.81,0.029273133909367647,0.036151715383794046,-0.006878581475081167,MarketGridChoice,15
1718906831.75,33.81,0.029273133909367647,0.03730040722622898,-0.008027273317521785,MarketGridChoice,15
1718906832.0,33.81,0.029273133909367647,0.038423110463720704,-0.009149976555023268,MarketGridChoice,15
1718906832.25,33.81,0.029273133909367647,0.03950964943985585,-0.010236515531172429,MarketGridChoice,15
1718906832.5,33.81,0.029273133909367647,0.04055050450457089,-0.011277370595905778,MarketGridChoice,15
1718906832.75,33.81,0.029273133909367647,0.041536985318761245,-0.012263851410118484,MarketGridChoice,15
1718906833.0,33.83,0.0700684504675329,0.04246138770448213,0.02760706276229995,MarketGridChoice,15
1718906833.25,33.83,0.0700684504675329,0.04331712856635207,0.02675132190040108,MarketGridChoice,15
1718906833.5,33.83,0.0700684504675329,0.04409885377383679,0.025969596692885143,MarketGridChoice,15
1718906833.75,33.83,0.0700684504675329,0.044802514645329305,0.025265935821359865,MarketGridChoice,15
1718906834.0,33.81,0.029273133909367647,0.045425409783933605,-0.01615227587544325,MarketGridChoice,15
1718906834.25,33.81,0.029273133909367647,0.0459661903707342,-0.016693056462277478,ForecastPage,15
1718906834.5,33.81,0.029273133909367647,0.04642482845978395,-0.01715169455136014,ForecastPage,15
1718906834.75,33.81,0.029273133909367647,0.046802549183008114,-0.017529415274615608,ForecastPage,15
1718906835.0,33.83,0.0700684504675329,0.04710172897317852,0.022966721493350394,ForecastPage,15
1718906835.25,33.83,0.0700684504675329,0.047325762951617174,0.02274268751488613,ForecastPage,15
1718906835.5,33.83,0.0700684504675329,0.047478905572945165,0.022589544893536366,ForecastPage,15
1718906835.75,33.83,0.0700684504675329,0.04756608954489898,0.02250236092156498,ForecastPage,15
1718906836.0,33.81,0.029273133909367647,0.04759272896244717,-0.018319595054161742,ForecastPage,15
1718906836.25,33.81,0.029273133909367647,0.04756451344415742,-0.018291379535881058,ForecastPage,15
1718906836.5,33.81,0.029273133909367647,0.04748720070813346,-0.018214066799862098,ForecastPage,15
1718906836.75,33.81,0.029273133909367647,0.047366415349495934,-0.018093281441225687,ForecastPage,15
1718906837.0,33.83,0.0700684504675329,0.047207461517824206,0.02286098894861391,ForecastPage,15
1718906837.25,33.83,0.0700684504675329,0.047015156764310694,0.023053293702133597,ForecastPage,15
1718906837.5,33.83,0.0700684504675329,0.046793693618506875,0.023274756847946877,ForecastPage,15
1718906837.75,33.83,0.0700684504675329,0.04654653454670433,0.023521915919761743,ForecastPage,15
1718906838.0,33.79,-0.011522182648812102,0.04627634485974907,-0.057798527509613395,ForecastPage,15
1718906838.25,33.79,-0.011522182648812102,0.045984966814991785,-0.057507149464839855,ForecastPage,15
1718906838.5,33.79,-0.011522182648812102,0.04567343648668362,-0.057195619136514345,ForecastPage,15
1718906838.75,33.79,-0.011522182648812102,0.04534204289559308,-0.056864225545405656,ForecastPage,15
1718906839.0,33.83,0.0700684504675329,0.04499042646255086,0.025078024004000492,ForecastPage,15
1718906839.25,33.83,0.0700684504675329,0.04461771132642363,0.02545073914014749,ForecastPage,15
1718906839.5,33.83,0.0700684504675329,0.044222663808725915,0.02584578665786571,ForecastPage,15
1718906839.75,33.83,0.0700684504675329,0.04380386767584851,0.026264582790764233,ForecastPage,15
1718906840.0,33.83,0.0700684504675329,0.043359906081028195,0.026708544385606055,ForecastPage,15
1718906840.25,33.83,0.0700684504675329,0.04288954021372073,0.027178910252935055,ForecastPage,15
1718906840.5,33.83,0.0700684504675329,0.04239187563702404,0.027676574829652793,ForecastPage,15
1718906840.75,33.83,0.0700684504675329,0.041866508854324164,0.028201941612372525,ForecastPage,15
1718906841.0,33.81,0.029273133909367647,0.04131364857746938,-0.012040514668920033,ForecastPage,15
1718906841.25,33.81,0.029273133909367647,0.0407342082257063,-0.011461074317141752,ForecastPage,15
1718906841.5,33.81,0.029273133909367647,0.04012986813411726,-0.010856734225540853,ForecastPage,15
1718906841.75,33.81,0.029273133909367647,0.0395031075991424,-0.010229973690557961,ForecastPage,15
1718906842.0,33.81,0.029273133909367647,0.038857208116915794,-0.009584074208327388,ForecastPage,15
1718906842.25,33.81,0.029273133909367647,0.038196229946130165,-0.008923096037541916,ForecastPage,15
1718906842.5,33.81,0.029273133909367647,0.03752496449222169,-0.008251830583637617,ForecastPage,15
1718906842.75,33.81,0.029273133909367647,0.036848865044103375,-0.007575731135527261,ForecastPage,15
1718906843.0,33.81,0.029273133909367647,0.0361739581896661,-0.006900824281101291,ForecastPage,15
1718906843.25,33.81,0.029273133909367647,0.0355067378807391,-0.00623360397218835,ForecastPage,15
1718906843.5,33.81,0.029273133909367647,0.034854043695343756,-0.005580909786809108,ForecastPage,15
1718906843.75,33.81,0.029273133909367647,0.03422292443186735,-0.004949790523350046,ForecastPage,15
1718906844.0,33.81,0.029273133909367647,0.0336204878369682,-0.004347353928468488,ForecastPage,15
1718906844.25,33.81,0.029273133909367647,0.03305373708111463,-0.0037806031726316342,ForecastPage,15
1718906844.5,33.81,0.029273133909367647,0.03252939461102348,-0.0032562607025551586,ForecastPage,15
1718906844.75,33.81,0.029273133909367647,0.032053714279251695,-0.002780580370794805,ForecastPage,15
1718906845.0,33.83,0.0700684504675329,0.03163228322397837,0.038436167242636765,ForecastPage,15
1718906845.25,33.83,0.0700684504675329,0.031269815883503534,0.03879863458310995,ForecastPage,15
1718906845.5,33.83,0.0700684504675329,0.030969943795142573,0.039098506671475186,ForecastPage,15
1718906845.75,33.83,0.0700684504675329,0.030735006412515746,0.039333444054112376,ForecastPage,15
1718906846.0,33.81,0.029273133909367647,0.03056584996211778,-0.001292716053638697,ForecastPage,15
1718906846.25,33.81,0.029273133909367647,0.0304616431390133,-0.0011885092305126826,ForecastPage,15
1718906846.5,33.81,0.029273133909367647,0.030419719937341015,-0.0011465860288142234,ForecastPage,15
1718906846.75,33.81,0.029273133909367647,0.0304354608460507,-0.0011623269374938811,ForecastPage,15
1718906847.0,33.79,-0.011522182648812102,0.03050222379552418,-0.0420244064451141,ForecastPage,15
1718906847.25,33.79,-0.011522182648812102,0.030611335490161488,-0.042133518139716275,ForecastPage,15
1718906847.5,33.79,-0.011522182648812102,0.030752152072826344,-0.04227433472234463,ForecastPage,15
1718906847.75,33.79,-0.011522182648812102,0.030912195495237303,-0.04243437814471839,ForecastPage,15
1718906848.0,33.81,0.029273133909367647,0.031077368664495387,-0.0018042347557594499,ForecastPage,15
1718906848.25,33.81,0.029273133909367647,0.031232248644736116,-0.001959114735963382,ForecastPage,15
1718906848.5,33.81,0.029273133909367647,0.031360453221798035,-0.0020873193129897043,ForecastPage,15
1718906848.75,33.81,0.029273133909367647,0.03144507229639623,-0.0021719383875543168,ForecastPage,15
1718906849.0,33.81,0.029273133909367647,0.03146915210612596,-0.0021960181972532824,ForecastPage,15
1718906849.25,33.81,0.029273133909367647,0.03141621734860717,-0.0021430834397073405,ForecastPage,15
1718906849.5,33.81,0.029273133909367647,0.03127081397064831,-0.001997680061725713,ForecastPage,15
1718906849.75,33.81,0.029273133909367647,0.031019053741262896,-0.0017459198323225363,ForecastPage,15
1718906850.0,33.81,0.029273133909367647,0.03064914076337791,-0.0013760068544253186,ForecastPage,15
1718906850.25,33.81,0.029273133909367647,0.03015185982011111,-0.0008787259111521515,ForecastPage,15
1718906850.5,33.81,0.029273133909367647,0.029521006915499512,-0.00024787300654017293,ForecastPage,15
1718906850.75,33.81,0.029273133909367647,0.028753743573956127,0.0005193903349977195,ForecastPage,15
1718906851.0,33.83,0.0700684504675329,0.02785085842207892,0.0422175920450292,ForecastPage,15
1718906851.25,33.83,0.0700684504675329,0.026816922298020983,0.043251528169071254,ForecastPage,15
1718906851.5,33.83,0.0700684504675329,0.02566032660329082,0.0444081238637813,ForecastPage,15
1718906851.75,33.83,0.0700684504675329,0.02439319876487106,0.0456752517021774,ForecastPage,15
1718906852.0,33.81,0.029273133909367647,0.02303119336232352,0.006241940546533105,ForecastPage,15
1718906852.25,33.81,0.029273133909367647,0.021593162447108405,0.007679971461719254,ForecastPage,15
1718906852.5,33.81,0.029273133909367647,0.020100713520783128,0.009172420388013757,ForecastPage,15
1718906852.75,33.81,0.029273133909367647,0.018577668215502913,0.010695465693262051,ForecastPage,15
1718906853.0,33.79,-0.011522182648812102,0.017049438654851753,-0.02857162130429896,ForecastPage,15
1718906853.25,33.79,-0.011522182648812102,0.015542341567246378,-0.027064524216725817,ForecastPage,15
1718906853.5,33.79,-0.011522182648812102,0.014082872361027666,-0.025605055010538294,ForecastPage,15
1718906853.75,33.79,-0.011522182648812102,0.012696962508536514,-0.024219145158076202,ForecastPage,15
1718906854.0,33.81,0.029273133909367647,0.011409243765159411,0.017863890143454915,ForecastPage,15
1718906854.25,33.81,0.029273133909367647,0.010242342087478522,0.019030791821114584,ForecastPage,15
1718906854.5,33.81,0.029273133909367647,0.009216222779201548,0.02005691112937587,ForecastPage,15
1718906854.75,33.81,0.029273133909367647,0.008347606538081103,0.020925527370486995,ForecastPage,15
1718906855.0,33.77,-0.05231749920697736,0.007649473781886861,-0.05996697298966617,ForecastPage,15
1718906855.25,33.77,-0.05231749920697736,0.007130671882662995,-0.059448171090437485,ForecastPage,15
1718906855.5,33.77,-0.05231749920697736,0.006795636667062503,-0.059113135874824724,ForecastPage,15
1718906855.75,33.77,-0.05231749920697736,0.0066442357128164604,-0.05896173492055873,ForecastPage,15
1718906856.0,33.81,0.029273133909367647,0.00667173668445443,0.02260139722417613,ForecastPage,15
1718906856.25,33.81,0.029273133909367647,0.006868899472202223,0.022404234436464193,ForecastPage,15
1718906856.5,33.81,0.029273133909367647,0.007222186611074125,0.022050947297636018,ForecastPage,15
1718906856.75,33.81,0.029273133909367647,0.007714082743948907,0.02155905116481229,ForecastPage,15
1718906857.0,33.81,0.029273133909367647,0.008323511010070148,0.020949622898748674,ForecastPage,15
1718906857.25,33.81,0.029273133909367647,0.009026332266279089,0.020246801642602938,ForecastPage,15
1718906857.5,33.81,0.029273133909367647,0.009795911905931312,0.01947722200301833,ForecastPage,15
1718906857.75,33.81,0.029273133909367647,0.010603738567260556,0.01866939534175977,ForecastPage,15
1718906858.0,33.79,-0.011522182648812102,0.011420079027575648,-0.02294226167666278,ForecastPage,15
1718906858.25,33.79,-0.011522182648812102,0.012214653872443122,-0.02373683652145784,ForecastPage,15
1718906858.5,33.79,-0.011522182648812102,0.012957318942498795,-0.024479501591442358,ForecastPage,15
1718906858.75,33.79,-0.011522182648812102,0.013618737978812629,-0.02514092062768751,ForecastPage,15
1718906859.0,33.81,0.029273133909367647,0.014171032279798955,0.015102101629571093,ForecastPage,15
1718906859.25,33.81,0.029273133909367647,0.01458839361479186,0.014684740294639,ForecastPage,15
1718906859.5,33.81,0.029273133909367647,0.014847647246303339,0.014425486663183173,ForecastPage,15
1718906859.75,33.81,0.029273133909367647,0.014928752835954762,0.014344381073581521,ForecastPage,15
1718906860.0,33.81,0.029273133909367647,0.014815232333910825,0.014457901575668683,ForecastPage,15
1718906860.25,33.81,0.029273133909367647,0.014494515678993392,0.01477861823062224,ForecastPage,15
1718906860.5,33.81,0.029273133909367647,0.013958197193050954,0.015314936716593265,ForecastPage,15
1718906860.75,33.81,0.029273133909367647,0.013202197822707323,0.016070936086957643,ForecastPage,15
1718906861.0,33.79,-0.011522182648812102,0.012226830732611537,-0.023749013381113546,ForecastPage,15
1718906861.25,33.79,-0.011522182648812102,0.011036770053856596,-0.022558952702353717,ForecastPage,15
1718906861.5,33.79,-0.011522182648812102,0.009640924719697127,-0.02116310736819682,ForecastPage,15
1718906861.75,33.79,-0.011522182648812102,0.008052221198021738,-0.01957440384653069,ForecastPage,15
1718906862.0,33.81,0.029273133909367647,0.006287300546848436,0.022985833362807524,ForecastPage,15
1718906862.25,33.81,0.029273133909367647,0.004366136646988234,0.024906997262648688,ForecastPage,15
1718906862.5,33.81,0.029273133909367647,0.0023115838268998375,0.026961550082715374,ForecastPage,15
1718906862.75,33.81,0.029273133909367647,0.00014886349769228365,0.02912427041190003,ForecastPage,15
1718906863.0,33.79,-0.011522182648812102,-0.0020949991053571594,-0.009427183543253035,ForecastPage,15
1718906863.25,33.79,-0.011522182648812102,-0.00439177549362718,-0.007130407155004538,ForecastPage,15
1718906863.5,33.79,-0.011522182648812102,-0.006712657883814089,-0.004809524764836919,ForecastPage,15
1718906863.75,33.79,-0.011522182648812102,-0.009028891584645558,-0.0024932910640216473,ForecastPage,15
1718906864.0,33.79,-0.011522182648812102,-0.011312400249840225,-0.00020978239883938724,ForecastPage,15
1718906864.25,33.79,-0.011522182648812102,-0.013536388322542059,0.00201420567385434,ForecastPage,15
1718906864.5,33.79,-0.011522182648812102,-0.01567590537172268,0.004153722723031467,ForecastPage,15
1718906864.75,33.79,-0.011522182648812102,-0.017708357860415903,0.006186175211725922,ForecastPage,15
1718906865.0,33.77,-0.05231749920697736,-0.019613955169195094,-0.03270354403765424,ForecastPage,15
1718906865.25,33.77,-0.05231749920697736,-0.021376078419663994,-0.030941420787174993,MarketWaitPage,15
1718906865.5,33.77,-0.05231749920697736,-0.022981562798909356,-0.02933593640791508,MarketWaitPage,15
1718906865.75,33.77,-0.05231749920697736,-0.02442088664894523,-0.02789661255786073,MarketWaitPage,15
1718906866.0,33.79,-0.011522182648812102,-0.025688263468263774,0.014166080819645238,MarketWaitPage,15
1718906866.25,33.79,-0.011522182648812102,-0.02678163601638787,0.015259453367794988,MarketWaitPage,15
1718906866.5,33.79,-0.011522182648812102,-0.02770257471241975,0.016180392063855683,MarketWaitPage,15
1718906866.75,33.79,-0.011522182648812102,-0.02845608528549762,0.016933902636965002,MarketWaitPage,15
1718906867.0,33.77,-0.05231749920697736,-0.02905033305367402,-0.023267166152990487,MarketWaitPage,15
1718906867.25,33.77,-0.05231749920697736,-0.029496293260973073,-0.02282120594565697,MarketWaitPage,15
1718906867.5,33.77,-0.05231749920697736,-0.02980733864444727,-0.022510160562147944,MarketWaitPage,15
1718906867.75,33.77,-0.05231749920697736,-0.029998776896769233,-0.022318722309791414,MarketWaitPage,15
1718906868.0,33.79,-0.011522182648812102,-0.030087351944225096,0.01856516929586345,MarketWaitPage,15
1718906868.25,33.79,-0.011522182648812102,-0.03009072390327556,0.018568541254946357,MarketWaitPage,15
1718906868.5,33.79,-0.011522182648812102,-0.03002694308279192,0.018504760434493388,MarketWaitPage,15
1718906868.75,33.79,-0.011522182648812102,-0.02991393333841025,0.018391750690140155,MarketWaitPage,15
1718906869.0,33.79,-0.011522182648812102,-0.02976899939827708,0.018246816750032698,MarketWaitPage,15
1718906869.25,33.79,-0.011522182648812102,-0.029608371494919444,0.01808618884669755,MarketWaitPage,15
1718906869.5,33.79,-0.011522182648812102,-0.029446798863166385,0.0179246162149633,MarketWaitPage,15
1718906869.75,33.79,-0.011522182648812102,-0.02929720155032493,0.017775018902136598,MarketWaitPage,15
1718906870.0,33.77,-0.05231749920697736,-0.029170387699027408,-0.023147111507315805,MarketWaitPage,15
1718906870.25,33.77,-0.05231749920697736,-0.029074841171008104,-0.02324265803532933,RoundResultsPage,15
1718906870.5,33.77,-0.05231749920697736,-0.029016582229532427,-0.023300916976803945,RoundResultsPage,15
1718906870.75,33.77,-0.05231749920697736,-0.028999102091296018,-0.02331839711504398,RoundResultsPage,15
1718906871.0,33.79,-0.011522182648812102,-0.029023370518338035,0.017501187870155248,RoundResultsPage,15
1718906871.25,33.79,-0.011522182648812102,-0.029087914178783425,0.01756573153058866,RoundResultsPage,15
1718906871.5,33.79,-0.011522182648812102,-0.02918896213176645,0.0176667794835563,RoundResultsPage,15
1718906871.75,33.79,-0.011522182648812102,-0.029320653355910924,0.017798470707682482,RoundResultsPage,15
1718906872.0,33.79,-0.011522182648812102,-0.02947529967268741,0.017953117024438227,RoundResultsPage,15
1718906872.25,33.79,-0.011522182648812102,-0.02964369573648427,0.018121513088212287,RoundResultsPage,15
1718906872.5,33.79,-0.011522182648812102,-0.02981546607125976,0.018293283422963207,RoundResultsPage,15
1718906872.75,33.79,-0.011522182648812102,-0.029979437573635574,0.018457254925312812,RoundResultsPage,15
1718906873.0,33.77,-0.05231749920697736,-0.030124024636203374,-0.02219347457031253,RoundResultsPage,15
1718906873.25,33.77,-0.05231749920697736,-0.030237613235938487,-0.022079885970607088,RoundResultsPage,15
1718906873.5,33.77,-0.05231749920697736,-0.030308930129331137,-0.02200856907724594,RoundResultsPage,15
1718906873.75,33.77,-0.05231749920697736,-0.030327383803381534,-0.021990115403228847,RoundResultsPage,15
1718906874.0,33.77,-0.05231749920697736,-0.030283365078482696,-0.02203413412816263,RoundResultsPage,15
1718906874.25,33.77,-0.05231749920697736,-0.030168497181446458,-0.02214900202523512,RoundResultsPage,15
1718906874.5,33.77,-0.05231749920697736,-0.029975827563354377,-0.02234167164336437,RoundResultsPage,15
1718906874.75,33.77,-0.05231749920697736,-0.02969995654228929,-0.022617542664467062,RoundResultsPage,15
1718906875.0,33.79,-0.011522182648812102,-0.0293371008037763,0.01781491815514774,RoundResultsPage,15
1718906875.25,33.79,-0.011522182648812102,-0.02888509268987653,0.017362910041211245,RoundResultsPage,15
1718906875.5,33.79,-0.011522182648812102,-0.028343318864488,0.016821136215787215,RoundResultsPage,15
1718906875.75,33.79,-0.011522182648812102,-0.02771260421343981,0.01619042156470505,RoundResultsPage,15
1718906876.0,33.77,-0.05231749920697736,-0.026995048654454342,-0.025322450552478032,RoundResultsPage,15
1718906876.25,33.77,-0.05231749920697736,-0.026193825911626153,-0.02612367329533702,RoundResultsPage,15
1718906876.5,33.77,-0.05231749920697736,-0.02531295432649299,-0.02700454488049945,RoundResultsPage,15
1718906876.75,33.77,-0.05231749920697736,-0.02435705050277301,-0.02796044870424716,RoundResultsPage,15
1718906877.0,33.81,0.029273133909367647,-0.023331077017643122,0.05260421092694182,RoundResultsPage,15
1718906877.25,33.81,0.029273133909367647,-0.0222400954930378,0.05151322940231205,RoundResultsPage,15
1718906877.5,33.81,0.029273133909367647,-0.021089035868163093,0.050362169777414464,RoundResultsPage,15
1718906877.75,33.81,0.029273133909367647,-0.01988249164801468,0.04915562555724439,RoundResultsPage,15
1718906878.0,33.77,-0.05231749920697736,-0.018624549250788186,-0.03369294995634803,RoundResultsPage,15
1718906878.25,33.77,-0.05231749920697736,-0.017318657535072553,-0.034998841672084356,RoundResultsPage,15
1718906878.5,33.77,-0.05231749920697736,-0.015967541463253975,-0.03634995774392366,RoundResultsPage,15
1718906878.75,33.77,-0.05231749920697736,-0.014573161947566925,-0.03774433725963133,RoundResultsPage,15
1718906879.0,33.79,-0.011522182648812102,-0.013136722393069225,0.0016145397440160796,RoundResultsPage,15
1718906879.25,33.79,-0.011522182648812102,-0.011658721272853468,0.0001365386237812856,RoundResultsPage,15
1718906879.5,33.79,-0.011522182648812102,-0.010139049069515464,-0.0013831335795738958,RoundResultsPage,15
1718906879.75,33.79,-0.011522182648812102,-0.008577126860537373,-0.0029450557885664632,RoundResultsPage,15
1718906880.0,33.83,0.0700684504675329,-0.006972082513436882,0.07704053298066715,RoundResultsPage,15
1718906880.25,33.83,0.0700684504675329,-0.005322958769232511,0.07539140923645628,RoundResultsPage,15
1718906880.5,33.83,0.0700684504675329,-0.003628945406961631,0.07369739587418371,RoundResultsPage,15
1718906880.75,33.83,0.0700684504675329,-0.0018896252943437749,0.07195807576156879,RoundResultsPage,15
1718906881.0,33.77,-0.05231749920697736,-0.00010522169412688034,-0.052212277513151564,RoundResultsPage,15
1718906881.25,33.77,-0.05231749920697736,0.0017231678688762935,-0.05404066707614537,RiskPage1,15
1718906881.5,33.77,-0.05231749920697736,0.0035933670586581336,-0.055910866265916584,RiskPage1,15
1718906881.75,33.77,-0.05231749920697736,0.0055019612286133085,-0.057819460435860955,RiskPage1,15
1718906882.0,33.77,-0.05231749920697736,0.007444196994146718,-0.059761696201384246,RiskPage1,15
1718906882.25,33.77,-0.05231749920697736,0.009413951685274815,-0.06173145089250352,RiskPage1,15
1718906882.5,33.77,-0.05231749920697736,0.01140377907674493,-0.06372127828396656,RiskPage1,15
1718906882.75,33.77,-0.05231749920697736,0.01340503264650048,-0.06572253185371696,RiskPage1,15
1718906883.0,33.83,0.0700684504675329,0.015408062257158262,0.054660388210138855,RiskPage1,15
1718906883.25,33.83,0.0700684504675329,0.01740247513437204,0.05266597533292697,RiskPage1,15
1718906883.5,33.83,0.0700684504675329,0.019377447844578007,0.05069100262272178,RiskPage1,15
1718906883.75,33.83,0.0700684504675329,0.021322073051280397,0.04874637741601891,RiskPage1,15
1718906884.0,33.81,0.029273133909367647,0.02322572333700051,0.006047410572131394,RiskPage1,15
1718906884.25,33.81,0.029273133909367647,0.025078414241667,0.004194719667460479,RiskPage1,15
1718906884.5,33.81,0.029273133909367647,0.026871149612876642,0.0024019842962434527,RiskPage1,15
1718906884.75,33.81,0.029273133909367647,0.028596234043461777,0.0006768998656473783,RiskPage1,15
1718906885.0,33.81,0.029273133909367647,0.030247539287448038,-0.0009744053783538806,RiskPage1,15
1718906885.25,33.81,0.029273133909367647,0.03182071389728283,-0.0025475799882081,RiskPage1,15
1718906885.5,33.81,0.029273133909367647,0.03331332780785062,-0.004040193898799969,RiskPage1,15
1718906885.75,33.81,0.029273133909367647,0.03472494616223339,-0.00545181225321144,RiskPage1,15
1718906886.0,33.83,0.0700684504675329,0.03605712931879103,0.03401132114836313,RiskPage1,15
1718906886.25,33.83,0.0700684504675329,0.037313358702659304,0.03275509176445782,RiskPage1,15
1718906886.5,33.83,0.0700684504675329,0.038498890969220205,0.03156955949785631,RiskPage1,15
1718906886.75,33.83,0.0700684504675329,0.0396205458038151,0.030447904663217666,RiskPage1,15
1718906887.0,33.81,0.029273133909367647,0.04068643549773703,-0.011413301588916031,RiskPage1,15
1718906887.25,33.81,0.029273133909367647,0.04170564704461482,-0.012432513135842743,RiskPage2,15
1718906887.5,33.81,0.029273133909367647,0.04268788967337079,-0.013414755764649696,RiskPage2,15
1718906887.75,33.81,0.029273133909367647,0.04364312226482409,-0.014369988356155638,RiskPage2,15
1718906888.0,33.81,0.029273133909367647,0.04458117585148053,-0.015308041942865877,RiskPage2,15
1718906888.25,33.81,0.029273133909367647,0.04551138633691765,-0.01623825242835733,RiskPage2,15
1718906888.5,33.81,0.029273133909367647,0.04644225174261613,-0.017169117834109945,RiskPage2,15
1718906888.75,33.81,0.029273133909367647,0.047381126800197,-0.0181079928917439,RiskPage2,15
1718906889.0,33.81,0.029273133909367647,0.048333965685655754,-0.019060831777253796,RiskPage2,15
1718906889.25,33.81,0.029273133909367647,0.0493051212817814,-0.02003198737342771,RiskPage2,15
1718906889.5,33.81,0.029273133909367647,0.05029720670710429,-0.021024072798795097,RiskPage2,15
1718906889.75,33.81,0.029273133909367647,0.05131102212480154,-0.022037888216532246,RiskPage2,15
1718906890.0,33.84,0.09046610874663003,0.05234554721164619,0.03812056153385088,RiskPage2,15
1718906890.25,33.84,0.09046610874663003,0.05339799729732807,0.03706811144814033,RiskPage2,15
1718906890.5,33.84,0.09046610874663003,0.054463939234302455,0.03600216951114356,RiskPage2,15
1718906890.75,33.84,0.09046610874663003,0.055537461626065175,0.03492864711936478,RiskPage2,15
1718906891.0,33.81,0.029273133909367647,0.05661139311859249,-0.027338259210435013,RiskPage2,15
1718906891.25,33.81,0.029273133909367647,0.05767756191142281,-0.028404428003270324,RiskPage2,15
1718906891.5,33.81,0.029273133909367647,0.05872708925501985,-0.029453955346868253,RiskPage2,15
1718906891.75,33.81,0.029273133909367647,0.05975070926305227,-0.030477575354898576,RiskPage2,15
1718906892.0,33.83,0.0700684504675329,0.06073910677708041,0.009329343689242417,RiskPage2,15
1718906892.25,33.83,0.0700684504675329,0.06168326431310441,0.00838518615322288,RiskPage3,15
1718906892.5,33.83,0.0700684504675329,0.06257480844045964,0.007493642025871418,RiskPage3,15
1718906892.75,33.83,0.0700684504675329,0.06340634547161354,0.006662104994719232,RiskPage3,15
1718906893.0,33.83,0.0700684504675329,0.06417177621093992,0.005896674255391313,RiskPage3,15
1718906893.25,33.83,0.0700684504675329,0.06486657977691895,0.005201870689406408,RiskPage3,15
1718906893.5,33.83,0.0700684504675329,0.06548805716200444,0.004580393304309877,RiskPage3,15
1718906893.75,33.83,0.0700684504675329,0.066035526177789,0.004032924288508413,RiskPage3,15
1718906894.0,33.83,0.0700684504675329,0.06651046069122048,0.0035579897750537886,RiskPage3,15
1718906894.25,33.83,0.0700684504675329,0.06691656853498458,0.0031518819312601693,RiskPage3,15
1718906894.5,33.83,0.0700684504675329,0.06725980412236668,0.0028086463438424135,RiskPage3,15
1718906894.75,33.83,0.0700684504675329,0.06754831357032494,0.002520136895842898,RiskPage3,15
1718906895.0,33.83,0.0700684504675329,0.06779231199566682,0.0022761384704549905,RiskPage3,15
1718906895.25,33.83,0.0700684504675329,0.06800389456411371,0.0020645559019583266,RiskPage3,15
1718906895.5,33.83,0.0700684504675329,0.06819678481051925,0.0018716656555003413,RiskPage3,15
1718906895.75,33.83,0.0700684504675329,0.06838602568372835,0.0016824247822371389,RiskPage3,15
1718906896.0,33.84,0.09046610874663003,0.06858762067730485,0.021878488067702907,RiskPage3,15
1718906896.25,33.84,0.09046610874663003,0.06881813426395235,0.02164797448100051,RiskPage3,15
1718906896.5,33.84,0.09046610874663003,0.06909426262700727,0.02137184611789103,RiskPage3,15
1718906896.75,33.84,0.09046610874663003,0.06943238732665608,0.021033721418188225,RiskPage3,15
1718906897.0,33.83,0.0700684504675329,0.06984812596436552,0.00022032450132823504,RiskPage3,15
1718906897.25,33.83,0.0700684504675329,0.07035589498633324,-0.00028744452069250515,RiskPage4,15
1718906897.5,33.83,0.0700684504675329,0.07096850033714114,-0.0009000498715532987,RiskPage4,15
1718906897.75,33.83,0.0700684504675329,0.07169677158257083,-0.0016283211170361788,RiskPage4,15
1718906898.0,33.81,0.029273133909367647,0.07254925424445305,-0.04327612033713771,RiskPage4,15
1718906898.25,33.81,0.029273133909367647,0.07353197336197544,-0.04425883945471558,RiskPage4,15
1718906898.5,33.81,0.029273133909367647,0.07464827870505955,-0.04537514479785692,RiskPage4,15
1718906898.75,33.81,0.029273133909367647,0.07589877868102173,-0.04662564477387808,RiskPage4,15
1718906899.0,33.83,0.0700684504675329,0.07728136595353433,-0.007212915488285787,RiskPage4,15
1718906899.25,33.83,0.0700684504675329,0.07879133339057671,-0.008722882925389152,RiskPage4,15
1718906899.5,33.83,0.0700684504675329,0.08042157450404865,-0.010353124038921767,RiskPage4,15
1718906899.75,33.83,0.0700684504675329,0.08216285837688032,-0.012094407911812917,RiskPage4,15
1718906900.0,33.84,0.09046610874663003,0.08400416548277796,0.0064619432613292754,RiskPage4,15
1718906900.25,33.84,0.09046610874663003,0.08593306799914487,0.0045330407449082994,RiskPage4,15
1718906900.5,33.84,0.09046610874663003,0.08793613633308556,0.0025299724109177114,RiskPage4,15
1718906900.75,33.84,0.09046610874663003,0.08999935270976969,0.00046675603418877293,RiskPage4,15
1718906901.0,33.87,0.15165908358387792,0.0921085128576236,0.05955057072354387,RiskPage4,15
1718906901.25,33.87,0.15165908358387792,0.09424959807253691,0.057409485508598264,RiskPage4,15
1718906901.5,33.87,0.15165908358387792,0.09640910221355066,0.055249981367558966,RiskPage4,15
1718906901.75,33.87,0.15165908358387792,0.09857430136464045,0.0530847822164502,RiskPage4,15
1718906902.0,33.84,0.09046610874663003,0.1007334577746628,-0.010267349030833067,RiskPage4,15
1718906902.25,33.84,0.09046610874663003,0.10287595392639859,-0.012409845182576922,RiskPage4,15
1718906902.5,33.84,0.09046610874663003,0.1049923567795988,-0.014526248035781397,RiskPage4,15
1718906902.75,33.84,0.09046610874663003,0.10707441599572795,-0.016608307251912074,RiskPage4,15
1718906903.0,33.84,0.09046610874663003,0.10911500300954426,-0.018648894265727953,RiskPage4,15
1718906903.25,33.84,0.09046610874663003,0.11110800004563502,-0.020641891301816897,PreMarketWait,16
1718906903.5,33.84,0.09046610874663003,0.11304814960390708,-0.02258204086008605,PreMarketWait,16
1718906903.75,33.84,0.09046610874663003,0.11493087566079103,-0.024464766916966238,PreMarketWait,16
1718906904.0,33.87,0.15165908358387792,0.11675208800043113,0.0349069955806462,PreMarketWait,16
1718906904.25,33.87,0.15165908358387792,0.11850798086925055,0.033151102711832484,PreMarketWait,16
1718906904.5,33.87,0.15165908358387792,0.12019483669885817,0.03146424688223157,PreMarketWait,16
1718906904.75,33.87,0.15165908358387792,0.12180884507825633,0.029850238502840916,PreMarketWait,16
1718906905.0,33.84,0.09046610874663003,0.12334594648961325,-0.03287983774575589,PreMarketWait,16
1718906905.25,33.84,0.09046610874663003,0.12480170944731848,-0.03433560070345297,PreMarketWait,16
1718906905.5,33.84,0.09046610874663003,0.12617124841678298,-0.03570513967290925,PreMarketWait,16
1718906905.75,33.84,0.09046610874663003,0.12744918807231745,-0.036983079328435316,PreMarketWait,16
1718906906.0,33.84,0.09046610874663003,0.12862967702433442,-0.03816356828044354,PreMarketWait,16
1718906906.25,33.84,0.09046610874663003,0.12970645119628663,-0.03924034245238647,PreMarketWait,16
1718906906.5,33.84,0.09046610874663003,0.13067294378252217,-0.04020683503861211,PreMarketWait,16
1718906906.75,33.84,0.09046610874663003,0.13152243547062265,-0.04105632672670184,PreMarketWait,16
1718906907.0,33.89,0.19245440014205767,0.1322482357028446,0.06020616443651579,PreMarketWait,16
1718906907.25,33.89,0.19245440014205767,0.13284388352529133,0.059610516614082884,PreMarketWait,16
1718906907.5,33.89,0.19245440014205767,0.13330335534337248,0.059151044796018085,PreMarketWait,16
1718906907.75,33.89,0.19245440014205767,0.13362126687830994,0.05883313326110001,PreMarketWait,16
1718906908.0,33.87,0.15165908358387792,0.1337930578252273,0.017866025756025562,PreMarketWait,16
1718906908.25,33.87,0.15165908358387792,0.13381514994813898,0.017843933633139845,PreMarketWait,16
1718906908.5,33.87,0.15165908358387792,0.13368507223732073,0.017974011343987253,PreMarketWait,16
1718906908.75,33.87,0.15165908358387792,0.13340154986376762,0.018257533717572643,PreMarketWait,16
1718906909.0,33.84,0.09046610874663003,0.1329645565971348,-0.042498447853007174,PreMarketWait,16
1718906909.25,33.84,0.09046610874663003,0.1323753328026854,-0.04190922405851979,PreMarketWait,16
1718906909.5,33.84,0.09046610874663003,0.1316363728967687,-0.04117026415256263,PreMarketWait,16
1718906909.75,33.84,0.09046610874663003,0.13075138712699877,-0.04028527838275008,PreMarketWait,16
1718906910.0,33.87,0.15165908358387792,0.12972524279106648,0.021933840790474682,PreMarketWait,16
1718906910.25,33.87,0.15165908358387792,0.12856388969011937,0.023095193891468302,MarketGridChoice,16
1718906910.5,33.87,0.15165908358387792,0.12727427398896698,0.024384809592668862,MarketGridChoice,16
1718906910.75,33.87,0.15165908358387792,0.1258642439792333,0.025794839602452144,MarketGridChoice,16
1718906911.0,33.84,0.09046610874663003,0.12434245066650645,-0.03387634192201808,MarketGridChoice,16
1718906911.25,33.84,0.09046610874663003,0.12271824564311552,-0.03225213689857522,MarketGridChoice,16
1718906911.5,33.84,0.09046610874663003,0.12100157827672382,-0.0305354695321305,MarketGridChoice,16
1718906911.75,33.84,0.09046610874663003,0.11920289374184984,-0.02873678499720234,MarketGridChoice,16
1718906912.0,33.87,0.15165908358387792,0.11733303282552213,0.034326050756428764,MarketGridChoice,16
1718906912.25,33.87,0.15165908358387792,0.11540313384368567,0.036255949738322434,MarketGridChoice,16
1718906912.5,33.87,0.15165908358387792,0.1134245365822918,0.03823454699977539,MarketGridChoice,16
1718906912.75,33.87,0.15165908358387792,0.11140868808090547,0.040250395501222676,MarketGridChoice,16
1718906913.0,33.84,0.09046610874663003,0.10936705035367447,-0.01890094160873175,MarketGridChoice,16
1718906913.25,33.84,0.09046610874663003,0.10731101069239657,-0.01684490194739034,MarketGridChoice,16
1718906913.5,33.84,0.09046610874663003,0.10525179580957962,-0.014785687064509426,MarketGridChoice,16
1718906913.75,33.84,0.09046610874663003,0.103200391527873,-0.012734282782738953,MarketGridChoice,16
1718906914.0,33.84,0.09046610874663003,0.10116746985146967,-0.010701361106272447,MarketGridChoice,16
1718906914.25,33.84,0.09046610874663003,0.09916332502653694,-0.008697216281277842,MarketGridChoice,16
1718906914.5,33.84,0.09046610874663003,0.09719781967046026,-0.006731710925141211,MarketGridChoice,16
1718906914.75,33.84,0.09046610874663003,0.09528034133055913,-0.004814232585182713,MarketGridChoice,16
1718906915.0,33.84,0.09046610874663003,0.09341976903491718,-0.002953660289486555,MarketGridChoice,16
1718906915.25,33.84,0.09046610874663003,0.09162444862073706,-0.0011583398752559428,MarketGridChoice,16
1718906915.5,33.84,0.09046610874663003,0.08990217495082811,0.0005639337946992205,MarketGridChoice,16
1718906915.75,33.84,0.09046610874663003,0.08826017861986189,0.00220593012570683,MarketGridChoice,16
1718906916.0,33.84,0.09046610874663003,0.08670511445449242,0.0037609942911122855,MarketGridChoice,16
1718906916.25,33.84,0.09046610874663003,0.08524304905366718,0.005223059691967482,MarketGridChoice,16
1718906916.5,33.84,0.09046610874663003,0.08387944480911397,0.006586663936544088,MarketGridChoice,16
1718906916.75,33.84,0.09046610874663003,0.08261913828674582,0.007846970458928494,MarketGridChoice,16
1718906917.0,33.84,0.09046610874663003,0.08146631151800086,0.008999797227681872,MarketGridChoice,16
1718906917.25,33.84,0.09046610874663003,0.08042445561189454,0.010041653133788101,MarketGridChoice,16
1718906917.5,33.84,0.09046610874663003,0.07949632710619381,0.010969781639479634,MarketGridChoice,16
1718906917.75,33.84,0.09046610874663003,0.07868389856933888,0.011782210176315842,MarketGridChoice,16
1718906918.0,33.84,0.09046610874663003,0.07798830607153062,0.012477802674095644,MarketGridChoice,16
1718906918.25,33.84,0.09046610874663003,0.07740979718104418,0.013056311564543774,MarketGridChoice,16
1718906918.5,33.84,0.09046610874663003,0.0769476840178993,0.013518424727640529,MarketGridChoice,16
1718906918.75,33.84,0.09046610874663003,0.07660030651045062,0.013865802235031439,MarketGridChoice,16
1718906919.0,33.81,0.029273133909367647,0.07636501124318033,-0.04709187733502764,MarketGridChoice,16
1718906919.25,33.81,0.029273133909367647,0.07623815104698944,-0.046965017138912324,MarketGridChoice,16
1718906919.5,33.81,0.029273133909367647,0.07621510967730015,-0.04694197576930619,MarketGridChoice,16
1718906919.75,33.81,0.029273133909367647,0.07629035452361774,-0.04701722061571313,MarketGridChoice,16
1718906920.0,33.84,0.09046610874663003,0.07645751838349688,0.014008590361576513,MarketGridChoice,16
1718906920.25,33.84,0.09046610874663003,0.07670950913352563,0.013756599611452189,MarketGridChoice,16
1718906920.5,33.84,0.09046610874663003,0.07703864395020482,0.013427464794677813,MarketGridChoice,16
1718906920.75,33.84,0.09046610874663003,0.07743680288440234,0.013029305860387714,MarketGridChoice,16
1718906921.0,33.84,0.09046610874663003,0.07789559529292651,0.012570513451775588,MarketGridChoice,16
1718906921.25,33.84,0.09046610874663003,0.0784065319646798,0.012059576779940647,MarketGridChoice,16
1718906921.5,33.84,0.09046610874663003,0.07896119571748583,0.011504913027060552,MarketGridChoice,16
1718906921.75,33.84,0.09046610874663003,0.07955140369171936,0.010914705052761563,MarketGridChoice,16
1718906922.0,33.84,0.09046610874663003,0.08016935541351791,0.010296753330906707,MarketGridChoice,16
1718906922.25,33.84,0.09046610874663003,0.08080776182743142,0.009658346916946217,MarketGridChoice,16
1718906922.5,33.84,0.09046610874663003,0.08145995179379684,0.009006156950543109,MarketGridChoice,16
1718906922.75,33.84,0.09046610874663003,0.08211995390292347,0.008346154841387893,MarketGridChoice,16
1718906923.0,33.83,0.0700684504675329,0.08278255277495836,-0.01271410230976389,MarketGridChoice,16
1718906923.25,33.83,0.0700684504675329,0.08344332019723004,-0.013374869732046971,MarketGridChoice,16
1718906923.5,33.83,0.0700684504675329,0.08409862242035712,-0.014030171955177612,MarketGridChoice,16
1718906923.75,33.83,0.0700684504675329,0.0847456056392022,-0.014677155174019034,MarketGridChoice,16
1718906924.0,33.84,0.09046610874663003,0.08538216211856386,0.005083946625726612,MarketGridChoice,16
1718906924.25,33.84,0.09046610874663003,0.08600687963118205,0.004459229113124562,MarketGridChoice,16
1718906924.5,33.84,0.09046610874663003,0.08661897693884354,0.0038471318054846236,MarketGridChoice,16
1718906924.75,33.84,0.09046610874663003,0.08721822805385977,0.0032478806904948417,MarketGridChoice,16
1718906925.0,33.84,0.09046610874663003,0.08780487803102383,0.0026612307133615427,MarketGridChoice,16
1718906925.25,33.84,0.09046610874663003,0.0883795530833364,0.0020865556610833837,MarketGridChoice,16
1718906925.5,33.84,0.09046610874663003,0.08894316787927682,0.0015229408651804242,MarketGridChoice,16
1718906925.75,33.84,0.09046610874663003,0.08949683293953667,0.0009692758049603461,MarketGridChoice,16
1718906926.0,33.84,0.09046610874663003,0.09004176507851076,0.0004243436660275173,MarketGridChoice,16
1718906926.25,33.84,0.09046610874663003,0.09057920380565539,-0.00011309506107521532,MarketGridChoice,16
1718906926.5,33.84,0.09046610874663003,0.09111033649447135,-0.0006442277498494898,MarketGridChoice,16
1718906926.75,33.84,0.09046610874663003,0.09163623492801484,-0.0011701261833521478,MarketGridChoice,16
1718906927.0,33.84,0.09046610874663003,0.09215780553033298,-0.0016916967856309506,MarketGridChoice,16
1718906927.25,33.84,0.09046610874663003,0.09267575518901443,-0.0022096464442753084,MarketGridChoice,16
1718906927.5,33.84,0.09046610874663003,0.09319057406611862,-0.0027244653213454777,MarketGridChoice,16
1718906927.75,33.84,0.09046610874663003,0.09370253618905298,-0.003236427444249794,MarketGridChoice,16
1718906928.0,33.84,0.09046610874663003,0.09421171792037879,-0.0037456091755503685,MarketGridChoice,16
1718906928.25,33.84,0.09046610874663003,0.09471803364179121,-0.004251924896943145,MarketGridChoice,16
1718906928.5,33.84,0.09046610874663003,0.09522128717322964,-0.0047551784283681635,MarketGridChoice,16
1718906928.75,33.84,0.09046610874663003,0.0957212366086293,-0.005255127863761206,MarketGridChoice,16
1718906929.0,33.84,0.09046610874663003,0.09621766941540598,-0.005751560670538499,MarketGridChoice,16
1718906929.25,33.84,0.09046610874663003,0.096710483850305,-0.006244375105445598,MarketGridChoice,16
1718906929.5,33.84,0.09046610874663003,0.09719977202940204,-0.006733663284558238,MarketGridChoice,16
1718906929.75,33.84,0.09046610874663003,0.09768589939917124,-0.0072197906543504855,MarketGridChoice,16
1718906930.0,33.84,0.09046610874663003,0.09816957493765416,-0.00770346619286349,MarketGridChoice,16
1718906930.25,33.84,0.09046610874663003,0.09865190622352392,-0.008185797478769798,MarketGridChoice,16
1718906930.5,33.84,0.09046610874663003,0.09913443360450001,-0.008668324859788173,MarketGridChoice,16
1718906930.75,33.84,0.09046610874663003,0.0996191381379552,-0.009153029393290607,MarketGridChoice,16
1718906931.0,33.87,0.15165908358387792,0.10010841883248651,0.05155066474937453,MarketGridChoice,16
1718906931.25,33.87,0.15165908358387792,0.10060503605546185,0.051054047526344425,ForecastPage,16
1718906931.5,33.87,0.15165908358387792,0.10111201983328577,0.050547063748463204,ForecastPage,16
1718906931.75,33.87,0.15165908358387792,0.10163254414111665,0.05002653944057317,ForecastPage,16
1718906932.0,33.84,0.09046610874663003,0.10216977102773206,-0.011703662283350492,ForecastPage,16
1718906932.25,33.84,0.09046610874663003,0.10272667128949077,-0.012260562545170203,ForecastPage,16
1718906932.5,33.84,0.09046610874663003,0.10330583104781021,-0.012839722303550672,ForecastPage,16
1718906932.75,33.84,0.09046610874663003,0.10390925565496673,-0.013443146910767485,ForecastPage,16
1718906933.0,33.84,0.09046610874663003,0.10453818360798005,-0.014072074863839573,ForecastPage,16
1718906933.25,33.84,0.09046610874663003,0.10519292348456585,-0.01472681474048164,ForecastPage,16
1718906933.5,33.84,0.09046610874663003,0.10587272634515851,-0.015406617601127014,ForecastPage,16
1718906933.75,33.84,0.09046610874663003,0.10657570465972531,-0.016109595915741876,ForecastPage,16
1718906934.0,33.84,0.09046610874663003,0.10729880673716714,-0.016832697993226124,ForecastPage,16
1718906934.25,33.84,0.09046610874663003,0.1080378529896389,-0.01757174424573376,ForecastPage,16
1718906934.5,33.84,0.09046610874663003,0.10878763729189268,-0.018321528548016122,ForecastPage,16
1718906934.75,33.84,0.09046610874663003,0.10954209334084404,-0.019075984596988196,ForecastPage,16
1718906935.0,33.84,0.09046610874663003,0.11029452243360573,-0.019828413689762424,ForecastPage,16
1718906935.25,33.84,0.09046610874663003,0.1110378756205476,-0.020571766876708635,ForecastPage,16
1718906935.5,33.84,0.09046610874663003,0.1117650799176893,-0.021298971173846742,ForecastPage,16
1718906935.75,33.84,0.09046610874663003,0.11246939535100632,-0.022003286607152818,ForecastPage,16
1718906936.0,33.87,0.15165908358387792,0.11314478723153232,0.03851429634958644,ForecastPage,16
1718906936.25,33.87,0.15165908358387792,0.11378629640333868,0.03787278717780271,ForecastPage,16
1718906936.5,33.87,0.15165908358387792,0.11439038942718628,0.037268694153981444,ForecastPage,16
1718906936.75,33.87,0.15165908358387792,0.11495527086126453,0.03670381271993158,ForecastPage,16
1718906937.0,33.84,0.09046610874663003,0.11548114096725391,-0.02501503222327677,ForecastPage,16
1718906937.25,33.84,0.09046610874663003,0.115970384166511,-0.025504275422505787,ForecastPage,16
1718906937.5,33.84,0.09046610874663003,0.1164276761729165,-0.025961567428884925,ForecastPage,16
1718906937.75,33.84,0.09046610874663003,0.11686000071690494,-0.026393891972849227,ForecastPage,16
1718906938.0,33.89,0.19245440014205767,0.1172765700268649,0.0751778301126402,ForecastPage,16
1718906938.25,33.89,0.19245440014205767,0.11768864675756396,0.07476575338196034,ForecastPage,16
1718906938.5,33.89,0.19245440014205767,0.11810926893799524,0.07434513120154534,ForecastPage,16
1718906938.75,33.89,0.19245440014205767,0.11855288380026047,0.07390151633929287,ForecastPage,16
1718906939.0,33.84,0.09046610874663003,0.11903490092892048,-0.028568792184786224,ForecastPage,16
1718906939.25,33.84,0.09046610874663003,0.11957117970335797,-0.029105070959220124,ForecastPage,16
1718906939.5,33.84,0.09046610874663003,0.12017747001195286,-0.02971136126781708,ForecastPage,16
1718906939.75,33.84,0.09046610874663003,0.1208688282181992,-0.030402719474071367,ForecastPage,16
1718906940.0,33.84,0.09046610874663003,0.12165903203496309,-0.031192923290849054,ForecastPage,16
1718906940.25,33.84,0.09046610874663003,0.12256001822326047,-0.032093909479165794,ForecastPage,16
1718906940.5,33.84,0.09046610874663003,0.12358136598509877,-0.033115257241028394,ForecastPage,16
1718906940.75,33.84,0.09046610874663003,0.12472984679236769,-0.03426373804832601,ForecastPage,16
1718906941.0,33.87,0.15165908358387792,0.12600905845966787,0.02565002512158923,ForecastPage,16
1718906941.25,33.87,0.15165908358387792,0.1274191578137438,0.024239925767477542,ForecastPage,16
1718906941.5,33.87,0.15165908358387792,0.12895670260560735,0.022702380975575153,ForecastPage,16
1718906941.75,33.87,0.15165908358387792,0.13061460956592374,0.021044474015216946,ForecastPage,16
1718906942.0,33.84,0.09046610874663003,0.13238223182637784,-0.04191612308252959,ForecastPage,16
1718906942.25,33.84,0.09046610874663003,0.13424555530307294,-0.04377944655927159,ForecastPage,16
1718906942.5,33.84,0.09046610874663003,0.13618750996713858,-0.04572140122338601,ForecastPage,16
1718906942.75,33.84,0.09046610874663003,0.13818838813150963,-0.04772227938780716,ForecastPage,16
1718906943.0,33.87,0.15165908358387792,0.14022635798700714,0.011432725593892357,ForecastPage,16
1718906943.25,33.87,0.15165908358387792,0.14227805679689107,0.009381026783957348,ForecastPage,16
1718906943.5,33.87,0.15165908358387792,0.1443192446871451,0.007339838893652502,ForecastPage,16
1718906943.75,33.87,0.15165908358387792,0.14632549714797863,0.005333586432768737,ForecastPage,16
1718906944.0,33.87,0.15165908358387792,0.1482729124148498,0.0033861711658482218,ForecastPage,16
1718906944.25,33.87,0.15165908358387792,0.15013880893293272,0.0015202746477172412,ForecastPage,16
1718906944.5,33.87,0.15165908358387792,0.15190238813786242,-0.00024330455725876839,ForecastPage,16
1718906944.75,33.87,0.15165908358387792,0.15354533877010423,-0.0018862551895444182,ForecastPage,16
1718906945.0,33.89,0.19245440014205767,0.15505236083570428,0.03740203930299485,ForecastPage,16
1718906945.25,33.89,0.19245440014205767,0.1564115900964004,0.036042810042262736,ForecastPage,16
1718906945.5,33.89,0.19245440014205767,0.15761490758090604,0.03483949255772662,ForecastPage,16
1718906945.75,33.89,0.19245440014205767,0.15865812299204812,0.03379627714656059,ForecastPage,16
1718906946.0,33.89,0.19245440014205767,0.1595410259138233,0.032913374224768754,ForecastPage,16
1718906946.25,33.89,0.19245440014205767,0.16026730419102603,0.03218709594755724,ForecastPage,16
1718906946.5,33.89,0.19245440014205767,0.16084433448907512,0.03161006564950756,ForecastPage,16
1718906946.75,33.89,0.19245440014205767,0.16128285553676086,0.03117154460182924,ForecastPage,16
1718906947.0,33.87,0.15165908358387792,0.16159653959695808,-0.009937456016532939,ForecastPage,16
1718906947.25,33.87,0.15165908358387792,0.16180148199529118,-0.01014239841484501,ForecastPage,16
1718906947.5,33.87,0.15165908358387792,0.16191563178291885,-0.010256548202446692,ForecastPage,16
1718906947.75,33.87,0.15165908358387792,0.16195818858578567,-0.010299105005283787,ForecastPage,16
1718906948.0,33.84,0.09046610874663003,0.16194899125054107,-0.0714828825072548,ForecastPage,16
1718906948.25,33.84,0.09046610874663003,0.16190792299093912,-0.07144181424761929,ForecastPage,16
1718906948.5,33.84,0.09046610874663003,0.16185435542732243,-0.07138824668396886,ForecastPage,16
1718906948.75,33.84,0.09046610874663003,0.16180665036803965,-0.07134054162465295,ForecastPage,16
1718906949.0,33.89,0.19245440014205767,0.16178173371121318,0.030672666427633208,ForecastPage,16
1718906949.25,33.89,0.19245440014205767,0.16179475088918172,0.03065964924969511,ForecastPage,16
1718906949.5,33.89,0.19245440014205767,0.16185880835273103,0.030595591786173618,ForecastPage,16
1718906949.75,33.89,0.19245440014205767,0.16198480116952213,0.030469598969406583,ForecastPage,16
1718906950.0,33.87,0.15165908358387792,0.1621813231925181,-0.010522239611750092,ForecastPage,16
1718906950.25,33.87,0.15165908358387792,0.16245465351622435,-0.010795569935443554,ForecastPage,16
1718906950.5,33.87,0.15165908358387792,0.16280881098001895,-0.011149727399232737,ForecastPage,16
1718906950.75,33.87,0.15165908358387792,0.16324566713137145,-0.011586583550588014,ForecastPage,16
1718906951.0,33.89,0.19245440014205767,0.16376510719710402,0.028689292941847477,ForecastPage,16
1718906951.25,33.89,0.19245440014205767,0.16436522818043225,0.02808917195849806,ForecastPage,16
1718906951.5,33.89,0.19245440014205767,0.16504256322075786,0.027411836918141138,ForecastPage,16
1718906951.75,33.89,0.19245440014205767,0.1657923218408337,0.02666207829802318,ForecastPage,16
1718906952.0,33.87,0.15165908358387792,0.16660863662381817,-0.01494955304319466,ForecastPage,16
1718906952.25,33.87,0.15165908358387792,0.16748480809126642,-0.015825724510708784,ForecastPage,16
1718906952.5,33.87,0.15165908358387792,0.16841354091721977,-0.016754457336740337,ForecastPage,16
1718906952.75,33.87,0.15165908358387792,0.16938716594446873,-0.017728082364079353,ForecastPage,16
1718906953.0,33.89,0.19245440014205767,0.17039784366593194,0.02205655647253644,ForecastPage,16
1718906953.25,33.89,0.19245440014205767,0.17143774588988245,0.02101665424847594,ForecastPage,16
1718906953.5,33.89,0.19245440014205767,0.1724992132845387,0.019955186853702213,ForecastPage,16
1718906953.75,33.89,0.19245440014205767,0.17357488746596403,0.018879512672154125,ForecastPage,16
1718906954.0,33.87,0.15165908358387792,0.17465781727194243,-0.022998733692129722,ForecastPage,16
1718906954.25,33.87,0.15165908358387792,0.17574153979523233,-0.024082456215545563,ForecastPage,16
1718906954.5,33.87,0.15165908358387792,0.17682013752267647,-0.02516105394311296,ForecastPage,16
1718906954.75,33.87,0.15165908358387792,0.17788827344223068,-0.026229189862784733,ForecastPage,16
1718906955.0,33.89,0.19245440014205767,0.17894120620918177,0.013513193928334947,ForecastPage,16
1718906955.25,33.89,0.19245440014205767,0.1799747874730928,0.012479612664326182,ForecastPage,16
1718906955.5,33.89,0.19245440014205767,0.18098544339682526,0.011468956740509698,ForecastPage,16
1718906955.75,33.89,0.19245440014205767,0.1819701423968292,0.010484257740437524,ForecastPage,16
1718906956.0,33.89,0.19245440014205767,0.18292635129680437,0.009528048840411758,ForecastPage,16
1718906956.25,33.89,0.19245440014205767,0.18385198243162873,0.008602417705555856,ForecastPage,16
1718906956.5,33.89,0.19245440014205767,0.18474533471381785,0.007709065423355215,ForecastPage,16
1718906956.75,33.89,0.19245440014205767,0.18560503219417546,0.0068493679430065325,ForecastPage,16
1718906957.0,33.89,0.19245440014205767,0.18642996411760768,0.006024436019603379,ForecastPage,16
1718906957.25,33.89,0.19245440014205767,0.18721923080536815,0.005235169331890967,ForecastPage,16
1718906957.5,33.89,0.19245440014205767,0.1879720998055955,0.004482300331728782,ForecastPage,16
1718906957.75,33.89,0.19245440014205767,0.1886879765725381,0.003766423564866157,ForecastPage,16
1718906958.0,33.87,0.15165908358387792,0.18936639339735772,-0.037707309818041074,ForecastPage,16
1718906958.25,33.87,0.15165908358387792,0.19000701936730055,-0.03834793578788269,ForecastPage,16
1718906958.5,33.87,0.15165908358387792,0.19060969274684877,-0.03895060916732381,ForecastPage,16
1718906958.75,33.87,0.15165908358387792,0.19117447537740137,-0.03951539179776643,ForecastPage,16
1718906959.0,33.89,0.19245440014205767,0.1917017265886717,0.000752673549253069,ForecastPage,16
1718906959.25,33.89,0.19245440014205767,0.19219219190925854,0.000262208228773788,ForecastPage,16
1718906959.5,33.89,0.19245440014205767,0.19264709982701866,-0.0001926996888838399,ForecastPage,16
1718906959.75,33.89,0.19245440014205767,0.19306825825884422,-0.0006138581206142617,ForecastPage,16
1718906960.0,33.91,0.2332497167002229,0.19345814146466356,0.039791575231817505,ForecastPage,16
1718906960.25,33.91,0.2332497167002229,0.19381995801358853,0.03942975868296758,ForecastPage,16
1718906960.5,33.91,0.2332497167002229,0.19415769112289374,0.03909202557372527,ForecastPage,16
1718906960.75,33.91,0.2332497167002229,0.19447610419971256,0.038773612496956184,ForecastPage,16
1718906961.0,33.89,0.19245440014205767,0.19478070658724186,-0.002326306448702499,ForecastPage,16
1718906961.25,33.89,0.19245440014205767,0.1950776771280878,-0.0026232769895270375,ForecastPage,16
1718906961.5,33.89,0.19245440014205767,0.19537374592506684,-0.0029193457864991855,ForecastPage,16
1718906961.75,33.89,0.19245440014205767,0.1956760373254177,-0.0032216371868571334,ForecastPage,16
1718906962.0,33.89,0.19245440014205767,0.1959918794635033,-0.00353747932496282,ForecastPage,16
1718906962.25,33.89,0.19245440014205767,0.1963285875481282,-0.0038741874096192546,MarketWaitPage,16
1718906962.5,33.89,0.19245440014205767,0.19669322943258782,-0.00423882929412013,MarketWaitPage,16
1718906962.75,33.89,0.19245440014205767,0.19709238286500547,-0.004637982726586913,MarketWaitPage,16
1718906963.0,33.89,0.19245440014205767,0.1975318942095392,-0.005077494071175751,MarketWaitPage,16
1718906963.25,33.89,0.19245440014205767,0.198016648388551,-0.005562248250246696,MarketWaitPage,16
1718906963.5,33.89,0.19245440014205767,0.19855035935831516,-0.006095959220072365,MarketWaitPage,16
1718906963.75,33.89,0.19245440014205767,0.19913538963627322,-0.00668098949809247,MarketWaitPage,16
1718906964.0,33.89,0.19245440014205767,0.1997726062899782,-0.007318206151858339,MarketWaitPage,16
1718906964.25,33.89,0.19245440014205767,0.20046127942464143,-0.008006879286579886,MarketWaitPage,16
1718906964.5,33.89,0.19245440014205767,0.20119902762008451,-0.008744627482077666,MarketWaitPage,16
1718906964.75,33.89,0.19245440014205767,0.20198181302640902,-0.009527412888452436,MarketWaitPage,16
1718906965.0,33.89,0.19245440014205767,0.20280398699379895,-0.010349586855887487,MarketWaitPage,16
1718906965.25,33.89,0.19245440014205767,0.20365838525447458,-0.011203985116602594,RoundResultsPage,16
1718906965.5,33.89,0.19245440014205767,0.20453646986923466,-0.01208206973139618,RoundResultsPage,16
1718906965.75,33.89,0.19245440014205767,0.20542851347940805,-0.012974113341596755,RoundResultsPage,16
1718906966.0,33.91,0.2332497167002229,0.20632381995640953,0.02692589673954644,RoundResultsPage,16
1718906966.25,33.91,0.2332497167002229,0.2072109744083542,0.026038742287587874,RoundResultsPage,16
1718906966.5,33.91,0.2332497167002229,0.2080781147703681,0.025171601925566486,RoundResultsPage,16
1718906966.75,33.91,0.2332497167002229,0.20891321691983086,0.02433649977610209,RoundResultsPage,16
1718906967.0,33.89,0.19245440014205767,0.20970438539776515,-0.017249985259994077,RoundResultsPage,16
1718906967.25,33.89,0.19245440014205767,0.2104401422791334,-0.017985742141354816,RoundResultsPage,16
1718906967.5,33.89,0.19245440014205767,0.21110970736087892,-0.018655307223089408,RoundResultsPage,16
1718906967.75,33.89,0.19245440014205767,0.21170326347807836,-0.019248863340275257,RoundResultsPage,16
1718906968.0,33.91,0.2332497167002229,0.2122122013351305,0.021037515360853548,RoundResultsPage,16
1718906968.25,33.91,0.2332497167002229,0.21262933876360557,0.02062037793239583,RoundResultsPage,16
1718906968.5,33.91,0.2332497167002229,0.2129491098720779,0.02030060682394186,RoundResultsPage,16
1718906968.75,33.91,0.2332497167002229,0.21316772022295274,0.02008199647308565,RoundResultsPage,16
1718906969.0,33.89,0.19245440014205767,0.21328326498841452,-0.020828864850523175,RoundResultsPage,16
1718906969.25,33.89,0.19245440014205767,0.21329580795199166,-0.020841407814082998,RoundResultsPage,16
1718906969.5,33.89,0.19245440014205767,0.21320742012650792,-0.020753019988583157,RoundResultsPage,16
1718906969.75,33.89,0.19245440014205767,0.2130221775489717,-0.020567777411032325,RoundResultsPage,16
1718906970.0,33.91,0.2332497167002229,0.21274611844685348,0.020503598249263927,RoundResultsPage,16
1718906970.25,33.91,0.2332497167002229,0.21238716049419792,0.020862556201929987,RoundResultsPage,16
1718906970.5,33.91,0.2332497167002229,0.21195497939722446,0.021294737298911202,RoundResultsPage,16
1718906970.75,33.91,0.2332497167002229,0.21146085067382456,0.02178886602231534,RoundResultsPage,16
1718906971.0,33.89,0.19245440014205767,0.2109174572633511,-0.018463057125376634,RoundResultsPage,16
1718906971.25,33.89,0.19245440014205767,0.21033866647722113,-0.017884266339251935,RoundResultsPage,16
1718906971.5,33.89,0.19245440014205767,0.20973928066779762,-0.017284880529839095,RoundResultsPage,16
1718906971.75,33.89,0.19245440014205767,0.2091347667395511,-0.01668036660160854,RoundResultsPage,16
1718906972.0,33.91,0.2332497167002229,0.208540970195928,0.024708746500158803,RoundResultsPage,16
1718906972.25,33.91,0.2332497167002229,0.20797381983234492,0.025275896863716157,RoundResultsPage,16
1718906972.5,33.91,0.2332497167002229,0.20744902953072392,0.025800687165307194,RoundResultsPage,16
1718906972.75,33.91,0.2332497167002229,0.20698180395900376,0.02626791273699376,RoundResultsPage,16
1718906973.0,33.89,0.19245440014205767,0.2065865553386739,-0.014132155200877988,RoundResultsPage,16
1718906973.25,33.89,0.19245440014205767,0.2062766387314983,-0.0138222385937406,RoundResultsPage,16
1718906973.5,33.89,0.19245440014205767,0.20606411336403938,-0.013609713226320815,RoundResultsPage,16
1718906973.75,33.89,0.19245440014205767,0.20595953720144766,-0.013505137063768151,RoundResultsPage,16
1718906974.0,33.89,0.19245440014205767,0.20597180120350694,-0.013517401065865318,RoundResultsPage,16
1718906974.25,33.89,0.19245440014205767,0.2061080084358533,-0.013653608298247055,RoundResultsPage,16
1718906974.5,33.89,0.19245440014205767,0.20637340153232234,-0.013919001394747589,RoundResultsPage,16
1718906974.75,33.89,0.19245440014205767,0.2067713400180041,-0.014316939880455869,RoundResultsPage,16
1718906975.0,33.89,0.19245440014205767,0.20730332683013666,-0.014848926692608979,RoundResultsPage,16
1718906975.25,33.89,0.19245440014205767,0.2079690811427029,-0.01551468100518894,RoundResultsPage,16
1718906975.5,33.89,0.19245440014205767,0.20876665243947523,-0.016312252301967624,RoundResultsPage,16
1718906975.75,33.89,0.19245440014205767,0.20969256882075607,-0.017238168683247162,RoundResultsPage,16
1718906976.0,33.91,0.2332497167002229,0.21074201090602468,0.02250770578965831,RoundResultsPage,16
1718906976.25,33.91,0.2332497167002229,0.21190900154421066,0.021340715151488103,RiskPage1,16
1718906976.5,33.91,0.2332497167002229,0.21318660099090925,0.020063115704811167,RiskPage1,16
1718906976.75,33.91,0.2332497167002229,0.21456709734584886,0.018682619349897595,RiskPage1,16
1718906977.0,33.91,0.2332497167002229,0.21604218288312135,0.017207533812653587,RiskPage1,16
1718906977.25,33.91,0.2332497167002229,0.2176031083858925,0.01564660830991107,RiskPage1,16
1718906977.5,33.91,0.2332497167002229,0.21924080958404168,0.014008907111787856,RiskPage1,16
1718906977.75,33.91,0.2332497167002229,0.22094600212216112,0.012303714573688715,RiskPage1,16
1718906978.0,33.91,0.2332497167002229,0.2227092439873523,0.010540472708508896,RiskPage1,16
1718906978.25,33.91,0.2332497167002229,0.22452096684202416,0.008728749853836378,RiskPage1,16
1718906978.5,33.91,0.2332497167002229,0.226371480091243,0.0068782366046018315,RiskPage1,16
1718906978.75,33.91,0.2332497167002229,0.22825095363712058,0.004998763058690679,RiskPage1,16
1718906979.0,33.91,0.2332497167002229,0.23014938702006052,0.003100329675697286,RiskPage1,16
1718906979.25,33.91,0.2332497167002229,0.23205657392058304,0.001193142775100283,RiskPage1,16
1718906979.5,33.91,0.2332497167002229,0.23396207171487737,-0.0007123550192896294,RiskPage1,16
1718906979.75,33.91,0.2332497167002229,0.23585518587831236,-0.0026054691828402247,RiskPage1,16
1718906980.0,33.89,0.19245440014205767,0.23772497846779636,-0.04527057833062308,RiskPage1,16
1718906980.25,33.89,0.19245440014205767,0.23956030866136568,-0.047105908524341045,RiskPage1,16
1718906980.5,33.89,0.19245440014205767,0.2413499114013636,-0.048895511264498544,RiskPage1,16
1718906980.75,33.89,0.19245440014205767,0.24308251764801242,-0.05062811751131265,RiskPage1,16
1718906981.0,33.93,0.2740450332584027,0.24474701676994748,0.02929801648293212,RiskPage1,16
1718906981.25,33.93,0.2740450332584027,0.2463326584478565,0.02771237480486425,RiskPage2,16
1718906981.5,33.93,0.2740450332584027,0.24782928847885988,0.026215744773714134,RiskPage2,16
1718906981.75,33.93,0.2740450332584027,0.2492276103467418,0.024817422905702602,RiskPage2,16
1718906982.0,33.91,0.2332497167002229,0.2505194625476035,-0.01726974585344719,RiskPage2,16
1718906982.25,33.91,0.2332497167002229,0.2516981004483707,-0.018448383754298574,RiskPage2,16
1718906982.5,33.91,0.2332497167002229,0.25275847079884894,-0.01950875410483438,RiskPage2,16
1718906982.75,33.91,0.2332497167002229,0.25369746677791144,-0.02044775008392605,RiskPage2,16
1718906983.0,33.93,0.2740450332584027,0.25451415154938567,0.019530881702779994,RiskPage2,16
1718906983.25,33.93,0.2740450332584027,0.2552099387462696,0.018835094505927033,RiskPage2,16
1718906983.5,33.93,0.2740450332584027,0.2557887191776372,0.018256314074620576,RiskPage2,16
1718906983.75,33.93,0.2740450332584027,0.2562569244554166,0.01778810879693097,RiskPage2,16
1718906984.0,33.93,0.2740450332584027,0.2566235202099686,0.017421513042495375,RiskPage2,16
1718906984.25,33.93,0.2740450332584027,0.2568999240635181,0.01714510918908623,RiskPage2,16
1718906984.5,33.93,0.2740450332584027,0.2570998464472734,0.016945186805491785,RiskPage2,16
1718906984.75,33.93,0.2740450332584027,0.2572390555306198,0.016805977722322646,RiskPage2,16
1718906985.0,33.93,0.2740450332584027,0.2573350708159545,0.016709962437176602,RiskPage2,16
1718906985.25,33.93,0.2740450332584027,0.2574067931772338,0.016638240076091642,RiskPage2,16
1718906985.5,33.93,0.2740450332584027,0.25747408212318773,0.01657095113033111,RiskPage2,16
1718906985.75,33.93,0.2740450332584027,0.2575572936885331,0.016487739565171564,RiskPage2,16
1718906986.0,33.91,0.2332497167002229,0.25767679444136143,-0.02442707774566477,RiskPage2,16
1718906986.25,33.91,0.2332497167002229,0.25785246849001553,-0.024602751794166815,RiskPage3,16
1718906986.5,33.91,0.2332497167002229,0.25810323494364207,-0.02485351824766579,RiskPage3,16
1718906986.75,33.91,0.2332497167002229,0.2584465929381681,-0.025196876242092388,RiskPage3,16
1718906987.0,33.91,0.2332497167002229,0.2588982100737506,-0.025648493377606545,RiskPage3,16
1718906987.25,33.91,0.2332497167002229,0.25947156800592597,-0.026221851309746656,RiskPage3,16
1718906987.5,33.91,0.2332497167002229,0.2601776761558238,-0.02692795945964325,RiskPage3,16
1718906987.75,33.91,0.2332497167002229,0.2610248612671785,-0.027775144571030558,RiskPage3,16
1718906988.0,33.93,0.2740450332584027,0.26201863707148304,0.012026396182779488,RiskPage3,16
1718906988.25,33.93,0.2740450332584027,0.26316165486387044,0.010883378390296409,RiskPage3,16
1718906988.5,33.93,0.2740450332584027,0.2644537325666826,0.009591300687361014,RiskPage3,16
1718906988.75,33.93,0.2740450332584027,0.26589195705275176,0.008153076201144655,RiskPage3,16
1718906989.0,33.93,0.2740450332584027,0.267470852233609,0.006574181020120667,RiskPage3,16
1718906989.25,33.93,0.2740450332584027,0.269182603722156,0.004862429531392243,RiskPage3,16
1718906989.5,33.93,0.2740450332584027,0.2710173297203754,0.003027703532981643,RiskPage3,16
1718906989.75,33.93,0.2740450332584027,0.27296338709338636,0.0010816461597746366,RiskPage3,16
1718906990.0,33.93,0.2740450332584027,0.2750077013011788,-0.0009626680482138009,RiskPage3,16
1718906990.25,33.93,0.2740450332584027,0.27713610890922175,-0.003091075656448219,RiskPage3,16
1718906990.5,33.93,0.2740450332584027,0.2793337017448709,-0.005288668492279923,RiskPage3,16
1718906990.75,33.93,0.2740450332584027,0.2815851623811177,-0.007540129128696383,RiskPage3,16
1718906991.0,33.95,0.31484034981658243,0.28387508150340335,0.030965268307044255,RiskPage3,16
1718906991.25,33.95,0.31484034981658243,0.28618824885483574,0.028652100955476906,RiskPage3,16
1718906991.5,33.95,0.31484034981658243,0.28850991086903066,0.026330438941166597,RiskPage3,16
1718906991.75,33.95,0.31484034981658243,0.29082598977249247,0.02401436003760868,RiskPage3,16
1718906992.0,33.93,0.2740450332584027,0.29312326079760753,-0.019078227545764312,RiskPage3,16
1718906992.25,33.93,0.2740450332584027,0.2953894860517909,-0.02134445280001002,RiskPage4,16
1718906992.5,33.93,0.2740450332584027,0.29761350535700987,-0.023568472105278307,RiskPage4,16
1718906992.75,33.93,0.2740450332584027,0.29978528584722414,-0.02574025259553165,RiskPage4,16
1718906993.0,33.95,0.31484034981658243,0.3018959332121058,0.012944416597734987,RiskPage4,16
1718906993.25,33.95,0.31484034981658243,0.3039376682342083,0.010902681575606286,RiskPage4,16
1718906993.5,33.95,0.31484034981658243,0.30590377279603015,0.008936577013762057,RiskPage4,16
1718906993.75,33.95,0.31484034981658243,0.30778850996629814,0.007051839843474059,RiskPage4,16
1718906994.0,33.95,0.31484034981658243,0.30958702320323,0.005253326606522731,RiskPage4,16
1718906994.25,33.95,0.31484034981658243,0.31129522015806116,0.0035451296516707527,RiskPage4,16
1718906994.5,33.95,0.31484034981658243,0.31290964698753937,0.0019307028221684326,RiskPage4,16
1718906994.75,33.95,0.31484034981658243,0.31442735942586286,0.0004129903838158285,RiskPage4,16
1718906995.0,33.95,0.31484034981658243,0.3158457970619128,-0.0010054472522695811,RiskPage4,16
1718906995.25,33.95,0.31484034981658243,0.31716266726689146,-0.0023223174572909655,RiskPage4,16
1718906995.5,33.95,0.31484034981658243,0.31837584498643545,-0.0035354951768853966,RiskPage4,16
1718906995.75,33.95,0.31484034981658243,0.31948329413077786,-0.004642944321286266,RiskPage4,16
1718906996.0,33.95,0.31484034981658243,0.32048301556157327,-0.0056426657521488136,RiskPage4,16
1718906996.25,33.95,0.31484034981658243,0.3213730256927758,-0.00653267588342782,RiskPage4,16
1718906996.5,33.95,0.31484034981658243,0.32215136851594345,-0.00731101870668102,RiskPage4,16
1718906996.75,33.95,0.31484034981658243,0.3228161624593025,-0.007975812650134462,RiskPage4,16
1718906997.0,33.95,0.31484034981658243,0.3233656819369418,-0.008525332127875844,RiskPage4,16
1718906997.25,33.95,0.31484034981658243,0.3237984717909968,-0.008958121982039102,PreMarketWait,17
1718906997.5,33.95,0.31484034981658243,0.3241134911353312,-0.009273141326486023,PreMarketWait,17
1718906997.75,33.95,0.31484034981658243,0.32431028144094365,-0.009469931632212648,PreMarketWait,17
1718906998.0,33.95,0.31484034981658243,0.3243891521342396,-0.00954880232562192,PreMarketWait,17
1718906998.25,33.95,0.31484034981658243,0.32435137558764654,-0.009511025779139039,PreMarketWait,17
1718906998.5,33.95,0.31484034981658243,0.32419938225006434,-0.009359032441661927,PreMarketWait,17
1718906998.75,33.95,0.31484034981658243,0.3239369458775332,-0.009096596069229282,PreMarketWait,17
1718906999.0,33.97,0.3556356663747477,0.32356934846893226,0.032066317897445934,PreMarketWait,17
1718906999.25,33.97,0.3556356663747477,0.3231035146711911,0.03253215169510418,PreMarketWait,17
1718906999.5,33.97,0.3556356663747477,0.3225481061600403,0.033087560206179936,PreMarketWait,17
1718906999.75,33.97,0.3556356663747477,0.3219135678463843,0.03372209851976859,PreMarketWait,17
1718907000.0,33.95,0.31484034981658243,0.3212121196454563,-0.006371769837528792,PreMarketWait,17
1718907000.25,33.95,0.31484034981658243,0.3204576898231813,-0.005617340015307223,PreMarketWait,17
1718907000.5,33.95,0.31484034981658243,0.3196657883831624,-0.0048254385753355375,PreMarketWait,17
1718907000.75,33.95,0.31484034981658243,0.31885332135490607,-0.004012971547120169,PreMarketWait,17
1718907001.0,33.95,0.31484034981658243,0.3180383490213757,-0.0031979992136238243,PreMarketWait,17
1718907001.25,33.95,0.31484034981658243,0.3172397929973993,-0.002399443189673561,PreMarketWait,17
1718907001.5,33.95,0.31484034981658243,0.3164770986264086,-0.0016367488186995725,PreMarketWait,17
1718907001.75,33.95,0.31484034981658243,0.315769860425436,-0.0009295106177326369,PreMarketWait,17
1718907002.0,33.95,0.31484034981658243,0.3151374193105988,-0.00029706950288854207,PreMarketWait,17
1718907002.25,33.95,0.31484034981658243,0.31459844110712853,0.0002419087006024917,MarketGridChoice,17
1718907002.5,33.95,0.31484034981658243,0.3141704864121772,0.0006698633955890924,MarketGridChoice,17
1718907002.75,33.95,0.31484034981658243,0.3138695822510826,0.0009707675567336687,MarketGridChoice,17
1718907003.0,33.95,0.31484034981658243,0.31370980615803973,0.0011305436498411092,MarketGridChoice,17
1718907003.25,33.95,0.31484034981658243,0.3137028933240701,0.001137456483889257,MarketGridChoice,17
1718907003.5,33.95,0.31484034981658243,0.3138578772878298,0.0009824725202208268,MarketGridChoice,17
1718907003.75,33.95,0.31484034981658243,0.3141807742933681,0.0006595755147857799,MarketGridChoice,17
1718907004.0,33.95,0.31484034981658243,0.31467432089600994,0.00016602891225835819,MarketGridChoice,17
1718907004.25,33.95,0.31484034981658243,0.31533777365431104,-0.0004974238459175202,MarketGridChoice,17
1718907004.5,33.95,0.31484034981658243,0.3161667787937617,-0.0013264289852324756,MarketGridChoice,17
1718907004.75,33.95,0.31484034981658243,0.31715331855937734,-0.002312968750702788,MarketGridChoice,17
1718907005.0,33.95,0.31484034981658243,0.31828573958531464,-0.0034453897764865796,MarketGridChoice,17
1718907005.25,33.95,0.31484034981658243,0.31954886700060686,-0.0047085171916194145,MarketGridChoice,17
1718907005.5,33.95,0.31484034981658243,0.32092420616757583,-0.006083856358425638,MarketGridChoice,17
1718907005.75,33.95,0.31484034981658243,0.322390231927649,-0.0075498821183356294,MarketGridChoice,17
1718907006.0,33.95,0.31484034981658243,0.32392276303146605,-0.009082413221992358,MarketGridChoice,17
1718907006.25,33.95,0.31484034981658243,0.32549541708996926,-0.010655067280341353,MarketGridChoice,17
1718907006.5,33.95,0.31484034981658243,0.3270801389458817,-0.012239789136109134,MarketGridChoice,17
1718907006.75,33.95,0.31484034981658243,0.3286477928884336,-0.013807443078529283,MarketGridChoice,17
1718907007.0,33.95,0.31484034981658243,0.330168806689637,-0.015328456879616984,MarketGridChoice,17
1718907007.25,33.95,0.31484034981658243,0.33161385311308794,-0.016773503302970675,MarketGridChoice,17
1718907007.5,33.95,0.31484034981658243,0.33295455243579347,-0.018114202625599252,MarketGridChoice,17
1718907007.75,33.95,0.31484034981658243,0.33416417774394797,-0.019323827933698225,MarketGridChoice,17
1718907008.0,33.97,0.3556356663747477,0.3352183434428988,0.020417322925550173,MarketGridChoice,17
1718907008.25,33.97,0.3556356663747477,0.3360956566978784,0.019540009670584023,MarketGridChoice,17
1718907008.5,33.97,0.3556356663747477,0.33677831152998994,0.018857354838467323,MarketGridChoice,17
1718907008.75,33.97,0.3556356663747477,0.33725260613355246,0.0183830602348834,MarketGridChoice,17
1718907009.0,33.97,0.3556356663747477,0.33750936569127554,0.018126300677125118,MarketGridChoice,17
1718907009.25,33.97,0.3556356663747477,0.337544255493758,0.018091410874596252,MarketGridChoice,17
1718907009.5,33.97,0.3556356663747477,0.337357972400279,0.018277693968020245,MarketGridChoice,17
1718907009.75,33.97,0.3556356663747477,0.33695630645115643,0.018679359917082024,MarketGridChoice,17
1718907010.0,33.97,0.3556356663747477,0.3363500685880447,0.01928559778012981,MarketGridChoice,17
1718907010.25,33.97,0.3556356663747477,0.3355548847860308,0.02008078158207874,MarketGridChoice,17
1718907010.5,33.97,0.3556356663747477,0.33459086127881327,0.021044805089231913,MarketGridChoice,17
1718907010.75,33.97,0.3556356663747477,0.3334821297924975,0.02215353657548521,MarketGridChoice,17
1718907011.0,33.95,0.31484034981658243,0.3322562856182447,-0.017415935808487035,MarketGridChoice,17
1718907011.25,33.95,0.31484034981658243,0.3309437347710393,-0.016103384961338174,MarketGridChoice,17
1718907011.5,33.95,0.31484034981658243,0.3295769692326028,-0.014736619422954723,MarketGridChoice,17
1718907011.75,33.95,0.31484034981658243,0.32818979122831154,-0.013349441418712922,MarketGridChoice,17
1718907012.0,33.95,0.31484034981658243,0.3268165085762589,-0.01197615876670694,MarketGridChoice,17
1718907012.25,33.95,0.31484034981658243,0.3254911233893756,-0.010650773579868756,MarketGridChoice,17
1718907012.5,33.95,0.31484034981658243,0.3242465358930229,-0.009406186083560739,MarketGridChoice,17
1718907012.75,33.95,0.31484034981658243,0.32311378395722606,-0.008273434147809133,MarketGridChoice,17
1718907013.0,33.95,0.31484034981658243,0.32212133725540976,-0.00728098744603942,MarketGridChoice,17
1718907013.25,33.95,0.31484034981658243,0.32129446286211605,-0.006454113052794381,MarketGridChoice,17
1718907013.5,33.95,0.31484034981658243,0.3206546766910965,-0.0058143268818261346,MarketGridChoice,17
1718907013.75,33.95,0.31484034981658243,0.3202192925414709,-0.00537894273225481,MarketGridChoice,17
1718907014.0,33.95,0.31484034981658243,0.32000107774219566,-0.005160727933036492,MarketGridChoice,17
1718907014.25,33.95,0.31484034981658243,0.320008021533765,-0.005167671724664326,MarketGridChoice,17
1718907014.5,33.95,0.31484034981658243,0.3202432194632919,-0.005402869654249515,MarketGridChoice,17
1718907014.75,33.95,0.31484034981658243,0.32070487425152056,-0.005864524442534712,MarketGridChoice,17
1718907015.0,33.95,0.31484034981658243,0.3213864108706338,-0.006546061061700946,MarketGridChoice,17
1718907015.25,33.95,0.31484034981658243,0.3222767010007052,-0.007436351191820289,MarketGridChoice,17
1718907015.5,33.95,0.31484034981658243,0.3233603896611989,-0.0085200398523557,MarketGridChoice,17
1718907015.75,33.95,0.31484034981658243,0.32461831469508284,-0.009777964886274202,MarketGridChoice,17
1718907016.0,33.97,0.3556356663747477,0.32602800797381426,0.029607658393132792,MarketGridChoice,17
1718907016.25,33.97,0.3556356663747477,0.327564265751112,0.028071400615815662,MarketGridChoice,17
1718907016.5,33.97,0.3556356663747477,0.32919977457287836,0.026435891794036433,MarketGridChoice,17
1718907016.75,33.97,0.3556356663747477,0.3309057785659646,0.02472988780094222,MarketGridChoice,17
1718907017.0,33.95,0.31484034981658243,0.3326527737295439,-0.017812423920807417,MarketGridChoice,17
1718907017.25,33.95,0.31484034981658243,0.3344112149123716,-0.01957086510363961,MarketGridChoice,17
1718907017.5,33.95,0.31484034981658243,0.33615222130255024,-0.021311871493824342,MarketGridChoice,17
1718907017.75,33.95,0.31484034981658243,0.33784826632388426,-0.02300791651516762,MarketGridChoice,17
1718907018.0,33.95,0.31484034981658243,0.3394738377417702,-0.024633487933067647,MarketGridChoice,17
1718907018.25,33.95,0.31484034981658243,0.341006053555062,-0.026165703746380296,MarketGridChoice,17
1718907018.5,33.95,0.31484034981658243,0.3424252190055244,-0.02758486919687188,MarketGridChoice,17
1718907018.75,33.95,0.31484034981658243,0.34371530995095934,-0.028874960142345515,MarketGridChoice,17
1718907019.0,33.99,0.39643098293292744,0.34486436813101823,0.05156661479389225,MarketGridChoice,17
1718907019.25,33.99,0.39643098293292744,0.3458647947264279,0.05056618819842523,MarketGridChoice,17
1718907019.5,33.99,0.39643098293292744,0.3467135302741902,0.049717452650597425,MarketGridChoice,17
1718907019.75,33.99,0.39643098293292744,0.34741211157838,0.049018871346335424,MarketGridChoice,17
1718907020.0,33.97,0.3556356663747477,0.3479665997296533,0.007669066636804868,MarketGridChoice,17
1718907020.25,33.97,0.3556356663747477,0.3483873775246004,0.007248288841776751,MarketGridChoice,17
1718907020.5,33.97,0.3556356663747477,0.34868881913655725,0.006946847229737353,MarketGridChoice,17
1718907020.75,33.97,0.3556356663747477,0.34888883947368443,0.006746826892527945,MarketGridChoice,17
1718907021.0,33.97,0.3556356663747477,0.3490083349604936,0.00662733140563878,MarketGridChoice,17
1718907021.25,33.97,0.3556356663747477,0.3490705312795992,0.006565135086457126,MarketGridChoice,17
1718907021.5,33.97,0.3556356663747477,0.3491002567768046,0.006535409589181022,MarketGridChoice,17
1718907021.75,33.97,0.3556356663747477,0.34912316267784405,0.006512503688077377,MarketGridChoice,17
1718907022.0,33.95,0.31484034981658243,0.34916491292156726,-0.034324563113868015,MarketGridChoice,17
1718907022.25,33.95,0.31484034981658243,0.3492503672232621,-0.03441001741561155,MarketGridChoice,17
1718907022.5,33.95,0.31484034981658243,0.34940278090232446,-0.03456243109471339,MarketGridChoice,17
1718907022.75,33.95,0.31484034981658243,0.3496430440449746,-0.034802694237392406,MarketGridChoice,17
1718907023.0,33.97,0.3556356663747477,0.3499889808077852,0.005646685557944731,MarketGridChoice,17
1718907023.25,33.97,0.3556356663747477,0.3504547272747278,0.005180939090996529,ForecastPage,17
1718907023.5,33.97,0.3556356663747477,0.35105020349496474,0.004585462870766683,ForecastPage,17
1718907023.75,33.97,0.3556356663747477,0.3517806923881075,0.003854973977643632,ForecastPage,17
1718907024.0,33.97,0.3556356663747477,0.35264653528659234,0.0029891310791906444,ForecastPage,17
1718907024.25,33.97,0.3556356663747477,0.35364295108302524,0.001992715282801278,ForecastPage,17
1718907024.5,33.97,0.3556356663747477,0.35475998328241376,0.0008756830834676802,ForecastPage,17
1718907024.75,33.97,0.3556356663747477,0.3559825767046922,-0.00034691033874515364,ForecastPage,17
1718907025.0,33.97,0.3556356663747477,0.35729078311151447,-0.0016551167454921644,ForecastPage,17
1718907025.25,33.97,0.3556356663747477,0.35866009261689097,-0.0030244262507853736,ForecastPage,17
1718907025.5,33.97,0.3556356663747477,0.36006188536666395,-0.004426219000468903,ForecastPage,17
1718907025.75,33.97,0.3556356663747477,0.36146399563007237,-0.005828329263783861,ForecastPage,17
1718907026.0,33.97,0.3556356663747477,0.36283137814196803,-0.00719571177558429,ForecastPage,17
1718907026.25,33.97,0.3556356663747477,0.3641268642827474,-0.0084911979162691,ForecastPage,17
1718907026.5,33.97,0.3556356663747477,0.36531199351335325,-0.009676327146783667,ForecastPage,17
1718907026.75,33.97,0.3556356663747477,0.36634790343608403,-0.010712237069428263,ForecastPage,17
1718907027.0,33.97,0.3556356663747477,0.36719625998241834,-0.01156059361568278,ForecastPage,17
1718907027.25,33.97,0.3556356663747477,0.36782020760295425,-0.012184541236146451,ForecastPage,17
1718907027.5,33.97,0.3556356663747477,0.36818531802984966,-0.012549651662978445,ForecastPage,17
1718907027.75,33.97,0.3556356663747477,0.3682605152874304,-0.012624848920505857,ForecastPage,17
1718907028.0,33.99,0.39643098293292744,0.3680189542393617,0.02841202868578472,ForecastPage,17
1718907028.25,33.99,0.39643098293292744,0.36743883018218115,0.028992152742994933,ForecastPage,17
1718907028.5,33.99,0.39643098293292744,0.3665040979149947,0.029926885010197645,ForecastPage,17
1718907028.75,33.99,0.39643098293292744,0.3652050803820748,0.031225902543120083,ForecastPage,17
1718907029.0,33.97,0.3556356663747477,0.3635389493699824,-0.007903283002978441,ForecastPage,17
1718907029.25,33.97,0.3556356663747477,0.3615100637221521,-0.00587439735517244,ForecastPage,17
1718907029.5,33.97,0.3556356663747477,0.35913015392315495,-0.003494487556211708,ForecastPage,17
1718907029.75,33.97,0.3556356663747477,0.3564183455047828,-0.0007826791378867425,ForecastPage,17
1718907030.0,33.97,0.3556356663747477,0.35340101738857443,0.002234648978265228,ForecastPage,17
1718907030.25,33.97,0.3556356663747477,0.3501114949308305,0.005524171435945142,ForecastPage,17
1718907030.5,33.97,0.3556356663747477,0.3465895810618724,0.009046085304833154,ForecastPage,17
1718907030.75,33.97,0.3556356663747477,0.3428809325192519,0.012754733847379154,ForecastPage,17
1718907031.0,33.97,0.3556356663747477,0.33903629176450434,0.016599374602049397,ForecastPage,17
1718907031.25,33.97,0.3556356663747477,0.3351105887204876,0.020525077645987273,ForecastPage,17
1718907031.5,33.97,0.3556356663747477,0.3311619299171126,0.02447373644928279,ForecastPage,17
1718907031.75,33.97,0.3556356663747477,0.3272504959007449,0.02838517046557128,ForecastPage,17
1718907032.0,33.95,0.31484034981658243,0.3234373707264823,-0.008597020918409732,ForecastPage,17
1718907032.25,33.95,0.31484034981658243,0.3197833298610873,-0.004942980053092036,ForecastPage,17
1718907032.5,33.95,0.31484034981658243,0.3163476147065328,-0.0015072648986136352,ForecastPage,17
1718907032.75,33.95,0.31484034981658243,0.3131867230473259,0.0016536267605182786,ForecastPage,17
1718907033.0,33.93,0.2740450332584027,0.31035324490909744,-0.03630821165950717,ForecastPage,17
1718907033.25,33.93,0.2740450332584027,0.30789477253401537,-0.03384973928449923,ForecastPage,17
1718907033.5,33.93,0.2740450332584027,0.305852911434451,-0.0318078781850092,ForecastPage,17
1718907033.75,33.93,0.2740450332584027,0.30426241684187333,-0.030217383592505816,ForecastPage,17
1718907034.0,33.95,0.31484034981658243,0.30315047645063786,0.011689873356836439,ForecastPage,17
1718907034.25,33.95,0.31484034981658243,0.3025361563614282,0.012304193445975727,ForecastPage,17
1718907034.5,33.95,0.31484034981658243,0.3024300227911639,0.01241032701617362,ForecastPage,17
1718907034.75,33.95,0.31484034981658243,0.3028339476510699,0.012006402156205976,ForecastPage,17
1718907035.0,33.93,0.2740450332584027,0.30374110164268237,-0.029696068393642288,ForecastPage,17
1718907035.25,33.93,0.2740450332584027,0.30513613412673285,-0.031091100877742625,ForecastPage,17
1718907035.5,33.93,0.2740450332584027,0.30699553465942186,-0.03295050141047455,ForecastPage,17
1718907035.75,33.93,0.2740450332584027,0.3092881667408821,-0.03524313349197049,ForecastPage,17
1718907036.0,33.95,0.31484034981658243,0.3119759600226667,0.0028643897843962252,ForecastPage,17
1718907036.25,33.95,0.31484034981658243,0.3150147431104667,-0.00017439330342516272,ForecastPage,17
1718907036.5,33.95,0.31484034981658243,0.3183551953843121,-0.0035148455772849784,ForecastPage,17
1718907036.75,33.95,0.31484034981658243,0.3219438931675814,-0.007103543360561449,ForecastPage,17
1718907037.0,33.97,0.3556356663747477,0.3257244232938016,0.02991124307138361,ForecastPage,17
1718907037.25,33.97,0.3556356663747477,0.32963853576289176,0.025997130602300172,ForecastPage,17
1718907037.5,33.97,0.3556356663747477,0.3336273067959368,0.022008359569267825,ForecastPage,17
1718907037.75,33.97,0.3556356663747477,0.33763228418084196,0.018003382184380076,ForecastPage,17
1718907038.0,33.97,0.3556356663747477,0.3415965882793855,0.01403907808585788,ForecastPage,17
1718907038.25,33.97,0.3556356663747477,0.34546594430549943,0.010169722059768217,ForecastPage,17
1718907038.5,33.97,0.3556356663747477,0.3491896243087132,0.006446042056580139,ForecastPage,17
1718907038.75,33.97,0.3556356663747477,0.352721280521144,0.002914385844174399,ForecastPage,17
1718907039.0,33.97,0.3556356663747477,0.3560196551867769,-0.00038398882143654556,ForecastPage,17
1718907039.25,33.97,0.3556356663747477,0.35904915555627037,-0.0034134891909132405,ForecastPage,17
1718907039.5,33.97,0.3556356663747477,0.361780286302527,-0.0061446199371595345,ForecastPage,17
1718907039.75,33.97,0.3556356663747477,0.3641899351294042,-0.008554268764033118,ForecastPage,17
1718907040.0,33.99,0.39643098293292744,0.3662615107779307,0.030169472145617035,ForecastPage,17
1718907040.25,33.99,0.39643098293292744,0.36798493597763754,0.028446046945901075,ForecastPage,17
1718907040.5,33.99,0.39643098293292744,0.3693565011526954,0.02707448177082898,ForecastPage,17
1718907040.75,33.99,0.39643098293292744,0.37037858786167227,0.026052395061833496,ForecastPage,17
1718907041.0,33.97,0.3556356663747477,0.3710592739586432,-0.015423607593339696,ForecastPage,17
1718907041.25,33.97,0.3556356663747477,0.37141183517407805,-0.015776168808800797,ForecastPage,17
1718907041.5,33.97,0.3556356663747477,0.3714541600430554,-0.015818493677808413,ForecastPage,17
1718907041.75,33.97,0.3556356663747477,0.3712080966853896,-0.015572430320177208,ForecastPage,17
1718907042.0,33.97,0.3556356663747477,0.3706987507676942,-0.015063084402520945,ForecastPage,17
1718907042.25,33.97,0.3556356663747477,0.36995375404823905,-0.014318087683109729,ForecastPage,17
1718907042.5,33.97,0.3556356663747477,0.3690025222999115,-0.013366855934830633,ForecastPage,17
1718907042.75,33.97,0.3556356663747477,0.367875520248164,-0.01223985388313513,ForecastPage,17
1718907043.0,33.97,0.3556356663747477,0.3666035495877548,-0.010967883222779994,ForecastPage,17
1718907043.25,33.97,0.3556356663747477,0.36521707429187317,-0.009581407926952543,ForecastPage,17
1718907043.5,33.97,0.3556356663747477,0.3637455954311524,-0.00810992906628337,ForecastPage,17
1718907043.75,33.97,0.3556356663747477,0.3622170857008531,-0.0065814193360293136,ForecastPage,17
1718907044.0,33.99,0.39643098293292744,0.36065749192434343,0.035773490998625264,ForecastPage,17
1718907044.25,33.99,0.39643098293292744,0.35909031205687764,0.037340670866070506,ForecastPage,17
1718907044.5,33.99,0.39643098293292744,0.35753625172318904,0.03889473119975605,ForecastPage,17
1718907044.75,33.99,0.39643098293292744,0.3560129640951525,0.040418018827809356,ForecastPage,17
1718907045.0,33.95,0.31484034981658243,0.35453487586997573,-0.039694526063321134,ForecastPage,17
1718907045.25,33.95,0.31484034981658243,0.353113101062725,-0.03827275125601126,ForecastPage,17
1718907045.5,33.95,0.31484034981658243,0.3517554430381279,-0.036915093231334066,ForecastPage,17
1718907045.75,33.95,0.31484034981658243,0.3504664834645071,-0.03562613365761298,ForecastPage,17
1718907046.0,33.95,0.31484034981658243,0.3492477545917753,-0.03440740478476206,ForecastPage,17
1718907046.25,33.95,0.31484034981658243,0.34809798852013013,-0.03325763871298087,ForecastPage,17
1718907046.5,33.95,0.31484034981658243,0.3470134341635306,-0.03217308435623078,ForecastPage,17
1718907046.75,33.95,0.31484034981658243,0.3459882297259722,-0.03114787991850969,ForecastPage,17
1718907047.0,33.99,0.39643098293292744,0.34501481602347156,0.05141616690050858,ForecastPage,17
1718907047.25,33.99,0.39643098293292744,0.3440843742136022,0.052346608710557935,ForecastPage,17
1718907047.5,33.99,0.39643098293292744,0.34318727070696486,0.05324371221738016,ForecastPage,17
1718907047.75,33.99,0.39643098293292744,0.3423134924012428,0.054117490523288625,ForecastPage,17
1718907048.0,33.97,0.3556356663747477,0.34145305690312533,0.014182609463411051,ForecastPage,17
1718907048.25,33.97,0.3556356663747477,0.3405963848980775,0.015039281468638324,ForecastPage,17
1718907048.5,33.97,0.3556356663747477,0.3397346249561537,0.015901041410732952,ForecastPage,17
1718907048.75,33.97,0.3556356663747477,0.33885992443410434,0.016775741932941637,ForecastPage,17
1718907049.0,33.95,0.31484034981658243,0.33796564339697666,-0.02312529358795077,ForecastPage,17
1718907049.25,33.95,0.31484034981658243,0.3370465113651764,-0.022206161556021686,ForecastPage,17
1718907049.5,33.95,0.31484034981658243,0.33609872901045046,-0.02125837920118468,ForecastPage,17
1718907049.75,33.95,0.31484034981658243,0.3351200185725153,-0.020279668763156275,ForecastPage,17
1718907050.0,33.95,0.31484034981658243,0.3341096277297284,-0.019269277920293194,ForecastPage,17
1718907050.25,33.95,0.31484034981658243,0.333068292003959,-0.01822794219446324,ForecastPage,17
1718907050.5,33.95,0.31484034981658243,0.3319981606531732,-0.01715781084363129,ForecastPage,17
1718907050.75,33.95,0.31484034981658243,0.3309026905824985,-0.016062340772923393,ForecastPage,17
1718907051.0,33.97,0.3556356663747477,0.3297865122701606,0.02584915409760183,ForecastPage,17
1718907051.25,33.97,0.3556356663747477,0.3286552712337768,0.02698039513399883,ForecastPage,17
1718907051.5,33.97,0.3556356663747477,0.3275154483040473,0.028120218063735093,ForecastPage,17
1718907051.75,33.97,0.3556356663747477,0.32637416202134784,0.029261504346437067,ForecastPage,17
1718907052.0,33.95,0.31484034981658243,0.32523895683261406,-0.010398607022994024,ForecastPage,17
1718907052.25,33.95,0.31484034981658243,0.32411758134738633,-0.009277231537765638,ForecastPage,17
1718907052.5,33.95,0.31484034981658243,0.32301776154726675,-0.008177411737642911,ForecastPage,17
1718907052.75,33.95,0.31484034981658243,0.3219469743560797,-0.007106624546448668,ForecastPage,17
1718907053.0,33.95,0.31484034981658243,0.32091222724327645,-0.006071877433632955,ForecastPage,17
1718907053.25,33.95,0.31484034981658243,0.31991984950462626,-0.005079499694964488,ForecastPage,17
1718907053.5,33.95,0.31484034981658243,0.3189753005634002,-0.004134950753714026,ForecastPage,17
1718907053.75,33.95,0.31484034981658243,0.31808300011791985,-0.003242650308202857,ForecastPage,17
1718907054.0,33.95,0.31484034981658243,0.31724618429018736,-0.00240583448043284,ForecastPage,17
1718907054.25,33.95,0.31484034981658243,0.3164667911621349,-0.00162644135233613,MarketWaitPage,17
1718907054.5,33.95,0.31484034981658243,0.31574537826880555,-0.0009050284589563373,MarketWaitPage,17
1718907054.75,33.95,0.31484034981658243,0.3150810737907042,-0.00024072398079953402,MarketWaitPage,17
1718907055.0,33.95,0.31484034981658243,0.3144715623815536,0.0003687874284100472,MarketWaitPage,17
1718907055.25,33.95,0.31484034981658243,0.3139131058058742,0.0009272440041506347,MarketWaitPage,17
1718907055.5,33.95,0.31484034981658243,0.3134005978590332,0.001439751951053925,MarketWaitPage,17
1718907055.75,33.95,0.31484034981658243,0.31292765240978315,0.0019126974003665738,MarketWaitPage,17
1718907056.0,33.95,0.31484034981658243,0.3124867228447131,0.0023536269654995607,MarketWaitPage,17
1718907056.25,33.95,0.31484034981658243,0.3120692507026063,0.0027710991076700794,MarketWaitPage,17
1718907056.5,33.95,0.31484034981658243,0.31166584085631915,0.0031745089540223207,MarketWaitPage,17
1718907056.75,33.95,0.31484034981658243,0.31126646021747195,0.003573889592936427,MarketWaitPage,17
1718907057.0,33.95,0.31484034981658243,0.3108606565874882,0.003979693222989522,MarketWaitPage,17
1718907057.25,33.95,0.31484034981658243,0.3104377939356306,0.0044025558749187345,MarketWaitPage,17
1718907057.5,33.95,0.31484034981658243,0.3099873000249554,0.004853049785667413,MarketWaitPage,17
1718907057.75,33.95,0.31484034981658243,0.3094989219009385,0.005341427909759075,MarketWaitPage,17
1718907058.0,33.93,0.2740450332584027,0.308962984271861,-0.03491795101926806,MarketWaitPage,17
1718907058.25,33.93,0.2740450332584027,0.3083706452116126,-0.034325611958945054,RoundResultsPage,17
1718907058.5,33.93,0.2740450332584027,0.3077141428837819,-0.03366910963104082,RoundResultsPage,17
1718907058.75,33.93,0.2740450332584027,0.30698702614047474,-0.032941992887661926,RoundResultsPage,17
1718907059.0,33.95,0.31484034981658243,0.3061843609830045,0.008655988828056974,RoundResultsPage,17
1718907059.25,33.95,0.31484034981658243,0.3053029041621045,0.009537445649022317,RoundResultsPage,17
1718907059.5,33.95,0.31484034981658243,0.3043412348760495,0.010499114935138956,RoundResultsPage,17
1718907059.75,33.95,0.31484034981658243,0.3032998358232588,0.011540513987988454,RoundResultsPage,17
1718907060.0,33.97,0.3556356663747477,0.30218111594022046,0.0534545504292491,RoundResultsPage,17
1718907060.25,33.97,0.3556356663747477,0.30098936906331486,0.054646297306210734,RoundResultsPage,17
1718907060.5,33.97,0.3556356663747477,0.29973066544898086,0.055905000920600204,RoundResultsPage,17
1718907060.75,33.97,0.3556356663747477,0.29841267642710495,0.05722298994253099,RoundResultsPage,17
1718907061.0,33.93,0.2740450332584027,0.29704443620016246,-0.022999402946817654,RoundResultsPage,17
1718907061.25,33.93,0.2740450332584027,0.2956360485877466,-0.021591015334348825,RoundResultsPage,17
1718907061.5,33.93,0.2740450332584027,0.2941983499488694,-0.020153316695419057,RoundResultsPage,17
1718907061.75,33.93,0.2740450332584027,0.29274254222196766,-0.018697508968464248,RoundResultsPage,17
1718907062.0,33.93,0.2740450332584027,0.29127981176131756,-0.01723477850775954,RoundResultsPage,17
1718907062.25,33.93,0.2740450332584027,0.28982095034605104,-0.015775917092436132,RoundResultsPage,17
1718907062.5,33.93,0.2740450332584027,0.28837599446448464,-0.014330961210810277,RoundResultsPage,17
1718907062.75,33.93,0.2740450332584027,0.2869538978782926,-0.012908864624556461,RoundResultsPage,17
1718907063.0,33.93,0.2740450332584027,0.2855622507144694,-0.011517217460669686,RoundResultsPage,17
1718907063.25,33.93,0.2740450332584027,0.28420705607822216,-0.010162022824357426,RoundResultsPage,17
1718907063.5,33.93,0.2740450332584027,0.2828925725743487,-0.008847539320417274,RoundResultsPage,17
1718907063.75,33.93,0.2740450332584027,0.28162122830233566,-0.007576195048335678,RoundResultsPage,17
1718907064.0,33.93,0.2740450332584027,0.2803936089722148,-0.006348575718144175,RoundResultsPage,17
1718907064.25,33.93,0.2740450332584027,0.27920851988207385,-0.005163486627930274,RoundResultsPage,17
1718907064.5,33.93,0.2740450332584027,0.2780631186993684,-0.004018085445149718,RoundResultsPage,17
1718907064.75,33.93,0.2740450332584027,0.2769531133799134,-0.0029080801256184587,RoundResultsPage,17
1718907065.0,33.93,0.2740450332584027,0.27587301721187263,-0.0018279839575015954,RoundResultsPage,17
1718907065.25,33.93,0.2740450332584027,0.2748164509469654,-0.00077141769252003,RoundResultsPage,17
1718907065.5,33.93,0.2740450332584027,0.2737764803261361,0.00026855292838046,RoundResultsPage,17
1718907065.75,33.93,0.2740450332584027,0.2727459760599945,0.0012990571945889298,RoundResultsPage,17
1718907066.0,33.93,0.2740450332584027,0.27171798251293167,0.0023270507417129573,RoundResultsPage,17
1718907066.25,33.93,0.2740450332584027,0.27068608098128094,0.0033589522734177105,RoundResultsPage,17
1718907066.5,33.93,0.2740450332584027,0.2696447335576197,0.004400299697124254,RoundResultsPage,17
1718907066.75,33.93,0.2740450332584027,0.26858959413290173,0.005455439121877502,RoundResultsPage,17
1718907067.0,33.93,0.2740450332584027,0.26751777409347566,0.0065272591613277095,RoundResultsPage,17
1718907067.25,33.93,0.2740450332584027,0.2664280516994189,0.007616981555396724,RoundResultsPage,17
1718907067.5,33.93,0.2740450332584027,0.2653210159525345,0.00872401730228141,RoundResultsPage,17
1718907067.75,33.93,0.2740450332584027,0.2641991379355913,0.009845895319213212,RoundResultsPage,17
1718907068.0,33.93,0.2740450332584027,0.26306676507782145,0.010978268176960813,RoundResultsPage,17
1718907068.25,33.93,0.2740450332584027,0.2619300365141854,0.012114996740564826,RoundResultsPage,17
1718907068.5,33.93,0.2740450332584027,0.26079672058617887,0.01324831266853075,RoundResultsPage,17
1718907068.75,33.93,0.2740450332584027,0.2596759784983767,0.014369054756285343,RoundResultsPage,17
1718907069.0,33.93,0.2740450332584027,0.258578061105458,0.015466972149150956,RoundResultsPage,17
1718907069.25,33.93,0.2740450332584027,0.25751394865661037,0.016531084597941184,RiskPage1,17
1718907069.5,33.93,0.2740450332584027,0.2564949459549062,0.017550087299584686,RiskPage1,17
1718907069.75,33.93,0.2740450332584027,0.25553224767496074,0.018512785579467044,RiskPage1,17
1718907070.0,33.91,0.2332497167002229,0.2546364903894169,-0.02138677369323364,RiskPage1,17
1718907070.25,33.91,0.2332497167002229,0.25381730904364785,-0.020567592347530292,RiskPage1,17
1718907070.5,33.91,0.2332497167002229,0.2530829160555544,-0.019833199359502663,RiskPage1,17
1718907070.75,33.91,0.2332497167002229,0.2524397208057282,-0.019190004109741796,RiskPage1,17
1718907071.0,33.91,0.2332497167002229,0.2518920059940691,-0.018642289298147402,RiskPage1,17
1718907071.25,33.91,0.2332497167002229,0.2514416752291602,-0.018191958533302514,RiskPage1,17
1718907071.5,33.91,0.2332497167002229,0.25108808341385297,-0.01783836671805807,RiskPage1,17
1718907071.75,33.91,0.2332497167002229,0.2508279581599736,-0.017578241464239707,RiskPage1,17
1718907072.0,33.91,0.2332497167002229,0.2506554167829947,-0.017405700087319342,RiskPage1,17
1718907072.25,33.91,0.2332497167002229,0.25056207956870163,-0.01731236287308205,RiskPage1,17
1718907072.5,33.91,0.2332497167002229,0.25053727613927473,-0.017287559443708352,RiskPage1,17
1718907072.75,33.91,0.2332497167002229,0.25056833804340795,-0.017318621347892228,RiskPage1,17
1718907073.0,33.93,0.2740450332584027,0.25064096731883384,0.023404065934813634,RiskPage1,17
1718907073.25,33.93,0.2740450332584027,0.2507396678852368,0.023305365368365086,RiskPage1,17
1718907073.5,33.93,0.2740450332584027,0.2508482243625903,0.023196808890968056,RiskPage1,17
1718907073.75,33.93,0.2740450332584027,0.25095021137102386,0.02309482188249254,RiskPage1,17
1718907074.0,33.91,0.2332497167002229,0.25102951557238073,-0.017779798877084516,RiskPage1,17
1718907074.25,33.91,0.2332497167002229,0.2510708525901282,-0.017821135894870277,RiskPage1,17
1718907074.5,33.91,0.2332497167002229,0.2510602613620612,-0.017810544666838457,RiskPage1,17
1718907074.75,33.91,0.2332497167002229,0.25098555930895217,-0.017735842613760485,RiskPage1,17
1718907075.0,33.93,0.2740450332584027,0.2508367428733604,0.0232082903799846,RiskPage1,17
1718907075.25,33.93,0.2740450332584027,0.25060631951449613,0.023438713738827426,RiskPage2,17
1718907075.5,33.93,0.2740450332584027,0.2502895592168191,0.023755474036488134,RiskPage2,17
1718907075.75,33.93,0.2740450332584027,0.24988465606119897,0.024160377192097307,RiskPage2,17
1718907076.0,33.93,0.2740450332584027,0.2493927934350376,0.024652239818253662,RiskPage2,17
1718907076.25,33.93,0.2740450332584027,0.24881810994734868,0.025226923305944123,RiskPage2,17
1718907076.5,33.93,0.2740450332584027,0.2481675669120578,0.025877466341243348,RiskPage2,17
1718907076.75,33.93,0.2740450332584027,0.2474507221657718,0.02659431108754419,RiskPage2,17
1718907077.0,33.91,0.2332497167002229,0.24667941877288588,-0.013429702077728527,RiskPage2,17
1718907077.25,33.91,0.2332497167002229,0.2458674006145161,-0.012617683919331563,RiskPage2,17
1718907077.5,33.91,0.2332497167002229,0.24502986974281962,-0.011780153047601844,RiskPage2,17
1718907077.75,33.91,0.2332497167002229,0.24418300253190636,-0.010933285836649142,RiskPage2,17
1718907078.0,33.91,0.2332497167002229,0.24334344296541935,-0.010093726270116683,RiskPage2,17
1718907078.25,33.91,0.2332497167002229,0.24252779185031476,-0.009278075154960798,RiskPage2,17
1718907078.5,33.91,0.2332497167002229,0.24175211038844277,-0.008502393693032035,RiskPage2,17
1718907078.75,33.91,0.2332497167002229,0.24103145546126784,-0.007781738765795142,RiskPage2,17
1718907079.0,33.91,0.2332497167002229,0.24037946228652474,-0.0071297455909850975,RiskPage2,17
1718907079.25,33.91,0.2332497167002229,0.23980798788292576,-0.006558271187314465,RiskPage2,17
1718907079.5,33.91,0.2332497167002229,0.23932682611728842,-0.00607710942160118,RiskPage2,17
1718907079.75,33.91,0.2332497167002229,0.2389435020876526,-0.005693785391885637,RiskPage2,17
1718907080.0,33.89,0.19245440014205767,0.23866315028990917,-0.0462087501522246,RiskPage2,17
1718907080.25,33.89,0.19245440014205767,0.23848847749575042,-0.046034077357980735,RiskPage3,17
1718907080.5,33.89,0.19245440014205767,0.23841980761946788,-0.04596540748161177,RiskPage3,17
1718907080.75,33.89,0.19245440014205767,0.23845520219358493,-0.04600080205564213,RiskPage3,17
1718907081.0,33.93,0.2740450332584027,0.23859064660568188,0.035454386648691695,RiskPage3,17
1718907081.25,33.93,0.2740450332584027,0.23882028925190943,0.03522474400254777,RiskPage3,17
1718907081.5,33.93,0.2740450332584027,0.2391367185604587,0.03490831469407889,RiskPage3,17
1718907081.75,33.93,0.2740450332584027,0.23953126170923317,0.03451377154538086,RiskPage3,17
1718907082.0,33.93,0.2740450332584027,0.23999428894553845,0.0340507443091474,RiskPage3,17
1718907082.25,33.93,0.2740450332584027,0.24051550866862326,0.03352952458612957,RiskPage3,17
1718907082.5,33.93,0.2740450332584027,0.2410842406614458,0.032960792593368884,RiskPage3,17
1718907082.75,33.93,0.2740450332584027,0.24168965777277998,0.03235537548209099,RiskPage3,17
1718907083.0,33.91,0.2332497167002229,0.24232098964185417,-0.009071272945113111,RiskPage3,17
1718907083.25,33.91,0.2332497167002229,0.2429676854127633,-0.00971796871597956,RiskPage3,17
1718907083.5,33.91,0.2332497167002229,0.24361953551327342,-0.010369818816454383,RiskPage3,17
1718907083.75,33.91,0.2332497167002229,0.24426675523052788,-0.011017038533680551,RiskPage3,17
1718907084.0,33.91,0.2332497167002229,0.24490003484637365,-0.011650318149504343,RiskPage3,17
1718907084.25,33.91,0.2332497167002229,0.24551056243885994,-0.012260845741973971,RiskPage3,17
1718907084.5,33.91,0.2332497167002229,0.24609002613924563,-0.012840309442347337,RiskPage3,17
1718907084.75,33.91,0.2332497167002229,0.24663060273151885,-0.013380886034611508,RiskPage3,17
1718907085.0,33.91,0.2332497167002229,0.24712493909257777,-0.013875222395663933,RiskPage3,17
1718907085.25,33.91,0.2332497167002229,0.24756613220397888,-0.01431641550706061,RiskPage4,17
1718907085.5,33.91,0.2332497167002229,0.2479477124346228,-0.014697995737701948,RiskPage4,17
1718907085.75,33.91,0.2332497167002229,0.24826363361734743,-0.015013916920426027,RiskPage4,17
1718907086.0,33.93,0.2740450332584027,0.24850827224513752,0.02553676100996198,RiskPage4,17
1718907086.25,33.93,0.2740450332584027,0.24867643701936376,0.025368596235731573,RiskPage4,17
1718907086.5,33.93,0.2740450332584027,0.24876338910526855,0.025281644149819867,RiskPage4,17
1718907086.75,33.93,0.2740450332584027,0.2487648728598054,0.025280160395273303,RiskPage4,17
1718907087.0,33.91,0.2332497167002229,0.24867715649006528,-0.015427439793179055,RiskPage4,17
1718907087.25,33.91,0.2332497167002229,0.24849708198524606,-0.015247365288376082,RiskPage4,17
1718907087.5,33.91,0.2332497167002229,0.24822212358995085,-0.014972406893101014,RiskPage4,17
1718907087.75,33.91,0.2332497167002229,0.24785045390080762,-0.014600737203982405,RiskPage4,17
1718907088.0,33.91,0.2332497167002229,0.2473810162826039,-0.014131299585808636,RiskPage4,17
1718907088.25,33.91,0.2332497167002229,0.24681360171407804,-0.013563885017319179,RiskPage4,17
1718907088.5,33.91,0.2332497167002229,0.2461489274629905,-0.012899210766275551,RiskPage4,17
1718907088.75,33.91,0.2332497167002229,0.2453887142729346,-0.012138997576271831,RiskPage4,17
1718907089.0,33.93,0.2740450332584027,0.24453575815124795,0.029509275103533492,RiskPage4,17
1718907089.25,33.93,0.2740450332584027,0.24359399250467365,0.03045104075003722,RiskPage4,17
1718907089.5,33.93,0.2740450332584027,0.2425685363817643,0.03147649687286627,RiskPage4,17
1718907089.75,33.93,0.2740450332584027,0.2414657250022772,0.032579308252263406,RiskPage4,17
1718907090.0,33.91,0.2332497167002229,0.24029311955303487,-0.007043402856772962,RiskPage4,17
1718907090.25,33.91,0.2332497167002229,0.23905949427805842,-0.005809777581903524,RiskPage4,17
1718907090.5,33.91,0.2332497167002229,0.23777479998926246,-0.004525083293221292,RiskPage4,17
1718907090.75,33.91,0.2332497167002229,0.23645010406416236,-0.0032003873682397085,RiskPage4,17
1718907091.0,33.89,0.19245440014205767,0.2350975076219649,-0.042643107484328174,RiskPage4,17
1718907091.25,33.89,0.19245440014205767,0.2337300408050377,-0.041275640667520944,PreMarketWait,18
1718907091.5,33.89,0.19245440014205767,0.23236153694810138,-0.039907136810700815,PreMarketWait,18
1718907091.75,33.89,0.19245440014205767,0.23100648597897314,-0.03855208584168215,PreMarketWait,18
1718907092.0,33.93,0.2740450332584027,0.22967986683059743,0.044365166422938154,PreMarketWait,18
1718907092.25,33.93,0.2740450332584027,0.22839695820024025,0.0456480750532064,PreMarketWait,18
1718907092.5,33.93,0.2740450332584027,0.2271731269463092,0.04687190630706184,PreMarketWait,18
1718907092.75,33.93,0.2740450332584027,0.22602359398726646,0.04802143926604371,PreMarketWait,18
1718907093.0,33.91,0.2332497167002229,0.22496317882991756,0.008286537865167618,PreMarketWait,18
1718907093.25,33.91,0.2332497167002229,0.22400602568317024,0.009243691011885512,PreMarketWait,18
1718907093.5,33.91,0.2332497167002229,0.2231653162344408,0.010084400460600842,PreMarketWait,18
1718907093.75,33.91,0.2332497167002229,0.22245297624964588,0.010796740445395895,PreMarketWait,18
1718907094.0,33.89,0.19245440014205767,0.2218793849089956,-0.029424984772106554,PreMarketWait,18
1718907094.25,33.89,0.19245440014205767,0.2214530969947164,-0.028998696857804814,PreMarketWait,18
1718907094.5,33.89,0.19245440014205767,0.22118058857380085,-0.028726188436859007,PreMarketWait,18
1718907094.75,33.89,0.19245440014205767,0.22106603662088445,-0.028611636483906702,PreMarketWait,18
1718907095.0,33.91,0.2332497167002229,0.22111114214329997,0.01213857455188267,PreMarketWait,18
1718907095.25,33.91,0.2332497167002229,0.2213150049306392,0.011934711764585087,PreMarketWait,18
1718907095.5,33.91,0.2332497167002229,0.22167405624097475,0.011575660454291595,PreMarketWait,18
1718907095.75,33.91,0.2332497167002229,0.2221820537389792,0.011067662956328326,PreMarketWait,18
1718907096.0,33.89,0.19245440014205767,0.22283014093919928,-0.030375740802017794,PreMarketWait,18
1718907096.25,33.89,0.19245440014205767,0.22360697131649743,-0.031152571179279345,PreMarketWait,18
1718907096.5,33.89,0.19245440014205767,0.22449889510182303,-0.032044494964571034,PreMarketWait,18
1718907096.75,33.89,0.19245440014205767,0.2254902045649673,-0.033035804427684,PreMarketWait,18
1718907097.0,33.91,0.2332497167002229,0.22656343134236606,0.006686285353111464,PreMarketWait,18
1718907097.25,33.91,0.2332497167002229,0.2276996872351257,0.0055500294603788684,PreMarketWait,18
1718907097.5,33.91,0.2332497167002229,0.22887903808613486,0.0043706786093951275,PreMarketWait,18
1718907097.75,33.91,0.2332497167002229,0.2300808990594023,0.003168817636151595,PreMarketWait,18
1718907098.0,33.93,0.2740450332584027,0.23128443905096396,0.042760594202792254,PreMarketWait,18
1718907098.25,33.93,0.2740450332584027,0.23246898213623562,0.04157605111754231,PreMarketWait,18
1718907098.5,33.93,0.2740450332584027,0.23361439489686964,0.04043063835693003,PreMarketWait,18
1718907098.75,33.93,0.2740450332584027,0.23470145008583268,0.03934358316798948,PreMarketWait,18
1718907099.0,33.91,0.2332497167002229,0.23571215921389504,-0.002462442518229087,PreMarketWait,18
1718907099.25,33.91,0.2332497167002229,0.23663006902262151,-0.0033803523269310166,PreMarketWait,18
1718907099.5,33.91,0.2332497167002229,0.23744051914597836,-0.004190802450262498,PreMarketWait,18
1718907099.75,33.91,0.2332497167002229,0.23813086026298638,-0.004881143567244568,PreMarketWait,18
1718907100.0,33.89,0.19245440014205767,0.23869063348730812,-0.04623623334970502,PreMarketWait,18
1718907100.25,33.89,0.19245440014205767,0.23911171250907037,-0.04665731237144036,PreMarketWait,18
1718907100.5,33.89,0.19245440014205767,0.23938841008528064,-0.04693400994762356,PreMarketWait,18
1718907100.75,33.89,0.19245440014205767,0.2395175499502588,-0.0470631498125748,PreMarketWait,18
1718907101.0,33.93,0.2740450332584027,0.2394985042693612,0.034546528984694666,PreMarketWait,18
1718907101.25,33.93,0.2740450332584027,0.2393331956658437,0.03471183758823943,PreMarketWait,18
1718907101.5,33.93,0.2740450332584027,0.23902606193878412,0.035018971315327246,PreMarketWait,18
1718907101.75,33.93,0.2740450332584027,0.23858398114426663,0.03546105210987429,PreMarketWait,18
1718907102.0,33.91,0.2332497167002229,0.23801615487932684,-0.004766438183334588,PreMarketWait,18
1718907102.25,33.91,0.2332497167002229,0.23733394835510246,-0.004084231659077758,PreMarketWait,18
1718907102.5,33.91,0.2332497167002229,0.236550686998284,-0.0033009703022261767,PreMarketWait,18
1718907102.75,33.91,0.2332497167002229,0.23568141065693685,-0.002431693960846304,PreMarketWait,18
1718907103.0,33.91,0.2332497167002229,0.23474258782731292,-0.0014928711311911849,PreMarketWait,18
1718907103.25,33.91,0.2332497167002229,0.23375179356274275,-0.0005020768665926579,MarketGridChoice,18
1718907103.5,33.91,0.2332497167002229,0.23272735584559953,0.0005223608505749346,MarketGridChoice,18
1718907103.75,33.91,0.2332497167002229,0.23168797620764553,0.0015617404885485226,MarketGridChoice,18
1718907104.0,33.91,0.2332497167002229,0.23065233129061652,0.002597385405591841,MarketGridChoice,18
1718907104.25,33.91,0.2332497167002229,0.2296386628606328,0.0036110538355845563,MarketGridChoice,18
1718907104.5,33.91,0.2332497167002229,0.2286643645312427,0.00458535216497858,MarketGridChoice,18
1718907104.75,33.91,0.2332497167002229,0.22774557410555493,0.005504142590665218,MarketGridChoice,18
1718907105.0,33.91,0.2332497167002229,0.22689678100346292,0.00635293569275071,MarketGridChoice,18
1718907105.25,33.91,0.2332497167002229,0.22613045867140777,0.007119258024793277,MarketGridChoice,18
1718907105.5,33.91,0.2332497167002229,0.22545673214620993,0.007792984549971856,MarketGridChoice,18
1718907105.75,33.91,0.2332497167002229,0.2248830910190522,0.008366625677102998,MarketGridChoice,18
1718907106.0,33.91,0.2332497167002229,0.22441415787014282,0.008835558825978161,MarketGridChoice,18
1718907106.25,33.91,0.2332497167002229,0.22405152176056167,0.00919819493551725,MarketGridChoice,18
1718907106.5,33.91,0.2332497167002229,0.2237936455099039,0.009456071186124845,MarketGridChoice,18
1718907106.75,33.91,0.2332497167002229,0.22363585418497928,0.009613862510991103,MarketGridChoice,18
1718907107.0,33.87,0.15165908358387792,0.22357041039984246,-0.0719113268202836,MarketGridChoice,18
1718907107.25,33.87,0.15165908358387792,0.22358667960774214,-0.07192759602825756,MarketGridChoice,18
1718907107.5,33.87,0.15165908358387792,0.22367138550817156,-0.07201230192876822,MarketGridChoice,18
1718907107.75,33.87,0.15165908358387792,0.22380895204086926,-0.07214986846155254,MarketGridChoice,18
1718907108.0,33.93,0.2740450332584027,0.22398192439067457,0.05006310886307723,MarketGridChoice,18
1718907108.25,33.93,0.2740450332584027,0.2241714573554635,0.04987357589819871,MarketGridChoice,18
1718907108.5,33.93,0.2740450332584027,0.22435785581284703,0.049687177440728786,MarketGridChoice,18
1718907108.75,33.93,0.2740450332584027,0.22452114929476255,0.049523883958733236,MarketGridChoice,18
1718907109.0,33.89,0.19245440014205767,0.2246416810783661,-0.03218728094128618,MarketGridChoice,18
1718907109.25,33.89,0.19245440014205767,0.22470069169768916,-0.03224629156066877,MarketGridChoice,18
1718907109.5,33.89,0.19245440014205767,0.22468087714574572,-0.03222647700877193,MarketGridChoice,18
1718907109.75,33.89,0.19245440014205767,0.22456690300044127,-0.03211250286350014,MarketGridChoice,18
1718907110.0,33.93,0.2740450332584027,0.2243458571055665,0.04969917614770132,MarketGridChoice,18
1718907110.25,33.93,0.2740450332584027,0.2240076252759442,0.05003740797731944,MarketGridChoice,18
1718907110.5,33.93,0.2740450332584027,0.22354517690099537,0.05049985635227722,MarketGridChoice,18
1718907110.75,33.93,0.2740450332584027,0.2229547504207961,0.05109028283249692,MarketGridChoice,18
1718907111.0,33.91,0.2332497167002229,0.222235932446733,0.011013784248410222,MarketGridChoice,18
1718907111.25,33.91,0.2332497167002229,0.22139162862027942,0.011858088074901053,MarketGridChoice,18
1718907111.5,33.91,0.2332497167002229,0.22042792883139634,0.01282178786382641,MarketGridChoice,18
1718907111.75,33.91,0.2332497167002229,0.2193538737868024,0.013895842908465118,MarketGridChoice,18
1718907112.0,33.89,0.19245440014205767,0.21818113380153742,-0.02572673366439076,MarketGridChoice,18
1718907112.25,33.89,0.19245440014205767,0.2169236138418682,-0.024469213704680408,MarketGridChoice,18
1718907112.5,33.89,0.19245440014205767,0.21559700111694693,-0.023142600979723496,MarketGridChoice,18
1718907112.75,33.89,0.19245440014205767,0.21421827282439024,-0.021763872687138152,MarketGridChoice,18
1718907113.0,33.89,0.19245440014205767,0.21280518200970777,-0.02035078187243474,MarketGridChoice,18
1718907113.25,33.89,0.19245440014205767,0.21137573899653297,-0.018921338859246562,MarketGridChoice,18
1718907113.5,33.89,0.19245440014205767,0.2099477046460729,-0.01749330450877972,MarketGridChoice,18
1718907113.75,33.89,0.19245440014205767,0.20853811000471803,-0.01608370986742343,MarketGridChoice,18
1718907114.0,33.91,0.2332497167002229,0.207162814896653,0.02608690179880435,MarketGridChoice,18
1718907114.25,33.91,0.2332497167002229,0.20583611589891404,0.027413600796538415,MarketGridChoice,18
1718907114.5,33.91,0.2332497167002229,0.2045704120554776,0.028679304639969077,MarketGridChoice,18
1718907114.75,33.91,0.2332497167002229,0.20337593474269552,0.0298737819527457,MarketGridChoice,18
1718907115.0,33.87,0.15165908358387792,0.20226054629844178,-0.0506014627193497,MarketGridChoice,18
1718907115.25,33.87,0.15165908358387792,0.20122961028046454,-0.049570526701374365,MarketGridChoice,18
1718907115.5,33.87,0.15165908358387792,0.20028593437753817,-0.048626850798446544,MarketGridChoice,18
1718907115.75,33.87,0.15165908358387792,0.19942978494490665,-0.047770701365808924,MarketGridChoice,18
1718907116.0,33.91,0.2332497167002229,0.19865896988569176,0.03459074680976308,MarketGridChoice,18
1718907116.25,33.91,0.2332497167002229,0.19796898433083768,0.035280732364636434,MarketGridChoice,18
1718907116.5,33.91,0.2332497167002229,0.19735321157298055,0.035896505122520905,MarketGridChoice,18
1718907116.75,33.91,0.2332497167002229,0.19680317026675995,0.03644654642877748,MarketGridChoice,18
1718907117.0,33.89,0.19245440014205767,0.19630879817154867,-0.003854398034131904,MarketGridChoice,18
1718907117.25,33.89,0.19245440014205767,0.1958587626508416,-0.003404362513372273,MarketGridChoice,18
1718907117.5,33.89,0.19245440014205767,0.19544078857884875,-0.0029863884413200807,MarketGridChoice,18
1718907117.75,33.89,0.19245440014205767,0.19504199501193756,-0.0025875948743443525,MarketGridChoice,18
1718907118.0,33.89,0.19245440014205767,0.19464923277260138,-0.002194832634940167,MarketGridChoice,18
1718907118.25,33.89,0.19245440014205767,0.19424941586027292,-0.0017950157225419643,MarketGridChoice,18
1718907118.5,33.89,0.19245440014205767,0.19382984031324707,-0.0013754401754460886,MarketGridChoice,18
1718907118.75,33.89,0.19245440014205767,0.19337848480650033,-0.0009240846686302071,MarketGridChoice,18
1718907119.0,33.89,0.19245440014205767,0.1928842879014314,-0.0004298877634940101,MarketGridChoice,18
1718907119.25,33.89,0.19245440014205767,0.1923373974855368,0.00011700265246497718,MarketGridChoice,18
1718907119.5,33.89,0.19245440014205767,0.19172938856930768,0.0007250115687545932,MarketGridChoice,18
1718907119.75,33.89,0.19245440014205767,0.19105344625666412,0.0014009538814537957,MarketGridChoice,18
1718907120.0,33.89,0.19245440014205767,0.19030451138216578,0.0021498887560019494,MarketGridChoice,18
1718907120.25,33.89,0.19245440014205767,0.18947938701645925,0.0029750131217514838,MarketGridChoice,18
1718907120.5,33.89,0.19245440014205767,0.18857680477914646,0.003877595359099321,MarketGridChoice,18
1718907120.75,33.89,0.19245440014205767,0.1875974506579341,0.004856949480337517,MarketGridChoice,18
1718907121.0,33.89,0.19245440014205767,0.18654395080063157,0.005910449337655468,MarketGridChoice,18
1718907121.25,33.89,0.19245440014205767,0.1854208185013562,0.007033581636934997,MarketGridChoice,18
1718907121.5,33.89,0.19245440014205767,0.18423436431551252,0.008220035822771086,MarketGridChoice,18
1718907121.75,33.89,0.19245440014205767,0.18299257187265533,0.009461828265608825,MarketGridChoice,18
1718907122.0,33.87,0.15165908358387792,0.18170494246639604,-0.030045858886342806,MarketGridChoice,18
1718907122.25,33.87,0.15165908358387792,0.18038231183418293,-0.02872322825417229,MarketGridChoice,18
1718907122.5,33.87,0.15165908358387792,0.1790366426515121,-0.0273775590715548,MarketGridChoice,18
1718907122.75,33.87,0.15165908358387792,0.17768079614299004,-0.02602171256309574,MarketGridChoice,18
1718907123.0,33.89,0.19245440014205767,0.17632828591100325,0.016126114226999624,MarketGridChoice,18
1718907123.25,33.89,0.19245440014205767,0.17499301673399414,0.017461383403931014,MarketGridChoice,18
1718907123.5,33.89,0.19245440014205767,0.17368901087209604,0.018765389265746512,MarketGridChoice,18
1718907123.75,33.89,0.19245440014205767,0.17243012450732542,0.020024275630430917,MarketGridChoice,18
1718907124.0,33.89,0.19245440014205767,0.1712297574339863,0.021224642703681393,MarketGridChoice,18
1718907124.25,33.89,0.19245440014205767,0.1701005599952504,0.02235384014232728,ForecastPage,18
1718907124.5,33.89,0.19245440014205767,0.16905414243685202,0.023400257700635207,ForecastPage,18
1718907124.75,33.89,0.19245440014205767,0.168100793164641,0.02435360697275635,ForecastPage,18
1718907125.0,33.87,0.15165908358387792,0.16724921366757448,-0.015590130088445169,ForecastPage,18
1718907125.25,33.87,0.15165908358387792,0.16650627890874348,-0.014847195329699726,ForecastPage,18
1718907125.5,33.87,0.15165908358387792,0.16587683260731953,-0.014217749028357547,ForecastPage,18
1718907125.75,33.87,0.15165908358387792,0.16536352688195483,-0.013704443303069674,ForecastPage,18
1718907126.0,33.87,0.15165908358387792,0.16496671511855482,-0.013307631539740333,ForecastPage,18
1718907126.25,33.87,0.15165908358387792,0.16468440566570633,-0.013025322086955417,ForecastPage,18
1718907126.5,33.87,0.15165908358387792,0.16451228212384691,-0.012853198545151642,ForecastPage,18
1718907126.75,33.87,0.15165908358387792,0.16444379369274434,-0.012784710114096098,ForecastPage,18
1718907127.0,33.87,0.15165908358387792,0.16447031640121754,-0.012811232822607016,ForecastPage,18
1718907127.25,33.87,0.15165908358387792,0.16458138318845322,-0.01292229960987047,ForecastPage,18
1718907127.5,33.87,0.15165908358387792,0.16476497786063016,-0.013105894282064556,ForecastPage,18
1718907127.75,33.87,0.15165908358387792,0.16500788503104347,-0.013348801452483657,ForecastPage,18
1718907128.0,33.87,0.15165908358387792,0.1652960853869763,-0.013637001808410414,ForecastPage,18
1718907128.25,33.87,0.15165908358387792,0.1656151831327739,-0.013956099554189657,ForecastPage,18
1718907128.5,33.87,0.15165908358387792,0.1659508503574094,-0.014291766778794332,ForecastPage,18
1718907128.75,33.87,0.15165908358387792,0.16628927148933523,-0.014630187910677144,ForecastPage,18
1718907129.0,33.89,0.19245440014205767,0.1666175700563581,0.02583683008053434,ForecastPage,18
1718907129.25,33.89,0.19245440014205767,0.16692419978723855,0.0255302003497192,ForecastPage,18
1718907129.5,33.89,0.19245440014205767,0.16719928278435744,0.02525511735267534,ForecastPage,18
1718907129.75,33.89,0.19245440014205767,0.16743487913111066,0.025019521006005845,ForecastPage,18
1718907130.0,33.89,0.19245440014205767,0.16762517486659992,0.024829225270607838,ForecastPage,18
1718907130.25,33.89,0.19245440014205767,0.16776657866579803,0.024687821471507262,ForecastPage,18
1718907130.5,33.89,0.19245440014205767,0.1678577216324431,0.024596678504964508,ForecastPage,18
1718907130.75,33.89,0.19245440014205767,0.16789935912906728,0.024555041008446146,ForecastPage,18
1718907131.0,33.89,0.19245440014205767,0.16789417830379172,0.024560221833829766,ForecastPage,18
1718907131.25,33.89,0.19245440014205767,0.16784651969484513,0.02460788044288529,ForecastPage,18
1718907131.5,33.89,0.19245440014205767,0.16776202577013308,0.024692374367705484,ForecastPage,18
1718907131.75,33.89,0.19245440014205767,0.16764723326041286,0.024807166877531213,ForecastPage,18
1718907132.0,33.87,0.15165908358387792,0.16750912944130988,-0.01585004586144435,ForecastPage,18
1718907132.25,33.87,0.15165908358387792,0.16735469488586785,-0.015695611305907003,ForecastPage,18
1718907132.5,33.87,0.15165908358387792,0.1671904564362309,-0.015531372856181854,ForecastPage,18
1718907132.75,33.87,0.15165908358387792,0.16702207406499794,-0.01536299048486859,ForecastPage,18
1718907133.0,33.84,0.09046610874663003,0.16685398382602812,-0.07638787508307485,ForecastPage,18
1718907133.25,33.84,0.09046610874663003,0.16668911624136387,-0.07622300749834789,ForecastPage,18
1718907133.5,33.84,0.09046610874663003,0.16652870534766284,-0.07606259660459344,ForecastPage,18
1718907133.75,33.84,0.09046610874663003,0.16637219845439216,-0.0759060897112783,ForecastPage,18
1718907134.0,33.89,0.19245440014205767,0.16621727080077944,0.02623712933779855,ForecastPage,18
1718907134.25,33.89,0.19245440014205767,0.16605994322634096,0.026394456912266967,ForecastPage,18
1718907134.5,33.89,0.19245440014205767,0.16589479525209447,0.026559604886538246,ForecastPage,18
1718907134.75,33.89,0.19245440014205767,0.16571526112154547,0.026739139017108116,ForecastPage,18
1718907135.0,33.89,0.19245440014205767,0.16551399271580922,0.02694040742286207,ForecastPage,18
1718907135.25,33.89,0.19245440014205767,0.16528327094916667,0.02717112918951952,ForecastPage,18
1718907135.5,33.89,0.19245440014205767,0.1650154461870906,0.027438953951607746,ForecastPage,18
1718907135.75,33.89,0.19245440014205767,0.16470338821226704,0.027751011926440226,ForecastPage,18
1718907136.0,33.87,0.15165908358387792,0.16434092705609513,-0.012681843475562622,ForecastPage,18
1718907136.25,33.87,0.15165908358387792,0.1639232673667471,-0.012264183786213897,ForecastPage,18
1718907136.5,33.87,0.15165908358387792,0.16344736066685045,-0.011788277086320915,ForecastPage,18
1718907136.75,33.87,0.15165908358387792,0.16291222167300604,-0.011253138092484245,ForecastPage,18
1718907137.0,33.87,0.15165908358387792,0.1623191766895862,-0.010660093109075997,ForecastPage,18
1718907137.25,33.87,0.15165908358387792,0.16167203392476473,-0.01001295034426971,ForecastPage,18
1718907137.5,33.87,0.15165908358387792,0.16097716745588117,-0.009318083875404714,ForecastPage,18
1718907137.75,33.87,0.15165908358387792,0.16024350858258213,-0.008584425002127413,ForecastPage,18
1718907138.0,33.89,0.19245440014205767,0.15948244054964147,0.03297195958896846,ForecastPage,18
1718907138.25,33.89,0.19245440014205767,0.15870759519137712,0.03374680494720614,ForecastPage,18
1718907138.5,33.89,0.19245440014205767,0.15793455301826376,0.03451984712029149,ForecastPage,18
1718907138.75,33.89,0.19245440014205767,0.1571804516547792,0.035273948483747354,ForecastPage,18
1718907139.0,33.89,0.19245440014205767,0.15646351128199065,0.03599088885650692,ForecastPage,18
1718907139.25,33.89,0.19245440014205767,0.15580248967448457,0.03665191046398421,ForecastPage,18
1718907139.5,33.89,0.19245440014205767,0.15521608329941133,0.03723831683902898,ForecastPage,18
1718907139.75,33.89,0.19245440014205767,0.15472229446445013,0.03773210567396184,ForecastPage,18
1718907140.0,33.84,0.09046610874663003,0.15433778733754858,-0.06387167859459322,ForecastPage,18
1718907140.25,33.84,0.09046610874663003,0.15407725748961668,-0.06361114874669185,ForecastPage,18
1718907140.5,33.84,0.09046610874663003,0.15395284014272126,-0.06348673139982933,ForecastPage,18
1718907140.75,33.84,0.09046610874663003,0.15397358135781575,-0.06350747261495936,ForecastPage,18
1718907141.0,33.87,0.15165908358387792,0.15414499397500608,-0.00248591039493979,ForecastPage,18
1718907141.25,33.87,0.15165908358387792,0.15446871645847104,-0.002809632878444386,ForecastPage,18
1718907141.5,33.87,0.15165908358387792,0.15494228829795126,-0.0032832047179648313,ForecastPage,18
1718907141.75,33.87,0.15165908358387792,0.1555590507233005,-0.003899967143353812,ForecastPage,18
1718907142.0,33.87,0.15165908358387792,0.15630817656699933,-0.0046490929870906805,ForecastPage,18
1718907142.25,33.87,0.15165908358387792,0.15717482840113792,-0.0055157448212644275,ForecastPage,18
1718907142.5,33.87,0.15165908358387792,0.15814043970632602,-0.006481356126483572,ForecastPage,18
1718907142.75,33.87,0.15165908358387792,0.15918310986381817,-0.007524026284001756,ForecastPage,18
1718907143.0,33.87,0.15165908358387792,0.1602781002429231,-0.008619016663127121,ForecastPage,18
1718907143.25,33.87,0.15165908358387792,0.16139841562880258,-0.00973933204902088,ForecastPage,18
1718907143.5,33.87,0.15165908358387792,0.16251545275368767,-0.01085636917391349,ForecastPage,18
1718907143.75,33.87,0.15165908358387792,0.16359969581873998,-0.011940612238966022,ForecastPage,18
1718907144.0,33.89,0.19245440014205767,0.1646214376947277,0.027832962443233696,ForecastPage,18
1718907144.25,33.89,0.19245440014205767,0.16555150504402816,0.026902895093949306,ForecastPage,18
1718907144.5,33.89,0.19245440014205767,0.16636196598426528,0.026092434153736754,ForecastPage,18
1718907144.75,33.89,0.19245440014205767,0.16702680015064694,0.025427599987388017,ForecastPage,18
1718907145.0,33.89,0.19245440014205767,0.16752251307696814,0.024931887061107348,ForecastPage,18
1718907145.25,33.89,0.19245440014205767,0.16782867958695738,0.024625720551165024,ForecastPage,18
1718907145.5,33.89,0.19245440014205767,0.16792840418107913,0.024525995957094964,ForecastPage,18
1718907145.75,33.89,0.19245440014205767,0.16780868999462464,0.02464571014360383,ForecastPage,18
1718907146.0,33.87,0.15165908358387792,0.16746071155605047,-0.015801627975947037,ForecastPage,18
1718907146.25,33.87,0.15165908358387792,0.1668799900595753,-0.015220906479419032,ForecastPage,18
1718907146.5,33.87,0.15165908358387792,0.1660664729715693,-0.014407389391364107,ForecastPage,18
1718907146.75,33.87,0.15165908358387792,0.16502452235022239,-0.013365438769974172,ForecastPage,18
1718907147.0,33.87,0.15165908358387792,0.1637628181832004,-0.012103734602916912,ForecastPage,18
1718907147.25,33.87,0.15165908358387792,0.16229418433975396,-0.010635100759444682,ForecastPage,18
1718907147.5,33.87,0.15165908358387792,0.16063534546598435,-0.008976261885660322,ForecastPage,18
1718907147.75,33.87,0.15165908358387792,0.15880662343572466,-0.007147539855398153,ForecastPage,18
1718907148.0,33.87,0.15165908358387792,0.15683158192290547,-0.005172498342589631,ForecastPage,18
1718907148.25,33.87,0.15165908358387792,0.15473662739457575,-0.003077543814284326,ForecastPage,18
1718907148.5,33.87,0.15165908358387792,0.1525505744340256,-0.0008914908537727209,ForecastPage,18
1718907148.75,33.87,0.15165908358387792,0.15030418287254413,0.0013549007076559382,ForecastPage,18
1718907149.0,33.87,0.15165908358387792,0.14802967380127782,0.0036294097788554976,ForecastPage,18
1718907149.25,33.87,0.15165908358387792,0.14576023119833637,0.005898852381717178,ForecastPage,18
1718907149.5,33.87,0.15165908358387792,0.14352949566840134,0.008129587911560744,ForecastPage,18
1718907149.75,33.87,0.15165908358387792,0.14137105666025776,0.010288026919602827,ForecastPage,18
1718907150.0,33.87,0.15165908358387792,0.13931794948891582,0.012341134090835185,ForecastPage,18
1718907150.25,33.87,0.15165908358387792,0.13740216350949952,0.014256920070135789,ForecastPage,18
1718907150.5,33.87,0.15165908358387792,0.1356541678152338,0.016004915764281532,ForecastPage,18
1718907150.75,33.87,0.15165908358387792,0.13410246078660767,0.017556622792785342,ForecastPage,18
1718907151.0,33.83,0.0700684504675329,0.13277314960904849,-0.06270469914612294,ForecastPage,18
1718907151.25,33.83,0.0700684504675329,0.1316895653967779,-0.061621114933972806,ForecastPage,18
1718907151.5,33.83,0.0700684504675329,0.13087191872143947,-0.06080346825875041,ForecastPage,18
1718907151.75,33.83,0.0700684504675329,0.13033699912936456,-0.0602685486667845,ForecastPage,18
1718907152.0,33.89,0.19245440014205767,0.13009792076566878,0.06235647937133701,ForecastPage,18
1718907152.25,33.89,0.19245440014205767,0.13016391479557798,0.062290485341341656,ForecastPage,18
1718907152.5,33.89,0.19245440014205767,0.13054016830842732,0.06191423182842144,ForecastPage,18
1718907152.75,33.89,0.19245440014205767,0.1312277091405408,0.061226690996253955,ForecastPage,18
1718907153.0,33.87,0.15165908358387792,0.13222333668725855,0.019435746891319952,ForecastPage,18
1718907153.25,33.87,0.15165908358387792,0.13351960014717068,0.018139483431388527,ForecastPage,18
1718907153.5,33.87,0.15165908358387792,0.135104827392419,0.01655425618613694,ForecastPage,18
1718907153.75,33.87,0.15165908358387792,0.1369632093412873,0.014695874237279659,ForecastPage,18
1718907154.0,33.84,0.09046610874663003,0.13907494591159122,-0.048608837170248734,ForecastPage,18
1718907154.25,33.84,0.09046610874663003,0.1414164600413319,-0.050950351299955655,ForecastPage,18
1718907154.5,33.84,0.09046610874663003,0.1439606856764837,-0.053494576935065485,ForecastPage,18
1718907154.75,33.84,0.09046610874663003,0.14667743397062205,-0.05621132522915579,ForecastPage,18
1718907155.0,33.87,0.15165908358387792,0.14953383929379951,0.0021252442849668887,ForecastPage,18
1718907155.25,33.87,0.15165908358387792,0.15249488324324711,-0.0008357996644254989,MarketWaitPage,18
1718907155.5,33.87,0.15165908358387792,0.15552399103468326,-0.0038649074558042805,MarketWaitPage,18
1718907155.75,33.87,0.15165908358387792,0.1585836908022283,-0.006924607223290332,MarketWaitPage,18
1718907156.0,33.87,0.15165908358387792,0.1616363227520494,-0.009977239173051038,MarketWaitPage,18
1718907156.25,33.87,0.15165908358387792,0.1646447819960554,-0.012985698416995553,MarketWaitPage,18
1718907156.5,33.87,0.15165908358387792,0.1675732763440063,-0.015914192764884264,MarketWaitPage,18
1718907156.75,33.87,0.15165908358387792,0.17038807842297093,-0.0187289948437865,MarketWaitPage,18
1718907157.0,33.89,0.19245440014205767,0.1730582502924947,0.01939614984493155,MarketWaitPage,18
1718907157.25,33.89,0.19245440014205767,0.17555631832122537,0.016898081816261908,MarketWaitPage,18
1718907157.5,33.89,0.19245440014205767,0.17785887658557317,0.014595523551973532,MarketWaitPage,18
1718907157.75,33.89,0.19245440014205767,0.17994709852504623,0.012507301612557902,MarketWaitPage,18
1718907158.0,33.91,0.2332497167002229,0.18180713907145374,0.05144257762437072,MarketWaitPage,18
1718907158.25,33.91,0.2332497167002229,0.18343041291661522,0.049819303779261685,MarketWaitPage,18
1718907158.5,33.91,0.2332497167002229,0.184813738880178,0.04843597781574852,MarketWaitPage,18
1718907158.75,33.91,0.2332497167002229,0.1859593453022657,0.0472903713937073,MarketWaitPage,18
1718907159.0,33.89,0.19245440014205767,0.18687473675646538,0.00557966338138538,MarketWaitPage,18
1718907159.25,33.89,0.19245440014205767,0.18757242782215444,0.004881972315735242,MarketWaitPage,18
1718907159.5,33.89,0.19245440014205767,0.18806955478979875,0.0043848453481251555,MarketWaitPage,18
1718907159.75,33.89,0.19245440014205767,0.188387380629981,0.004067019507971777,MarketWaitPage,18
1718907160.0,33.87,0.15165908358387792,0.1885507120404302,-0.036891628460634124,MarketWaitPage,18
1718907160.25,33.87,0.15165908358387792,0.18858724970151708,-0.036928166121703826,MarketWaitPage,18
1718907160.5,33.87,0.15165908358387792,0.18852689392703217,-0.03686781034720731,MarketWaitPage,18
1718907160.75,33.87,0.15165908358387792,0.18840102769519748,-0.036741944115366326,MarketWaitPage,18
1718907161.0,33.87,0.15165908358387792,0.1882417976844964,-0.03658271410466405,MarketWaitPage,18
1718907161.25,33.87,0.15165908358387792,0.18808141161904232,-0.03642232803921366,MarketWaitPage,18
1718907161.5,33.87,0.15165908358387792,0.1879514672270116,-0.036292383647191076,MarketWaitPage,18
1718907161.75,33.87,0.15165908358387792,0.18788232475573483,-0.03622324117592663,MarketWaitPage,18
1718907162.0,33.91,0.2332497167002229,0.18790253160615872,0.045347185089978426,MarketWaitPage,18
1718907162.25,33.91,0.2332497167002229,0.1880383045805016,0.045211412115616384,MarketWaitPage,18
1718907162.5,33.91,0.2332497167002229,0.18831307277875417,0.044936643917342235,MarketWaitPage,18
1718907162.75,33.91,0.2332497167002229,0.18874708254080952,0.04450263415526382,MarketWaitPage,18
1718907163.0,33.89,0.19245440014205767,0.18935706506388986,0.0030973350739944214,MarketWaitPage,18
1718907163.25,33.89,0.19245440014205767,0.19015596729877454,0.0022984328390857067,MarketWaitPage,18
1718907163.5,33.89,0.19245440014205767,0.19115274717439626,0.0013016529634403244,MarketWaitPage,18
1718907163.75,33.89,0.19245440014205767,0.19235223480810454,0.00010216532970939302,MarketWaitPage,18
1718907164.0,33.89,0.19245440014205767,0.19375506186661323,-0.0013006617288207623,MarketWaitPage,18
1718907164.25,33.89,0.19245440014205767,0.1953576614808011,-0.0029032613430292117,MarketWaitPage,18
1718907164.5,33.89,0.19245440014205767,0.19715234100148896,-0.004697940863737574,MarketWaitPage,18
1718907164.75,33.89,0.19245440014205767,0.1991274293824376,-0.006673029244707553,MarketWaitPage,18
1718907165.0,33.89,0.19245440014205767,0.20126750008840005,-0.008813099950692922,MarketWaitPage,18
1718907165.25,33.89,0.19245440014205767,0.20355366916419768,-0.01109926902651577,MarketWaitPage,18
1718907165.5,33.89,0.19245440014205767,0.20596396649479554,-0.013509566357141907,MarketWaitPage,18
1718907165.75,33.89,0.19245440014205767,0.20847377638216671,-0.016019376244545018,MarketWaitPage,18
1718907166.0,33.89,0.19245440014205767,0.21105634142656304,-0.018601941288977155,MarketWaitPage,18
1718907166.25,33.89,0.19245440014205767,0.21368332141161028,-0.021228921274063936,MarketWaitPage,18
1718907166.5,33.89,0.19245440014205767,0.2163253965594743,-0.023870996421970648,MarketWaitPage,18
1718907166.75,33.89,0.19245440014205767,0.21895290227146552,-0.026498502134006813,MarketWaitPage,18
1718907167.0,33.91,0.2332497167002229,0.2215364804508836,0.01171323624469411,MarketWaitPage,18
1718907167.25,33.91,0.2332497167002229,0.22404773088873206,0.009201985806798978,MarketWaitPage,18
1718907167.5,33.91,0.2332497167002229,0.22645984515668582,0.006789871538798836,MarketWaitPage,18
1718907167.75,33.91,0.2332497167002229,0.22874820515259445,0.004501511542844647,MarketWaitPage,18
1718907168.0,33.93,0.2740450332584027,0.23089092898479172,0.04315410426878323,MarketWaitPage,18
1718907168.25,33.93,0.2740450332584027,0.23286934829184,0.041175684961693444,MarketWaitPage,18
1718907168.5,33.93,0.2740450332584027,0.2346684033316514,0.03937662992184345,MarketWaitPage,18
1718907168.75,33.93,0.2740450332584027,0.23627694512874403,0.037768088124714994,MarketWaitPage,18
1718907169.0,33.91,0.2332497167002229,0.23768793745791467,-0.004438220762669094,MarketWaitPage,18
1718907169.25,33.91,0.2332497167002229,0.23889855521009054,-0.0056488385148771095,MarketWaitPage,18
1718907169.5,33.91,0.2332497167002229,0.23991017943138407,-0.006660462736201651,MarketWaitPage,18
1718907169.75,33.91,0.2332497167002229,0.24072829276589888,-0.007478576070746408,MarketWaitPage,18
1718907170.0,33.91,0.2332497167002229,0.24136228195940385,-0.00811256526428026,MarketWaitPage,18
1718907170.25,33.91,0.2332497167002229,0.24182515639053825,-0.00857543969544228,MarketWaitPage,18
1718907170.5,33.91,0.2332497167002229,0.24213319327371052,-0.008883476578640505,MarketWaitPage,18
1718907170.75,33.91,0.2332497167002229,0.24230552126242405,-0.009055804567377684,MarketWaitPage,18
1718907171.0,33.91,0.2332497167002229,0.2423636547370032,-0.009113938041977476,MarketWaitPage,18
1718907171.25,33.91,0.2332497167002229,0.24233099115998716,-0.009081274464978464,MarketWaitPage,18
1718907171.5,33.91,0.2332497167002229,0.2422322836040739,-0.008982566909078343,MarketWaitPage,18
1718907171.75,33.91,0.2332497167002229,0.24209309998279638,-0.00884338328780997,MarketWaitPage,18
1718907172.0,33.91,0.2332497167002229,0.24193927972631413,-0.008689563031332734,MarketWaitPage,18
1718907172.25,33.91,0.2332497167002229,0.24179639772784223,-0.008546681032861393,MarketWaitPage,18
1718907172.5,33.91,0.2332497167002229,0.2416892444243257,-0.008439527729340415,MarketWaitPage,18
1718907172.75,33.91,0.2332497167002229,0.2416413299513889,-0.00839161325639339,MarketWaitPage,18
1718907173.0,33.93,0.2740450332584027,0.241674419509361,0.03237061374383116,MarketWaitPage,18
1718907173.25,33.93,0.2740450332584027,0.24180810647145265,0.032236926781764104,RoundResultsPage,18
1718907173.5,33.93,0.2740450332584027,0.24205942941630626,0.03198560383694355,RoundResultsPage,18
1718907173.75,33.93,0.2740450332584027,0.2424425391891756,0.031602494064116124,RoundResultsPage,18
1718907174.0,33.91,0.2332497167002229,0.24296842222498993,-0.009718705529826767,RoundResultsPage,18
1718907174.25,33.91,0.2332497167002229,0.24364468654913715,-0.010394969853913392,RoundResultsPage,18
1718907174.5,33.91,0.2332497167002229,0.2444754168946552,-0.011225700199362518,RoundResultsPage,18
1718907174.75,33.91,0.2332497167002229,0.24546110502684942,-0.012211388331481698,RoundResultsPage,18
1718907175.0,33.91,0.2332497167002229,0.24659866050242388,-0.013348943806978058,RoundResultsPage,18
1718907175.25,33.91,0.2332497167002229,0.24788150565930736,-0.014631788963783643,RoundResultsPage,18
1718907175.5,33.91,0.2332497167002229,0.24929975666883292,-0.01605003997323475,RoundResultsPage,18
1718907175.75,33.91,0.2332497167002229,0.25084049006955333,-0.017590773373886915,RoundResultsPage,18
1718907176.0,33.91,0.2332497167002229,0.25248809145340295,-0.01923837475767686,RoundResultsPage,18
1718907176.25,33.91,0.2332497167002229,0.2542246800160763,-0.020974963320300882,RoundResultsPage,18
1718907176.5,33.91,0.2332497167002229,0.2560305996525406,-0.022780882956727394,RoundResultsPage,18
1718907176.75,33.91,0.2332497167002229,0.2578849643267891,-0.02463524763094996,RoundResultsPage,18
1718907177.0,33.93,0.2740450332584027,0.2597662427373484,0.014278790516684781,RoundResultsPage,18
1718907177.25,33.93,0.2740450332584027,0.2616528650132255,0.01239216824081163,RoundResultsPage,18
1718907177.5,33.93,0.2740450332584027,0.26352383248469397,0.010521200769338684,RoundResultsPage,18
1718907177.75,33.93,0.2740450332584027,0.2653593106273617,0.008685722626660156,RoundResultsPage,18
1718907178.0,33.93,0.2740450332584027,0.2671411851630633,0.006903848090943675,RoundResultsPage,18
1718907178.25,33.93,0.2740450332584027,0.2688535620276089,0.005191471226381443,RoundResultsPage,18
1718907178.5,33.93,0.2740450332584027,0.27048319343288973,0.0035618398210840556,RoundResultsPage,18
1718907178.75,33.93,0.2740450332584027,0.272019814481496,0.0020252187724627505,RoundResultsPage,18
1718907179.0,33.95,0.31484034981658243,0.27345637765785685,0.041383972154269436,RoundResultsPage,18
1718907179.25,33.95,0.31484034981658243,0.2747891759520061,0.04005117386011177,RoundResultsPage,18
1718907179.5,33.95,0.31484034981658243,0.276017849300167,0.03882250051194657,RoundResultsPage,18
1718907179.75,33.95,0.31484034981658243,0.27714527335065725,0.03769507646145601,RoundResultsPage,18
1718907180.0,33.93,0.2740450332584027,0.2781773341208959,-0.0041323008669594055,RoundResultsPage,18
1718907180.25,33.93,0.2740450332584027,0.27912259666166905,-0.005077563407727286,RoundResultsPage,18
1718907180.5,33.93,0.2740450332584027,0.27999188009946435,-0.005946846845516123,RoundResultsPage,18
1718907180.75,33.93,0.2740450332584027,0.28079775510931093,-0.006752721855355978,RoundResultsPage,18
1718907181.0,33.93,0.2740450332584027,0.28155398277380705,-0.007508949519845835,RoundResultsPage,18
1718907181.25,33.93,0.2740450332584027,0.2822749158032751,-0.008229882549308896,RoundResultsPage,18
1718907181.5,33.93,0.2740450332584027,0.28297488420831585,-0.008929850954347084,RoundResultsPage,18
1718907181.75,33.93,0.2740450332584027,0.28366758776340073,-0.00962255450943307,RoundResultsPage,18
1718907182.0,33.93,0.2740450332584027,0.2843655170369113,-0.010320483782949858,RoundResultsPage,18
1718907182.25,33.93,0.2740450332584027,0.2850794234585327,-0.01103439020458356,RoundResultsPage,18
1718907182.5,33.93,0.2740450332584027,0.2858178569257068,-0.01177282367177704,RoundResultsPage,18
1718907182.75,33.93,0.2740450332584027,0.2865867869002337,-0.012541753646331068,RoundResultsPage,18
1718907183.0,33.93,0.2740450332584027,0.28738931990395056,-0.01334428665008313,RoundResultsPage,18
1718907183.25,33.93,0.2740450332584027,0.2882255228852444,-0.014180489631419999,RoundResultsPage,18
1718907183.5,33.93,0.2740450332584027,0.28909235819924767,-0.015047324945473511,RoundResultsPage,18
1718907183.75,33.93,0.2740450332584027,0.28998373203417444,-0.015938698780457075,RoundResultsPage,18
1718907184.0,33.93,0.2740450332584027,0.2908906541418327,-0.016845620888177936,RoundResultsPage,18
1718907184.25,33.93,0.2740450332584027,0.29180150281685147,-0.017756469563264363,RiskPage1,18
1718907184.5,33.93,0.2740450332584027,0.2927023853493112,-0.01865735209579566,RiskPage1,18
1718907184.75,33.93,0.2740450332584027,0.29357758079000634,-0.01953254753656454,RiskPage1,18
1718907185.0,33.95,0.31484034981658243,0.2944100489650948,0.020430300846453257,RiskPage1,18
1718907185.25,33.95,0.31484034981658243,0.29518198741060214,0.019658362400875436,RiskPage1,18
1718907185.5,33.95,0.31484034981658243,0.2958754164119621,0.018964933399449997,RiskPage1,18
1718907185.75,33.95,0.31484034981658243,0.29647277173790443,0.018367578073448576,RiskPage1,18
1718907186.0,33.95,0.31484034981658243,0.2969574849898202,0.017882864821480937,RiskPage1,18
1718907186.25,33.95,0.31484034981658243,0.29731453269938085,0.01752581711187624,RiskPage1,18
1718907186.5,33.95,0.31484034981658243,0.29753093727967295,0.017309412531548274,RiskPage1,18
1718907186.75,33.95,0.31484034981658243,0.29759620551110594,0.01724414430008799,RiskPage1,18
1718907187.0,33.95,0.31484034981658243,0.2975026932541633,0.017337656557011683,RiskPage1,18
1718907187.25,33.95,0.31484034981658243,0.2972458883586527,0.017594461452511104,RiskPage1,18
1718907187.5,33.95,0.31484034981658243,0.2968246071182166,0.01801574269294235,RiskPage1,18
1718907187.75,33.95,0.31484034981658243,0.2962411029361632,0.018599246874994795,RiskPage1,18
1718907188.0,33.93,0.2740450332584027,0.29550108896170985,-0.021456055708732533,RiskPage1,18
1718907188.25,33.93,0.2740450332584027,0.2946136791648566,-0.02056864591188465,RiskPage1,18
1718907188.5,33.93,0.2740450332584027,0.29359125449798656,-0.019546221245028885,RiskPage1,18
1718907188.75,33.93,0.2740450332584027,0.2924492623383329,-0.018404229085402315,RiskPage1,18
1718907189.0,33.93,0.2740450332584027,0.29120595828577245,-0.017160925032885035,RiskPage1,18
1718907189.25,33.93,0.2740450332584027,0.2898820996600474,-0.015837066407221517,RiskPage2,18
1718907189.5,33.93,0.2740450332584027,0.2885005998254826,-0.014455566572737624,RiskPage2,18
1718907189.75,33.93,0.2740450332584027,0.28708615192982495,-0.013041118677180465,RiskPage2,18
1718907190.0,33.95,0.31484034981658243,0.2856648299431715,0.02917551986753321,RiskPage2,18
1718907190.25,33.95,0.31484034981658243,0.28426367417788273,0.03057667563268533,RiskPage2,18
1718907190.5,33.95,0.31484034981658243,0.2829102678872598,0.03193008192315697,RiskPage2,18
1718907190.75,33.95,0.31484034981658243,0.28163231114872056,0.03320803866153284,RiskPage2,18
1718907191.0,33.91,0.2332497167002229,0.2804571980150827,-0.047207481321361586,RiskPage2,18
1718907191.25,33.91,0.2332497167002229,0.2794116027449721,-0.04616188605143048,RiskPage2,18
1718907191.5,33.91,0.2332497167002229,0.27852108062253955,-0.04527136392918177,RiskPage2,18
1718907191.75,33.91,0.2332497167002229,0.2778096883021273,-0.044559971608955785,RiskPage2,18
1718907192.0,33.95,0.31484034981658243,0.2772996277469266,0.03754072206241774,RiskPage2,18
1718907192.25,33.95,0.31484034981658243,0.2770109168192878,0.037829432989871674,RiskPage2,18
1718907192.5,33.95,0.31484034981658243,0.2769610886843679,0.037879261124610465,RiskPage2,18
1718907192.75,33.95,0.31484034981658243,0.2771649216603668,0.03767542814843627,RiskPage2,18
1718907193.0,33.93,0.2740450332584027,0.2776342011111049,-0.003589167860648855,RiskPage2,18
1718907193.25,33.93,0.2740450332584027,0.2783775153727113,-0.004332482122412641,RiskPage2,18
1718907193.5,33.93,0.2740450332584027,0.2794000883370797,-0.00535505508692655,RiskPage2,18
1718907193.75,33.93,0.2740450332584027,0.2807036519369323,-0.006658618686911248,RiskPage2,18
1718907194.0,33.93,0.2740450332584027,0.28228636219392467,-0.008241328944020482,RiskPage2,18
1718907194.25,33.93,0.2740450332584027,0.28414276259607596,-0.01009772934627211,RiskPage2,18
1718907194.5,33.93,0.2740450332584027,0.28626379834216664,-0.012218765092445818,RiskPage2,18
1718907194.75,33.93,0.2740450332584027,0.28863688446101327,-0.014591851211358156,RiskPage2,18
1718907195.0,33.95,0.31484034981658243,0.2912460300436565,0.023594319764129557,RiskPage2,18
1718907195.25,33.95,0.31484034981658243,0.29407201989212367,0.02076832991563029,RiskPage3,18
1718907195.5,33.95,0.31484034981658243,0.2970926538660631,0.017747695941675128,RiskPage3,18
1718907195.75,33.95,0.31484034981658243,0.3002830431497265,0.014557306658012163,RiskPage3,18
1718907196.0,33.93,0.2740450332584027,0.3036159615622646,-0.02957092831268919,RiskPage3,18
1718907196.25,33.93,0.2740450332584027,0.30706224882400285,-0.03301721557439477,RiskPage3,18
1718907196.5,33.93,0.2740450332584027,0.3105912612649326,-0.036546228015275815,RiskPage3,18
1718907196.75,33.93,0.2740450332584027,0.31417136374166016,-0.04012633049193894,RiskPage3,18
1718907197.0,33.95,0.31484034981658243,0.3177704545285289,-0.0029301047205481934,RiskPage3,18
1718907197.25,33.95,0.31484034981658243,0.3213565127976679,-0.00651616298959299,RiskPage3,18
1718907197.5,33.95,0.31484034981658243,0.324898156224232,-0.010057806416049515,RiskPage3,18
1718907197.75,33.95,0.31484034981658243,0.32836519450256807,-0.013524844694265717,RiskPage3,18
1718907198.0,33.97,0.3556356663747477,0.33172916336327285,0.02390650300332512,RiskPage3,18
1718907198.25,33.97,0.3556356663747477,0.3349638232064065,0.02067184316032957,RiskPage3,18
1718907198.5,33.97,0.3556356663747477,0.33804560681743695,0.017590059549441713,RiskPage3,18
1718907198.75,33.97,0.3556356663747477,0.34095400185822317,0.014681664508798823,RiskPage3,18
1718907199.0,33.99,0.39643098293292744,0.34367185591073,0.052759127014611926,RiskPage3,18
1718907199.25,33.99,0.39643098293292744,0.34618559471136845,0.050245388214106686,RiskPage3,18
1718907199.5,33.99,0.39643098293292744,0.34848534769875733,0.04794563522684008,RiskPage3,18
1718907199.75,33.99,0.39643098293292744,0.35056497889645644,0.045866004029248716,RiskPage3,18
1718907200.0,33.95,0.31484034981658243,0.35242202518683063,-0.03758167537738033,RiskPage3,18
1718907200.25,33.95,0.31484034981658243,0.35405754785989674,-0.03921719805037559,RiskPage4,18
1718907200.5,33.95,0.31484034981658243,0.35547590657734013,-0.04063555676776799,RiskPage4,18
1718907200.75,33.95,0.31484034981658243,0.35668446727846803,-0.04184411746886394,RiskPage4,18
1718907201.0,33.97,0.3556356663747477,0.357693256931766,-0.0020575905639818974,RiskPage4,18
1718907201.25,33.97,0.3556356663747477,0.3585145784603869,-0.0028789120926029713,RiskPage4,18
1718907201.5,33.97,0.3556356663747477,0.359162598854178,-0.0035269324864065817,RiskPage4,18
1718907201.75,33.97,0.3556356663747477,0.35965292269455207,-0.004017256326803317,RiskPage4,18
1718907202.0,33.97,0.3556356663747477,0.3600021622982151,-0.0043664959304968165,RiskPage4,18
1718907202.25,33.97,0.3556356663747477,0.36022751459131647,-0.004591848223633947,RiskPage4,18
1718907202.5,33.97,0.3556356663747477,0.36034635374731905,-0.00471068737967483,RiskPage4,18
1718907202.75,33.97,0.3556356663747477,0.36037584761170705,-0.004740181244101426,RiskPage4,18
1718907203.0,33.99,0.39643098293292744,0.3603326050341468,0.036098377891601495,RiskPage4,18
1718907203.25,33.99,0.39643098293292744,0.3602323604694776,0.03619862245623639,RiskPage4,18
1718907203.5,33.99,0.39643098293292744,0.3600897016137443,0.03634128131193791,RiskPage4,18
1718907203.75,33.99,0.39643098293292744,0.35991784538786065,0.036513137537791465,RiskPage4,18
1718907204.0,33.95,0.31484034981658243,0.35972846716998313,-0.04488811736070623,RiskPage4,18
1718907204.25,33.95,0.31484034981658243,0.3595315876223692,-0.04469123781312445,RiskPage4,18
1718907204.5,33.95,0.31484034981658243,0.3593355205280497,-0.04449517071884093,RiskPage4,18
1718907204.75,33.95,0.31484034981658243,0.3591468835592044,-0.04430653375003721,RiskPage4,18
1718907205.0,33.97,0.3556356663747477,0.358970671792439,-0.0033350054251552116,RiskPage4,18
1718907205.25,33.97,0.3556356663747477,0.35881039119434377,-0.003174724827116591,PreMarketWait,19
1718907205.5,33.97,0.3556356663747477,0.35866824648924045,-0.003032580122078441,PreMarketWait,19
1718907205.75,33.97,0.3556356663747477,0.3585453750982499,-0.002909708731162086,PreMarketWait,19
1718907206.0,33.97,0.3556356663747477,0.35844211646675217,-0.0028064500997479315,PreMarketWait,19
1718907206.25,33.97,0.3556356663747477,0.3583583042501014,-0.002722637883189506,PreMarketWait,19
1718907206.5,33.97,0.3556356663747477,0.3582935676003941,-0.0026579012335812375,PreMarketWait,19
1718907206.75,33.97,0.3556356663747477,0.35824762723953574,-0.0026119608728252964,PreMarketWait,19
1718907207.0,33.99,0.39643098293292744,0.3582205721469148,0.038210410777873835,PreMarketWait,19
1718907207.25,33.99,0.39643098293292744,0.35821310355637936,0.03821787936831351,PreMarketWait,19
1718907207.5,33.99,0.39643098293292744,0.3582267345517334,0.03820424837287446,PreMarketWait,19
1718907207.75,33.99,0.39643098293292744,0.35826393583220484,0.038167047092332554,PreMarketWait,19
1718907208.0,33.97,0.3556356663747477,0.3583282210707061,-0.002692554704401301,PreMarketWait,19
1718907208.25,33.97,0.3556356663747477,0.3584241684993701,-0.0027885021330983466,PreMarketWait,19
1718907208.5,33.97,0.3556356663747477,0.358557378658565,-0.002921712292305416,PreMarketWait,19
1718907208.75,33.97,0.3556356663747477,0.358734371367268,-0.0030987050009996814,PreMarketWait,19
1718907209.0,33.97,0.3556356663747477,0.35896242770597975,-0.0033267613396831004,PreMarketWait,19
1718907209.25,33.97,0.3556356663747477,0.35924938503060816,-0.0036137186642659384,PreMarketWait,19
1718907209.5,33.97,0.3556356663747477,0.35960339471795427,-0.00396772835155271,PreMarketWait,19
1718907209.75,33.97,0.3556356663747477,0.36003265348756286,-0.004396987121092374,PreMarketWait,19
1718907210.0,33.97,0.3556356663747477,0.3605451197761878,-0.004909453409643615,PreMarketWait,19
1718907210.25,33.97,0.3556356663747477,0.36114822679134523,-0.005512560424727269,PreMarketWait,19
1718907210.5,33.97,0.3556356663747477,0.3618486035738992,-0.006212937207212018,PreMarketWait,19
1718907210.75,33.97,0.3556356663747477,0.3626518146942708,-0.007016148327523598,PreMarketWait,19
1718907211.0,33.97,0.3556356663747477,0.36356212813469224,-0.00792646176789866,PreMarketWait,19
1718907211.25,33.97,0.3556356663747477,0.3645823195178305,-0.008946653151008259,PreMarketWait,19
1718907211.5,33.97,0.3556356663747477,0.36571351918267286,-0.010077852815842987,PreMarketWait,19
1718907211.75,33.97,0.3556356663747477,0.36695510674099197,-0.01131944037417754,PreMarketWait,19
1718907212.0,33.97,0.3556356663747477,0.36830465573873306,-0.012668989371957784,PreMarketWait,19
1718907212.25,33.97,0.3556356663747477,0.369757928971561,-0.014122262604848359,PreMarketWait,19
1718907212.5,33.97,0.3556356663747477,0.37130892294737705,-0.015673256580749657,PreMarketWait,19
1718907212.75,33.97,0.3556356663747477,0.37294995804622605,-0.01731429167970544,PreMarketWait,19
1718907213.0,33.99,0.39643098293292744,0.37467180920621307,0.021759173718360565,PreMarketWait,19
1718907213.25,33.99,0.39643098293292744,0.37646387057821684,0.019967112346212484,PreMarketWait,19
1718907213.5,33.99,0.39643098293292744,0.37831434665447045,0.018116636269799917,PreMarketWait,19
1718907213.75,33.99,0.39643098293292744,0.38021046196837627,0.016220520955723444,PreMarketWait,19
1718907214.0,33.99,0.39643098293292744,0.38213868160424896,0.014292301319671625,PreMarketWait,19
1718907214.25,33.99,0.39643098293292744,0.38408493538727034,0.012346047536466209,PreMarketWait,19
1718907214.5,33.99,0.39643098293292744,0.38603483962552976,0.010396143298021345,PreMarketWait,19
1718907214.75,33.99,0.39643098293292744,0.38797391149983623,0.008457071423531531,PreMarketWait,19
1718907215.0,33.99,0.39643098293292744,0.3898877724960577,0.006543210427131714,PreMarketWait,19
1718907215.25,33.99,0.39643098293292744,0.39176233851622577,0.004668644406792762,PreMarketWait,19
1718907215.5,33.99,0.39643098293292744,0.3935839953733192,0.002846987549537626,PreMarketWait,19
1718907215.75,33.99,0.39643098293292744,0.39533975917333547,0.0010912237493699278,PreMarketWait,19
1718907216.0,33.97,0.3556356663747477,0.39701742153809494,-0.041381755173709345,PreMarketWait,19
1718907216.25,33.97,0.3556356663747477,0.39860567966575333,-0.042970013301495594,PreMarketWait,19
1718907216.5,33.97,0.3556356663747477,0.40009425083985484,-0.044458584475712014,PreMarketWait,19
1718907216.75,33.97,0.3556356663747477,0.40147397022005094,-0.04583830385600936,PreMarketWait,19
1718907217.0,34.0,0.4168286412120101,0.40273686971025535,0.014091771490961885,PreMarketWait,19
1718907217.25,34.0,0.4168286412120101,0.40387623463858546,0.012952406562560595,MarketGridChoice,19
1718907217.5,34.0,0.4168286412120101,0.4048866342012516,0.011942006999839515,MarketGridChoice,19
1718907217.75,34.0,0.4168286412120101,0.40576392141436707,0.011064719786685325,MarketGridChoice,19
1718907218.0,34.03,0.4780216160492724,0.4065051988900388,0.07151641714825271,MarketGridChoice,19
1718907218.25,34.03,0.4780216160492724,0.4071087481819114,0.07091286785637152,MarketGridChoice,19
1718907218.5,34.03,0.4780216160492724,0.407573922675102,0.0704476933631853,MarketGridChoice,19
1718907218.75,34.03,0.4780216160492724,0.40790100684620545,0.07012060919209705,MarketGridChoice,19
1718907219.0,33.97,0.3556356663747477,0.4080910478778019,-0.05245538151400021,MarketGridChoice,19
1718907219.25,33.97,0.3556356663747477,0.4081456686375848,-0.052510002273751896,MarketGridChoice,19
1718907219.5,33.97,0.3556356663747477,0.4080668734218956,-0.05243120705802552,MarketGridChoice,19
1718907219.75,33.97,0.3556356663747477,0.4078568591854476,-0.05222119282153555,MarketGridChoice,19
1718907220.0,33.99,0.39643098293292744,0.4075178450135694,-0.011086862091432424,MarketGridChoice,19
1718907220.25,33.99,0.39643098293292744,0.407051931394319,-0.010620948472135447,MarketGridChoice,19
1718907220.5,33.99,0.39643098293292744,0.40646099868675095,-0.010030015764521102,MarketGridChoice,19
1718907220.75,33.99,0.39643098293292744,0.40574665141847643,-0.00931566849620196,MarketGridChoice,19
1718907221.0,33.99,0.39643098293292744,0.4049102120106078,-0.008479229088291781,MarketGridChoice,19
1718907221.25,33.99,0.39643098293292744,0.40395276446569395,-0.007521781543340442,MarketGridChoice,19
1718907221.5,33.99,0.39643098293292744,0.402875245627477,-0.006444262705090579,MarketGridChoice,19
1718907221.75,33.99,0.39643098293292744,0.4016785789432634,-0.0052475960208485835,MarketGridChoice,19
1718907222.0,33.99,0.39643098293292744,0.4003638433200294,-0.003932860397589457,MarketGridChoice,19
1718907222.25,33.99,0.39643098293292744,0.39893246774219193,-0.0025014848197279105,MarketGridChoice,19
1718907222.5,33.99,0.39643098293292744,0.39738644088109226,-0.0009554579586022846,MarketGridChoice,19
1718907222.75,33.99,0.39643098293292744,0.39572852403242836,0.0007024588900927378,MarketGridChoice,19
1718907223.0,34.0,0.4168286412120101,0.39396245541556557,0.02286618578607752,MarketGridChoice,19
1718907223.25,34.0,0.4168286412120101,0.3920931341911618,0.024735507010531326,MarketGridChoice,19
1718907223.5,34.0,0.4168286412120101,0.39012677351247155,0.026701867689284783,MarketGridChoice,19
1718907223.75,34.0,0.4168286412120101,0.3880710134959278,0.028757627705906584,MarketGridChoice,19
1718907224.0,33.99,0.39643098293292744,0.38593498709874485,0.01049599582410038,MarketGridChoice,19
1718907224.25,33.99,0.39643098293292744,0.3837293343844872,0.012701648538466323,MarketGridChoice,19
1718907224.5,33.99,0.39643098293292744,0.38146616335291406,0.01496481957016118,MarketGridChoice,19
1718907224.75,33.99,0.39643098293292744,0.37915895820076434,0.01727202472244407,MarketGridChoice,19
1718907225.0,33.97,0.3556356663747477,0.376822438370297,-0.02118677200512608,MarketGridChoice,19
1718907225.25,33.97,0.3556356663747477,0.3744723738660501,-0.018836707500730424,MarketGridChoice,19
1718907225.5,33.97,0.3556356663747477,0.37212536394628604,-0.016489697580814373,MarketGridChoice,19
1718907225.75,33.97,0.3556356663747477,0.3697985873387877,-0.014162920973163904,MarketGridChoice,19
1718907226.0,33.97,0.3556356663747477,0.36750953257098634,-0.011873866205213593,MarketGridChoice,19
1718907226.25,33.97,0.3556356663747477,0.3652757168957402,-0.009640050529824922,MarketGridChoice,19
1718907226.5,33.97,0.3556356663747477,0.3631144017468631,-0.007478735380815267,MarketGridChoice,19
1718907226.75,33.97,0.3556356663747477,0.3610423118060857,-0.00540664543991809,MarketGridChoice,19
1718907227.0,33.97,0.3556356663747477,0.35907536373407556,-0.0034396973678031753,MarketGridChoice,19
1718907227.25,33.97,0.3556356663747477,0.35722840952358254,-0.0015927431572215957,MarketGridChoice,19
1718907227.5,33.97,0.3556356663747477,0.35551499836353484,0.00012066800289810276,MarketGridChoice,19
1718907227.75,33.97,0.3556356663747477,0.3539471599298548,0.0016885064366341986,MarketGridChoice,19
1718907228.0,33.97,0.3556356663747477,0.3525352111935815,0.003100455172948666,MarketGridChoice,19
1718907228.25,33.97,0.3556356663747477,0.35128758819308636,0.004348078173471432,MarketGridChoice,19
1718907228.5,33.97,0.3556356663747477,0.3502107037711655,0.005424962595408055,MarketGridChoice,19
1718907228.75,33.97,0.3556356663747477,0.34930883203015123,0.006326834336428215,MarketGridChoice,19
1718907229.0,33.97,0.3556356663747477,0.34858402019495055,0.00705164617162729,MarketGridChoice,19
1718907229.25,33.97,0.3556356663747477,0.34803602866805045,0.0075996376985208265,MarketGridChoice,19
1718907229.5,33.97,0.3556356663747477,0.3476623002734189,0.007973366093143516,MarketGridChoice,19
1718907229.75,33.97,0.3556356663747477,0.34745795996925766,0.008177706397296043,MarketGridChoice,19
1718907230.0,33.97,0.3556356663747477,0.34741584660572006,0.008219819760827252,MarketGridChoice,19
1718907230.25,33.97,0.3556356663747477,0.3475265785492088,0.008109087817336087,MarketGridChoice,19
1718907230.5,33.97,0.3556356663747477,0.3477786551207916,0.007857011245755647,MarketGridChoice,19
1718907230.75,33.97,0.3556356663747477,0.34815859573014274,0.007477070636411833,MarketGridChoice,19
1718907231.0,33.95,0.31484034981658243,0.3486511182541435,-0.03381076844574217,MarketGridChoice,19
1718907231.25,33.95,0.31484034981658243,0.34923935753998014,-0.03439900773156292,MarketGridChoice,19
1718907231.5,33.95,0.31484034981658243,0.34990512385302963,-0.035064774044593704,MarketGridChoice,19
1718907231.75,33.95,0.31484034981658243,0.35062919963360584,-0.035788849825149516,MarketGridChoice,19
1718907232.0,33.97,0.3556356663747477,0.35139167114844866,0.004243995218193814,MarketGridChoice,19
1718907232.25,33.97,0.3556356663747477,0.3521722896917741,0.003463376674888708,MarketGridChoice,19
1718907232.5,33.97,0.3556356663747477,0.3529508551425103,0.00268481122417185,MarketGridChoice,19
1718907232.75,33.97,0.3556356663747477,0.35370761316076377,0.001928053205936666,MarketGridChoice,19
1718907233.0,33.99,0.39643098293292744,0.35442365629412753,0.04200732663077024,MarketGridChoice,19
1718907233.25,33.99,0.39643098293292744,0.35508131886284117,0.041349664062073854,MarketGridChoice,19
1718907233.5,33.99,0.39643098293292744,0.35566455571432637,0.040766427210606,MarketGridChoice,19
1718907233.75,33.99,0.39643098293292744,0.3561592957122996,0.040271687212650516,MarketGridChoice,19
1718907234.0,33.95,0.31484034981658243,0.35655376199631633,-0.04171341218769263,MarketGridChoice,19
1718907234.25,33.95,0.31484034981658243,0.35683875237350726,-0.04199840256486344,MarketGridChoice,19
1718907234.5,33.95,0.31484034981658243,0.35700787440566206,-0.042167524596996214,MarketGridChoice,19
1718907234.75,33.95,0.31484034981658243,0.35705773060184404,-0.0422173807931541,MarketGridChoice,19
1718907235.0,33.97,0.3556356663747477,0.3569880495331089,-0.0013523831662276033,MarketGridChoice,19
1718907235.25,33.97,0.3556356663747477,0.356801758748968,-0.001166092382058944,MarketGridChoice,19
1718907235.5,33.97,0.3556356663747477,0.3565049953339811,-0.0008693289670427921,MarketGridChoice,19
1718907235.75,33.97,0.3556356663747477,0.35610705008245636,-0.0004713837154876766,MarketGridChoice,19
1718907236.0,33.99,0.39643098293292744,0.35562024183031116,0.04081074109486864,MarketGridChoice,19
1718907236.25,33.99,0.39643098293292744,0.35505971961570987,0.0413712633095024,MarketGridChoice,19
1718907236.5,33.99,0.39643098293292744,0.3544431920983955,0.04198779082685001,MarketGridChoice,19
1718907236.75,33.99,0.39643098293292744,0.3537905860139924,0.042640396911285974,MarketGridChoice,19
1718907237.0,33.97,0.3556356663747477,0.35312363823825443,0.0025120281288752468,MarketGridChoice,19
1718907237.25,33.97,0.3556356663747477,0.35246542905345757,0.0031702373136999716,MarketGridChoice,19
1718907237.5,33.97,0.3556356663747477,0.35183986714430937,0.0037957992228711823,MarketGridChoice,19
1718907237.75,33.97,0.3556356663747477,0.35127113939776267,0.004364526969434852,MarketGridChoice,19
1718907238.0,33.95,0.31484034981658243,0.3507831404897681,-0.0359427906807257,MarketGridChoice,19
1718907238.25,33.95,0.31484034981658243,0.35039889834984167,-0.035558548540796056,ForecastPage,19
1718907238.5,33.95,0.31484034981658243,0.35014001182750965,-0.035299662018467806,ForecastPage,19
1718907238.75,33.95,0.31484034981658243,0.35002611625308494,-0.03518576644405367,ForecastPage,19
1718907239.0,33.97,0.3556356663747477,0.35007439118811173,0.005561275179068029,ForecastPage,19
1718907239.25,33.97,0.3556356663747477,0.35029912268691726,0.0053365436802400475,ForecastPage,19
1718907239.5,33.97,0.3556356663747477,0.3507113300871557,0.004924336279973591,ForecastPage,19
1718907239.75,33.97,0.3556356663747477,0.3513184649589527,0.004317201408143012,ForecastPage,19
1718907240.0,33.97,0.3556356663747477,0.35212418755196334,0.003511478815093382,ForecastPage,19
1718907240.25,33.97,0.3556356663747477,0.35312822398065213,0.0025074423863604245,ForecastPage,19
1718907240.5,33.97,0.3556356663747477,0.3543263054982021,0.0013093608687620955,ForecastPage,19
1718907240.75,33.97,0.3556356663747477,0.3557101895057598,-7.452313884610384e-05,ForecastPage,19
1718907241.0,33.97,0.3556356663747477,0.3572677603923163,-0.0016320940254529164,ForecastPage,19
1718907241.25,33.97,0.3556356663747477,0.3589832068712885,-0.003347540504472956,ForecastPage,19
1718907241.5,33.97,0.3556356663747477,0.3608372711516306,-0.0052016047848581545,ForecastPage,19
1718907241.75,33.97,0.3556356663747477,0.36280756404399667,-0.007171897677260853,ForecastPage,19
1718907242.0,33.97,0.3556356663747477,0.36486893895879524,-0.009233272592088445,ForecastPage,19
1718907242.25,33.97,0.3556356663747477,0.3669939167199808,-0.011358250353294656,ForecastPage,19
1718907242.5,33.97,0.3556356663747477,0.36915315222896594,-0.013517485862292372,ForecastPage,19
1718907242.75,33.97,0.3556356663747477,0.3713159333170182,-0.015680266950349943,ForecastPage,19
1718907243.0,34.0,0.4168286412120101,0.37345070168936045,0.04337793951457036,ForecastPage,19
1718907243.25,34.0,0.4168286412120101,0.37552558577073103,0.041303055433203,ForecastPage,19
1718907243.5,34.0,0.4168286412120101,0.3775089355855509,0.03931970561838641,ForecastPage,19
1718907243.75,34.0,0.4168286412120101,0.37936985057414385,0.0374587906297937,ForecastPage,19
1718907244.0,33.97,0.3556356663747477,0.3810786923909279,-0.025443026024258512,ForecastPage,19
1718907244.25,33.97,0.3556356663747477,0.38260757606696405,-0.02697190970030948,ForecastPage,19
1718907244.5,33.97,0.3556356663747477,0.38393083419049556,-0.0282951678238673,ForecastPage,19
1718907244.75,33.97,0.3556356663747477,0.38502544972606323,-0.029389783359474383,ForecastPage,19
1718907245.0,33.99,0.39643098293292744,0.38587145362509007,0.010559529299625267,ForecastPage,19
1718907245.25,33.99,0.39643098293292744,0.38645228349505145,0.009978699429596512,ForecastPage,19
1718907245.5,33.99,0.39643098293292744,0.3867550994208855,0.009675883503680729,ForecastPage,19
1718907245.75,33.99,0.39643098293292744,0.3867710527359538,0.009659930188515957,ForecastPage,19
1718907246.0,33.97,0.3556356663747477,0.3864955032427963,-0.03085983687661719,ForecastPage,19
1718907246.25,33.97,0.3556356663747477,0.3859281801315792,-0.030292513765524488,ForecastPage,19
1718907246.5,33.97,0.3556356663747477,0.38507328162642435,-0.029437615260506287,ForecastPage,19
1718907246.75,33.97,0.3556356663747477,0.38393950819935896,-0.028303841833587196,ForecastPage,19
1718907247.0,33.99,0.39643098293292744,0.3825400240821583,0.01389095884164078,ForecastPage,19
1718907247.25,33.99,0.39643098293292744,0.38089234191531557,0.015538641008328927,ForecastPage,19
1718907247.5,33.99,0.39643098293292744,0.3790181258939354,0.017412857029556788,ForecastPage,19
1718907247.75,33.99,0.39643098293292744,0.3769429098878161,0.019488073035530528,ForecastPage,19
1718907248.0,34.0,0.4168286412120101,0.37469572884068225,0.04213291236161204,ForecastPage,19
1718907248.25,34.0,0.4168286412120101,0.37230866430004367,0.04451997690212958,ForecastPage,19
1718907248.5,34.0,0.4168286412120101,0.3698163081018464,0.04701233310022223,ForecastPage,19
1718907248.75,34.0,0.4168286412120101,0.3672551518561666,0.049573489345815215,ForecastPage,19
1718907249.0,33.97,0.3556356663747477,0.3646629137006231,-0.009027247335972509,ForecastPage,19
1718907249.25,33.97,0.3556356663747477,0.3620778174902834,-0.0064421511256846226,ForecastPage,19
1718907249.5,33.97,0.3556356663747477,0.359537842823746,-0.003902176459183483,ForecastPage,19
1718907249.75,33.97,0.3556356663747477,0.35707996673371556,-0.0014443003691750576,ForecastPage,19
1718907250.0,33.95,0.31484034981658243,0.3547394192513518,-0.039899069444985336,ForecastPage,19
1718907250.25,33.95,0.31484034981658243,0.3525489752602575,-0.03770862545388733,ForecastPage,19
1718907250.5,33.95,0.31484034981658243,0.3505383040714776,-0.03569795426509133,ForecastPage,19
1718907250.75,33.95,0.31484034981658243,0.34873339604690373,-0.03389304624048855,ForecastPage,19
1718907251.0,33.95,0.31484034981658243,0.34715608252728236,-0.03231573272082498,ForecastPage,19
1718907251.25,33.95,0.31484034981658243,0.345823661512702,-0.030983311706188527,ForecastPage,19
1718907251.5,33.95,0.31484034981658243,0.34474863728663663,-0.02990828748005265,ForecastPage,19
1718907251.75,33.95,0.31484034981658243,0.3439385777841614,-0.02909822797749222,ForecastPage,19
1718907252.0,33.99,0.39643098293292744,0.3433960892950365,0.05303489362807798,ForecastPage,19
1718907252.25,33.99,0.39643098293292744,0.3431189043589371,0.053312078564292376,ForecastPage,19
1718907252.5,33.99,0.39643098293292744,0.3431000757037643,0.05333090721959404,ForecastPage,19
1718907252.75,33.99,0.39643098293292744,0.3433282669500522,0.05310271597344747,ForecastPage,19
1718907253.0,33.95,0.31484034981658243,0.3437881295433626,-0.028947779736055723,ForecastPage,19
1718907253.25,33.95,0.31484034981658243,0.3444607547854863,-0.029620404978019287,ForecastPage,19
1718907253.5,33.95,0.31484034981658243,0.34532418959212235,-0.030483839784490277,ForecastPage,19
1718907253.75,33.95,0.31484034981658243,0.34635400438701824,-0.03151365457921955,ForecastPage,19
1718907254.0,33.97,0.3556356663747477,0.3475239011522255,0.008111765213903496,ForecastPage,19
1718907254.25,33.97,0.3556356663747477,0.34880634907336766,0.006829317292921296,ForecastPage,19
1718907254.5,33.97,0.3556356663747477,0.35017323457464483,0.005462431791795676,ForecastPage,19
1718907254.75,33.97,0.3556356663747477,0.35159651201009584,0.004039154356484635,ForecastPage,19
1718907255.0,33.97,0.3556356663747477,0.3530488410094983,0.002586825357207335,ForecastPage,19
1718907255.25,33.97,0.3556356663747477,0.35450419653760545,0.0011314698292076552,ForecastPage,19
1718907255.5,33.97,0.3556356663747477,0.35593843811688036,-0.0003027717499801928,ForecastPage,19
1718907255.75,33.97,0.3556356663747477,0.3573298253569951,-0.0016941589900310947,ForecastPage,19
1718907256.0,33.97,0.3556356663747477,0.35865946789584047,-0.0030238015288381074,ForecastPage,19
1718907256.25,33.97,0.3556356663747477,0.3599116990629066,-0.004276032695892718,ForecastPage,19
1718907256.5,33.97,0.3556356663747477,0.3610743640158584,-0.00543869764886053,ForecastPage,19
1718907256.75,33.97,0.3556356663747477,0.3621390147772802,-0.0065033484103259424,ForecastPage,19
1718907257.0,33.99,0.39643098293292744,0.36310100652564375,0.03332997639941955,ForecastPage,19
1718907257.25,33.99,0.39643098293292744,0.36395949169581787,0.032471491229149066,ForecastPage,19
1718907257.5,33.99,0.39643098293292744,0.36471731093795573,0.03171367198689193,ForecastPage,19
1718907257.75,33.99,0.39643098293292744,0.36538078275355906,0.03105020017115032,ForecastPage,19
1718907258.0,33.97,0.3556356663747477,0.36595939659027454,-0.010323730223898327,ForecastPage,19
1718907258.25,33.97,0.3556356663747477,0.3664654171678408,-0.010829750801629373,ForecastPage,19
1718907258.5,33.97,0.3556356663747477,0.3669134106085589,-0.011277744242519306,ForecastPage,19
1718907258.75,33.97,0.3556356663747477,0.3673197053458476,-0.011684038979982176,ForecastPage,19
1718907259.0,33.97,0.3556356663747477,0.36770180264067676,-0.012066136274982642,ForecastPage,19
1718907259.25,33.97,0.3556356663747477,0.36807775280029453,-0.012442086434763843,ForecastPage,19
1718907259.5,33.97,0.3556356663747477,0.36846551390166254,-0.012829847536282605,ForecastPage,19
1718907259.75,33.97,0.3556356663747477,0.3688823100573545,-0.01324664369210841,ForecastPage,19
1718907260.0,33.99,0.39643098293292744,0.36934400612870255,0.027086976794609828,ForecastPage,19
1718907260.25,33.99,0.39643098293292744,0.36986451539779513,0.026566467525426466,ForecastPage,19
1718907260.5,33.99,0.39643098293292744,0.37045525615200325,0.02597572677115117,ForecastPage,19
1718907260.75,33.99,0.39643098293292744,0.3711246724666831,0.02530631045642751,ForecastPage,19
1718907261.0,33.97,0.3556356663747477,0.3718778336745614,-0.01624216730965246,ForecastPage,19
1718907261.25,33.97,0.3556356663747477,0.37271612597950854,-0.01708045961460218,ForecastPage,19
1718907261.5,33.97,0.3556356663747477,0.3736370482470175,-0.018001381882097496,ForecastPage,19
1718907261.75,33.97,0.3556356663747477,0.37463412202841717,-0.01899845566347081,ForecastPage,19
1718907262.0,33.97,0.3556356663747477,0.3756969232630219,-0.02006125689804033,ForecastPage,19
1718907262.25,33.97,0.3556356663747477,0.37681123986146176,-0.02117557349643958,ForecastPage,19
1718907262.5,33.97,0.3556356663747477,0.3779593555992884,-0.022323689234223308,ForecastPage,19
1718907262.75,33.97,0.3556356663747477,0.37912045659070676,-0.023484790225599513,ForecastPage,19
1718907263.0,33.97,0.3556356663747477,0.38027115224195324,-0.024635485876807393,ForecastPage,19
1718907263.25,33.97,0.3556356663747477,0.3813860981899208,-0.02575043182474224,ForecastPage,19
1718907263.5,33.97,0.3556356663747477,0.38243870451218415,-0.026803038146979947,ForecastPage,19
1718907263.75,33.97,0.3556356663747477,0.3834019086581429,-0.02776624229292049,ForecastPage,19
1718907264.0,34.0,0.4168286412120101,0.3842489893161364,0.03257965188636,ForecastPage,19
1718907264.25,34.0,0.4168286412120101,0.3849543950215069,0.03187424618099604,ForecastPage,19
1718907264.5,34.0,0.4168286412120101,0.38549455993413284,0.03133408126837343,ForecastPage,19
1718907264.75,34.0,0.4168286412120101,0.38584867902190545,0.030979962180602973,ForecastPage,19
1718907265.0,33.99,0.39643098293292744,0.38599941592169373,0.010431567001735347,ForecastPage,19
1718907265.25,33.99,0.39643098293292744,0.3859335189231282,0.010497464000307391,ForecastPage,19
1718907265.5,33.99,0.39643098293292744,0.38564232364216183,0.01078865928128521,ForecastPage,19
1718907265.75,33.99,0.39643098293292744,0.38512212479012903,0.01130885813333558,ForecastPage,19
1718907266.0,33.99,0.39643098293292744,0.384374403786277,0.012056579137212382,ForecastPage,19
1718907266.25,33.99,0.39643098293292744,0.38340590363637544,0.013025079287146798,ForecastPage,19
1718907266.5,33.99,0.39643098293292744,0.38222854737369466,0.01420243554986907,ForecastPage,19
1718907266.75,33.99,0.39643098293292744,0.3808592013176021,0.015571781606012212,ForecastPage,19
1718907267.0,33.99,0.39643098293292744,0.37931928933901665,0.017111693584657216,ForecastPage,19
1718907267.25,33.99,0.39643098293292744,0.37763426911569425,0.018796713808047295,ForecastPage,19
1718907267.5,33.99,0.39643098293292744,0.3758329858897905,0.020597997034025532,ForecastPage,19
1718907267.75,33.99,0.39643098293292744,0.3739469233705535,0.02248405955334151,ForecastPage,19
1718907268.0,33.97,0.3556356663747477,0.3720093750093783,-0.016373708643582553,ForecastPage,19
1718907268.25,33.97,0.3556356663747477,0.3700545617554696,-0.01441889538959493,ForecastPage,19
1718907268.5,33.97,0.3556356663747477,0.3681167244220234,-0.01248105805607443,ForecastPage,19
1718907268.75,33.97,0.3556356663747477,0.3662292198273342,-0.010593553461318437,ForecastPage,19
1718907269.0,33.97,0.3556356663747477,0.36442364985562464,-0.008787983489552644,ForecastPage,19
1718907269.25,33.97,0.3556356663747477,0.36272905151778057,-0.007093385151666059,MarketWaitPage,19
1718907269.5,33.97,0.3556356663747477,0.36117117405189164,-0.005535507685751548,MarketWaitPage,19
1718907269.75,33.97,0.3556356663747477,0.3597718661838196,-0.004136199817673512,MarketWaitPage,19
1718907270.0,33.95,0.31484034981658243,0.3585485929650586,-0.043708243157093464,MarketWaitPage,19
1718907270.25,33.95,0.31484034981658243,0.3575140972059532,-0.04267374739802698,MarketWaitPage,19
1718907270.5,33.95,0.31484034981658243,0.3566762155155211,-0.041835865707657585,MarketWaitPage,19
1718907270.75,33.95,0.31484034981658243,0.35603785346364625,-0.041197503655868536,MarketWaitPage,19
1718907271.0,33.97,0.3556356663747477,0.35559711858109827,3.854778473744852e-05,MarketWaitPage,19
1718907271.25,33.97,0.3556356663747477,0.35534760407025984,0.00028806229545001727,MarketWaitPage,19
1718907271.5,33.97,0.3556356663747477,0.35527881052896476,0.000356855836604655,MarketWaitPage,19
1718907271.75,33.97,0.3556356663747477,0.3553766879980475,0.00025897836737116386,MarketWaitPage,19
1718907272.0,33.97,0.3556356663747477,0.35562427646930894,1.1389895953411392e-05,MarketWaitPage,19
1718907272.25,33.97,0.3556356663747477,0.35600241977964586,-0.0003667534145402711,MarketWaitPage,19
1718907272.5,33.97,0.3556356663747477,0.3564905256339387,-0.0008548592689849345,MarketWaitPage,19
1718907272.75,33.97,0.3556356663747477,0.3570673433633597,-0.001431676998548393,MarketWaitPage,19
1718907273.0,33.99,0.39643098293292744,0.3577117309400971,0.03871925198276452,MarketWaitPage,19
1718907273.25,33.99,0.39643098293292744,0.3584033837317657,0.03802759919098201,MarketWaitPage,19
1718907273.5,33.99,0.39643098293292744,0.3591234994728818,0.03730748344976921,MarketWaitPage,19
1718907273.75,33.99,0.39643098293292744,0.35985535690026715,0.036575626022305234,MarketWaitPage,19
1718907274.0,33.97,0.3556356663747477,0.36058478931508736,-0.004949122950755107,MarketWaitPage,19
1718907274.25,33.97,0.3556356663747477,0.36130053878316915,-0.0056648724188802305,RoundResultsPage,19
1718907274.5,33.97,0.3556356663747477,0.3619944814989008,-0.006358815134639883,RoundResultsPage,19
1718907274.75,33.97,0.3556356663747477,0.3626617197545452,-0.007026053390298791,RoundResultsPage,19
1718907275.0,33.99,0.39643098293292744,0.36330054078200763,0.03313044214041558,RoundResultsPage,19
1718907275.25,33.99,0.39643098293292744,0.3639122473667776,0.03251873555565264,RoundResultsPage,19
1718907275.5,33.99,0.39643098293292744,0.36450086954026617,0.03193011338217957,RoundResultsPage,19
1718907275.75,33.99,0.39643098293292744,0.36507277080987754,0.03135821211259007,RoundResultsPage,19
1718907276.0,33.97,0.3556356663747477,0.36563616620387823,-0.010000499839564941,RoundResultsPage,19
1718907276.25,33.97,0.3556356663747477,0.36620057272814854,-0.010564906363809228,RoundResultsPage,19
1718907276.5,33.97,0.3556356663747477,0.3667762154366679,-0.011140549072305243,RoundResultsPage,19
1718907276.75,33.97,0.3556356663747477,0.36737341399511564,-0.011737747630735474,RoundResultsPage,19
1718907277.0,33.97,0.3556356663747477,0.3680019752220727,-0.012366308857683597,RoundResultsPage,19
1718907277.25,33.97,0.3556356663747477,0.36867061657517425,-0.013034950210787008,RoundResultsPage,19
1718907277.5,33.97,0.3556356663747477,0.36938644394349385,-0.013750777579120892,RoundResultsPage,19
1718907277.75,33.97,0.3556356663747477,0.3701545044958596,-0.014518838131514649,RoundResultsPage,19
1718907278.0,33.95,0.31484034981658243,0.370977431823931,-0.05613708201779358,RoundResultsPage,19
1718907278.25,33.95,0.31484034981658243,0.3718551963283235,-0.05701484652224218,RoundResultsPage,19
1718907278.5,33.95,0.31484034981658243,0.372784968868918,-0.0579446190629046,RoundResultsPage,19
1718907278.75,33.95,0.31484034981658243,0.37376110033115184,-0.058920750525215095,RoundResultsPage,19
1718907279.0,33.99,0.39643098293292744,0.37477521422755006,0.021655768694650135,RoundResultsPage,19
1718907279.25,33.99,0.39643098293292744,0.37581640413096384,0.020614578791153873,RoundResultsPage,19
1718907279.5,33.99,0.39643098293292744,0.3768715230486875,0.01955945987335053,RoundResultsPage,19
1718907279.75,33.99,0.39643098293292744,0.37792554818455093,0.01850543473741333,RoundResultsPage,19
1718907280.0,34.0,0.4168286412120101,0.37896200215831866,0.03786663904266262,RoundResultsPage,19
1718907280.25,34.0,0.4168286412120101,0.37996341074111184,0.03686523045981315,RoundResultsPage,19
1718907280.5,34.0,0.4168286412120101,0.38091177745030874,0.035916863750569954,RoundResultsPage,19
1718907280.75,34.0,0.4168286412120101,0.38178905675377717,0.03503958444706545,RoundResultsPage,19
1718907281.0,33.99,0.39643098293292744,0.38257760992497036,0.0138533729967633,RoundResultsPage,19
1718907281.25,33.99,0.39643098293292744,0.38326063048802494,0.013170352433691308,RoundResultsPage,19
1718907281.5,33.99,0.39643098293292744,0.38382252939390027,0.01260845352780696,RoundResultsPage,19
1718907281.75,33.99,0.39643098293292744,0.38424927328180364,0.012181709639902893,RoundResultsPage,19
1718907282.0,33.97,0.3556356663747477,0.3845286721507099,-0.028893005787175123,RoundResultsPage,19
1718907282.25,33.97,0.3556356663747477,0.38465061529565014,-0.029014948932098324,RoundResultsPage,19
1718907282.5,33.97,0.3556356663747477,0.3846072563163498,-0.02897158995277136,RoundResultsPage,19
1718907282.75,33.97,0.3556356663747477,0.38439314931751395,-0.028757482953899037,RoundResultsPage,19
1718907283.0,33.99,0.39643098293292744,0.3840053391163033,0.01242564380553797,RoundResultsPage,19
1718907283.25,33.99,0.39643098293292744,0.38344340847338293,0.012987574448514682,RoundResultsPage,19
1718907283.5,33.99,0.39643098293292744,0.3827094852520341,0.013721497669928449,RoundResultsPage,19
1718907283.75,33.99,0.39643098293292744,0.38180821216739347,0.014622770754640822,RoundResultsPage,19
1718907284.0,33.97,0.3556356663747477,0.3807466815341033,-0.02511101517017189,RoundResultsPage,19
1718907284.25,33.97,0.3556356663747477,0.37953433718478025,-0.023898670820768818,RoundResultsPage,19
1718907284.5,33.97,0.3556356663747477,0.3781828454767928,-0.02254717911270037,RoundResultsPage,19
1718907284.75,33.97,0.3556356663747477,0.37670593698711774,-0.02107027062294551,RoundResultsPage,19
1718907285.0,33.99,0.39643098293292744,0.3751192201234433,0.02131176279898484,RoundResultsPage,19
1718907285.25,33.99,0.39643098293292744,0.3734399675395981,0.022991015382900114,RiskPage1,19
1718907285.5,33.99,0.39643098293292744,0.3716868760700188,0.024744106852541026,RiskPage1,19
1718907285.75,33.99,0.39643098293292744,0.3698798010140797,0.026551181908530612,RiskPage1,19
1718907286.0,33.97,0.3556356663747477,0.36803946605484583,-0.012403799690378435,RiskPage1,19
1718907286.25,33.97,0.3556356663747477,0.36618715083542497,-0.010551484470935967,RiskPage1,19
1718907286.5,33.97,0.3556356663747477,0.36434435911038404,-0.008708692745889502,RiskPage1,19
1718907286.75,33.97,0.3556356663747477,0.36253247129432226,-0.00689680492983818,RiskPage1,19
1718907287.0,33.97,0.3556356663747477,0.36077238604404993,-0.00513671967959093,RiskPage1,19
1718907287.25,33.97,0.3556356663747477,0.3590841562073801,-0.0034484898429580097,RiskPage1,19
1718907287.5,33.97,0.3556356663747477,0.3574866250834553,-0.0018509587190778578,RiskPage1,19
1718907287.75,33.97,0.3556356663747477,0.3559970695276358,-0.000361403163305604,RiskPage1,19
1718907288.0,33.99,0.39643098293292744,0.3546308570587885,0.041800125863677436,RiskPage1,19
1718907288.25,33.99,0.39643098293292744,0.35340112483266184,0.04302985808976903,RiskPage1,19
1718907288.5,33.99,0.39643098293292744,0.35231848914432756,0.044112493778082656,RiskPage1,19
1718907288.75,33.99,0.39643098293292744,0.35139079496848175,0.045040187953926746,RiskPage1,19
1718907289.0,33.95,0.31484034981658243,0.3506229158007121,-0.035782565994628195,RiskPage1,19
1718907289.25,33.95,0.31484034981658243,0.35001661448874694,-0.03517626468261838,RiskPage1,19
1718907289.5,33.95,0.31484034981658243,0.3495704755473091,-0.03473012574111036,RiskPage1,19
1718907289.75,33.95,0.31484034981658243,0.3492799183752236,-0.03443956856892892,RiskPage1,19
1718907290.0,33.95,0.31484034981658243,0.3491372987114604,-0.03429694890504441,RiskPage1,19
1718907290.25,33.95,0.31484034981658243,0.3491321026269924,-0.03429175282043075,RiskPage1,19
1718907290.5,33.95,0.31484034981658243,0.3492512335510473,-0.03441088374431726,RiskPage1,19
1718907290.75,33.95,0.31484034981658243,0.34947938855789257,-0.03463903875097334,RiskPage1,19
1718907291.0,33.97,0.3556356663747477,0.3497995157083854,0.00583615065690659,RiskPage1,19
1718907291.25,33.97,0.3556356663747477,0.35019333996608404,0.005442326399430545,RiskPage2,19
1718907291.5,33.97,0.3556356663747477,0.35064194139149224,0.004993724974256507,RiskPage2,19
1718907291.75,33.97,0.3556356663747477,0.35112636621704596,0.0045093001489451305,RiskPage2,19
1718907292.0,33.97,0.3556356663747477,0.35162824920063096,0.004007417165606795,RiskPage2,19
1718907292.25,33.97,0.3556356663747477,0.3521304244366812,0.0035052419298038278,RiskPage2,19
1718907292.5,33.97,0.3556356663747477,0.3526175015865265,0.0030181647802021826,RiskPage2,19
1718907292.75,33.97,0.3556356663747477,0.3530763852482836,0.002559281118680864,RiskPage2,19
1718907293.0,33.99,0.39643098293292744,0.3534967168830311,0.04293426604233719,RiskPage2,19
1718907293.25,33.99,0.39643098293292744,0.3538712213071708,0.042559761618406064,RiskPage2,19
1718907293.5,33.99,0.39643098293292744,0.3541959431970411,0.042235039728725755,RiskPage2,19
1718907293.75,33.99,0.39643098293292744,0.3544703632370551,0.041960619688880596,RiskPage2,19
1718907294.0,33.97,0.3556356663747477,0.3546973883093857,0.0009382780585155195,RiskPage2,19
1718907294.25,33.97,0.3556356663747477,0.35488321521782434,0.0007524511501966515,RiskPage2,19
1718907294.5,33.97,0.3556356663747477,0.3550370725493048,0.0005985938188095147,RiskPage2,19
1718907294.75,33.97,0.3556356663747477,0.3551708500951398,0.0004648162730405709,RiskPage2,19
1718907295.0,33.97,0.3556356663747477,0.355298629535664,0.00033703683255529183,RiskPage2,19
1718907295.25,33.97,0.3556356663747477,0.355436133684283,0.00019953268394807676,RiskPage2,19
1718907295.5,33.97,0.3556356663747477,0.3556001144170775,3.5551951137993004e-05,RiskPage2,19
1718907295.75,33.97,0.3556356663747477,0.3558077014554448,-0.00017203508727287563,RiskPage2,19
1718907296.0,33.97,0.3556356663747477,0.3560757354132999,-0.00044006904520036555,RiskPage2,19
1718907296.25,33.97,0.3556356663747477,0.35642010896370013,-0.0007844425957023136,RiskPage3,19
1718907296.5,33.97,0.3556356663747477,0.3568551396208502,-0.0012194732529837108,RiskPage3,19
1718907296.75,33.97,0.3556356663747477,0.35739299647246725,-0.0017573301047610224,RiskPage3,19
1718907297.0,33.95,0.31484034981658243,0.35804320123710925,-0.04320285142775567,RiskPage3,19
1718907297.25,33.95,0.31484034981658243,0.3588122212703827,-0.04397187146124074,RiskPage3,19
1718907297.5,33.95,0.31484034981658243,0.3597031686321395,-0.04486281882322993,RiskPage3,19
1718907297.75,33.95,0.31484034981658243,0.3607156151318772,-0.045875265323217125,RiskPage3,19
1718907298.0,33.97,0.3556356663747477,0.36184552855245977,-0.006209862185897197,RiskPage3,19
1718907298.25,33.97,0.3556356663747477,0.3630853302700136,-0.007449663903723397,RiskPage3,19
1718907298.5,33.97,0.3556356663747477,0.36442406956605156,-0.00878840320003926,RiskPage3,19
1718907298.75,33.97,0.3556356663747477,0.3658477054004585,-0.010212039034725184,RiskPage3,19
1718907299.0,33.99,0.39643098293292744,0.3673394825625426,0.029091500361094855,RiskPage3,19
1718907299.25,33.99,0.39643098293292744,0.3688803861402456,0.027550596783123847,RiskPage3,19
1718907299.5,33.99,0.39643098293292744,0.3704496562601287,0.025981326662984597,RiskPage3,19
1718907299.75,33.99,0.39643098293292744,0.37202534409129634,0.024405638831576766,RiskPage3,19
1718907300.0,33.99,0.39643098293292744,0.37358489013163704,0.022846092791015075,RiskPage3,19
1718907300.25,33.99,0.39643098293292744,0.3751057066775592,0.02132527624489385,RiskPage3,19
1718907300.5,33.99,0.39643098293292744,0.37656574792735825,0.019865234994919944,RiskPage3,19
1718907300.75,33.99,0.39643098293292744,0.37794405316182245,0.018486929760307146,RiskPage3,19
1718907301.0,33.97,0.3556356663747477,0.379221250660099,-0.023585584296269883,RiskPage3,19
1718907301.25,33.97,0.3556356663747477,0.380380012234934,-0.024744345871196498,RiskPage4,19
1718907301.5,33.97,0.3556356663747477,0.38140545033020845,-0.025769783966532376,RiskPage4,19
1718907301.75,33.97,0.3556356663747477,0.3822854513942785,-0.026649785030632537,RiskPage4,19
1718907302.0,33.99,0.39643098293292744,0.383010940694428,0.013420042227399679,RiskPage4,19
1718907302.25,33.99,0.39643098293292744,0.38357607494191964,0.012854907979942107,RiskPage4,19
1718907302.5,33.99,0.39643098293292744,0.3839783601968627,0.012452622725064389,RiskPage4,19
1718907302.75,33.99,0.39643098293292744,0.38421869367001155,0.012212289252010124,RiskPage4,19
1718907303.0,33.99,0.39643098293292744,0.38430132933402844,0.012129653588114388,RiskPage4,19
1718907303.25,33.99,0.39643098293292744,0.3842337687157312,0.012197214206556024,RiskPage4,19
1718907303.5,33.99,0.39643098293292744,0.3840265798069817,0.012404403115469049,RiskPage4,19
1718907303.75,33.99,0.39643098293292744,0.3836931486078511,0.012737834314777376,RiskPage4,19
1718907304.0,33.97,0.3556356663747477,0.3832493692901603,-0.02761370292552529,RiskPage4,19
1718907304.25,33.97,0.3556356663747477,0.3827132802319254,-0.027077613867101363,RiskPage4,19
1718907304.5,33.97,0.3556356663747477,0.38210465412898914,-0.026468987763978775,RiskPage4,19
1718907304.75,33.97,0.3556356663747477,0.38144455098738383,-0.02580888462219491,RiskPage4,19
1718907305.0,33.99,0.39643098293292744,0.380754843061753,0.01567613986178227,RiskPage4,19
1718907305.25,33.99,0.39643098293292744,0.3800577208405219,0.016373262083164513,RiskPage4,19
1718907305.5,33.99,0.39643098293292744,0.379375189153118,0.017055793770701495,RiskPage4,19
1718907305.75,33.99,0.39643098293292744,0.37872856254861703,0.01770242037531511,RiskPage4,19
1718907306.0,33.99,0.39643098293292744,0.3781379693616788,0.018293013562343655,RiskPage4,19
1718907306.25,33.99,0.39643098293292744,0.37762187433728994,0.01880910858679941,PreMarketWait,20
1718907306.5,33.99,0.39643098293292744,0.37719663024342237,0.019234352680710283,PreMarketWait,20
1718907306.75,33.99,0.39643098293292744,0.3768760694222604,0.01955491350189263,PreMarketWait,20
1718907307.0,33.97,0.3556356663747477,0.37667114655598916,-0.021035480190017625,PreMarketWait,20
1718907307.25,33.97,0.3556356663747477,0.37658964388682026,-0.020953977520871487,PreMarketWait,20
1718907307.5,33.97,0.3556356663747477,0.3766359495792287,-0.02100028321332256,PreMarketWait,20
1718907307.75,33.97,0.3556356663747477,0.3768109187323972,-0.02117525236655257,PreMarketWait,20
1718907308.0,33.97,0.3556356663747477,0.37711182470494004,-0.021476158339175003,PreMarketWait,20
1718907308.25,33.97,0.3556356663747477,0.3775324059563467,-0.02189673959067842,PreMarketWait,20
1718907308.5,33.97,0.3556356663747477,0.3780630106718777,-0.022427344306322348,PreMarketWait,20
1718907308.75,33.97,0.3556356663747477,0.3786908381965632,-0.023055171831135268,PreMarketWait,20
1718907309.0,33.99,0.39643098293292744,0.3794002729541679,0.017030709969300128,PreMarketWait,20
1718907309.25,33.99,0.39643098293292744,0.38017330326590165,0.01625767965741696,PreMarketWait,20
1718907309.5,33.99,0.39643098293292744,0.38099001449612846,0.01544096842703344,PreMarketWait,20
1718907309.75,33.99,0.39643098293292744,0.3818291433833924,0.014601839539607683,PreMarketWait,20
1718907310.0,33.97,0.3556356663747477,0.38266867833771595,-0.027033011973060683,PreMarketWait,20
1718907310.25,33.97,0.3556356663747477,0.3834864888887304,-0.027850822524241765,PreMarketWait,20
1718907310.5,33.97,0.3556356663747477,0.38426096628877904,-0.02862529992445703,PreMarketWait,20
1718907310.75,33.97,0.3556356663747477,0.38497165645308684,-0.029335990088929863,PreMarketWait,20
1718907311.0,34.0,0.4168286412120101,0.38559986596619683,0.031228775235060114,PreMarketWait,20
1718907311.25,34.0,0.4168286412120101,0.3861292219029263,0.030699419298171528,PreMarketWait,20
1718907311.5,34.0,0.4168286412120101,0.38654616686589643,0.03028247433504602,PreMarketWait,20
1718907311.75,34.0,0.4168286412120101,0.38684037207772703,0.02998826912306453,PreMarketWait,20
1718907312.0,33.99,0.39643098293292744,0.38700505363793125,0.00942592928363212,PreMarketWait,20
1718907312.25,33.99,0.39643098293292744,0.38703718008673715,0.009393802834686778,PreMarketWait,20
1718907312.5,33.99,0.39643098293292744,0.38693756303121213,0.009493419890079211,PreMarketWait,20
1718907312.75,33.99,0.39643098293292744,0.3867108265630269,0.009720156358139689,PreMarketWait,20
1718907313.0,33.99,0.39643098293292744,0.3863652553284401,0.010065727592611193,PreMarketWait,20
1718907313.25,33.99,0.39643098293292744,0.38591252523886443,0.01051845768208276,PreMarketWait,20
1718907313.5,33.99,0.39643098293292744,0.38536732481275615,0.011063658108099502,PreMarketWait,20
1718907313.75,33.99,0.39643098293292744,0.38474687891604237,0.011684104004735858,PreMarketWait,20
1718907314.0,33.99,0.39643098293292744,0.38407039012470967,0.012360592796006462,PreMarketWait,20
1718907314.25,33.99,0.39643098293292744,0.38335841597414105,0.01307256694652895,PreMarketWait,20
1718907314.5,33.99,0.39643098293292744,0.3826322028860385,0.01379878003460171,PreMarketWait,20
1718907314.75,33.99,0.39643098293292744,0.3819129994711554,0.014517983449471297,PreMarketWait,20
1718907315.0,33.97,0.3556356663747477,0.3812213730852368,-0.025585706722787108,PreMarketWait,20
1718907315.25,33.97,0.3556356663747477,0.38057655385480943,-0.02494088749234087,PreMarketWait,20
1718907315.5,33.97,0.3556356663747477,0.3799958297874047,-0.024360163424901694,PreMarketWait,20
1718907315.75,33.97,0.3556356663747477,0.3794940149741475,-0.02385834861159581,PreMarketWait,20
1718907316.0,33.97,0.3556356663747477,0.3790830102897478,-0.023447343927134743,PreMarketWait,20
1718907316.25,33.97,0.3556356663747477,0.3787714724916169,-0.023135806128931107,PreMarketWait,20
1718907316.5,33.97,0.3556356663747477,0.37856460338421294,-0.02292893702144439,PreMarketWait,20
1718907316.75,33.97,0.3556356663747477,0.37846406595429277,-0.022828399591433558,PreMarketWait,20
1718907317.0,33.97,0.3556356663747477,0.3784680293171916,-0.022832362954236046,PreMarketWait,20
1718907317.25,33.97,0.3556356663747477,0.3785713391632252,-0.022935672800169993,MarketGridChoice,20
1718907317.5,33.97,0.3556356663747477,0.37876580537401056,-0.023130139010854287,MarketGridChoice,20
1718907317.75,33.97,0.3556356663747477,0.37904059380619326,-0.023404927442935736,MarketGridChoice,20
1718907318.0,33.99,0.39643098293292744,0.3793827051287079,0.017048277792830024,MarketGridChoice,20
1718907318.25,33.99,0.39643098293292744,0.37977752025948,0.016653462662157538,MarketGridChoice,20
1718907318.5,33.99,0.39643098293292744,0.38020938957274375,0.016221593348992095,MarketGridChoice,20
1718907318.75,33.99,0.39643098293292744,0.3806622417903024,0.01576874113153065,MarketGridChoice,20
1718907319.0,34.0,0.4168286412120101,0.38112018840461787,0.03570845279639411,MarketGridChoice,20
1718907319.25,34.0,0.4168286412120101,0.38156810059156254,0.035260540609545026,MarketGridChoice,20
1718907319.5,34.0,0.4168286412120101,0.3819921377559932,0.03483650344520953,MarketGridChoice,20
1718907319.75,34.0,0.4168286412120101,0.3823802099509294,0.03444843125036834,MarketGridChoice,20
1718907320.0,33.99,0.39643098293292744,0.3827223602063793,0.013708622715930284,MarketGridChoice,20
1718907320.25,33.99,0.39643098293292744,0.3830110570374919,0.013419925884910405,MarketGridChoice,20
1718907320.5,33.99,0.39643098293292744,0.38324139178741595,0.013189591135075694,MarketGridChoice,20
1718907320.75,33.99,0.39643098293292744,0.38341117971552985,0.013019803207045766,MarketGridChoice,20
1718907321.0,33.97,0.3556356663747477,0.38352096761865945,-0.02788530125418681,MarketGridChoice,20
1718907321.25,33.97,0.3556356663747477,0.383573954075424,-0.027938287710883306,MarketGridChoice,20
1718907321.5,33.97,0.3556356663747477,0.38357583099409925,-0.027940164629500677,MarketGridChoice,20
1718907321.75,33.97,0.3556356663747477,0.38353455695358357,-0.027898890588938643,MarketGridChoice,20
1718907322.0,33.99,0.39643098293292744,0.383460073874105,0.01297090904875306,MarketGridChoice,20
1718907322.25,33.99,0.39643098293292744,0.3833639789510561,0.013067003971821069,MarketGridChoice,20
1718907322.5,33.99,0.39643098293292744,0.38325916370573915,0.013171819217141813,MarketGridChoice,20
1718907322.75,33.99,0.39643098293292744,0.3831594316249074,0.013271551297961072,MarketGridChoice,20
1718907323.0,33.97,0.3556356663747477,0.3830791052895916,-0.027443438924932506,MarketGridChoice,20
1718907323.25,33.97,0.3556356663747477,0.3830326331587488,-0.027396966794137455,MarketGridChoice,20
1718907323.5,33.97,0.3556356663747477,0.38303420523896886,-0.027398538874424012,MarketGridChoice,20
1718907323.75,33.97,0.3556356663747477,0.3830973857011967,-0.02746171933673655,MarketGridChoice,20
1718907324.0,33.99,0.39643098293292744,0.38323476912279225,0.013196213799746281,MarketGridChoice,20
1718907324.25,33.99,0.39643098293292744,0.3834576655475672,0.012973317374855301,MarketGridChoice,20
1718907324.5,33.99,0.39643098293292744,0.3837758181377441,0.01265516478455014,MarketGridChoice,20
1718907324.75,33.99,0.39643098293292744,0.3841971560102873,0.012233826911868315,MarketGridChoice,20
1718907325.0,33.99,0.39643098293292744,0.38472758401533885,0.011703398906669646,MarketGridChoice,20
1718907325.25,33.99,0.39643098293292744,0.3853708107475294,0.011060172174325207,MarketGridChoice,20
1718907325.5,33.99,0.39643098293292744,0.3861282159271823,0.010302766994513076,MarketGridChoice,20
1718907325.75,33.99,0.39643098293292744,0.3869987583517583,0.009432224569773967,MarketGridChoice,20
1718907326.0,33.99,0.39643098293292744,0.3879789257894399,0.008452057131927048,MarketGridChoice,20
1718907326.25,33.99,0.39643098293292744,0.38906272835894734,0.007368254562253641,MarketGridChoice,20
1718907326.5,33.99,0.39643098293292744,0.39024173701057846,0.006189245910457615,MarketGridChoice,20
1718907326.75,33.99,0.39643098293292744,0.39150516859819073,0.004925814322683051,MarketGridChoice,20
1718907327.0,33.97,0.3556356663747477,0.3928400186239843,-0.03720435226144842,MarketGridChoice,20
1718907327.25,33.97,0.3556356663747477,0.3942312419738753,-0.03859557561149135,MarketGridChoice,20
1718907327.5,33.97,0.3556356663747477,0.395661980794108,-0.04002631443186745,MarketGridChoice,20
1718907327.75,33.97,0.3556356663747477,0.39711383709819903,-0.041478170736090815,MarketGridChoice,20
1718907328.0,34.0,0.4168286412120101,0.39856718583516765,0.018261455364084606,MarketGridChoice,20
1718907328.25,34.0,0.4168286412120101,0.40000152219356166,0.01682711900558925,MarketGridChoice,20
1718907328.5,34.0,0.4168286412120101,0.40139583512510446,0.015432806073964632,MarketGridChoice,20
1718907328.75,34.0,0.4168286412120101,0.4027289977017551,0.014099643497253737,MarketGridChoice,20
1718907329.0,34.0,0.4168286412120101,0.40398016413839205,0.012848477060579002,MarketGridChoice,20
1718907329.25,34.0,0.4168286412120101,0.4051291631644709,0.011699478034485011,MarketGridChoice,20
1718907329.5,34.0,0.4168286412120101,0.4061568778524875,0.01067176334647519,MarketGridChoice,20
1718907329.75,34.0,0.4168286412120101,0.4070456028953663,0.00978303830362401,MarketGridChoice,20
1718907330.0,34.0,0.4168286412120101,0.40777937154253513,0.009049269656501775,MarketGridChoice,20
1718907330.25,34.0,0.4168286412120101,0.4083442458348738,0.00848439536422625,MarketGridChoice,20
1718907330.5,34.0,0.4168286412120101,0.40872856531129786,0.008100075887878975,MarketGridChoice,20
1718907330.75,34.0,0.4168286412120101,0.4089231508932306,0.007905490306033646,MarketGridChoice,20
1718907331.0,33.99,0.39643098293292744,0.4089214620946768,-0.012490479174400718,MarketGridChoice,20
1718907331.25,33.99,0.39643098293292744,0.40871970697065635,-0.01228872405028206,MarketGridChoice,20
1718907331.5,33.99,0.39643098293292744,0.40831690523449066,-0.011885922314016875,MarketGridChoice,20
1718907331.75,33.99,0.39643098293292744,0.4077149056997777,-0.011283922779204949,MarketGridChoice,20
1718907332.0,33.99,0.39643098293292744,0.4069183596315462,-0.010487376710876434,MarketGridChoice,20
1718907332.25,33.99,0.39643098293292744,0.4059346517655489,-0.00950366884478469,MarketGridChoice,20
1718907332.5,33.99,0.39643098293292744,0.40477379075460307,-0.008342807833747317,MarketGridChoice,20
1718907332.75,33.99,0.39643098293292744,0.40344826072456014,-0.007017277803615808,MarketGridChoice,20
1718907333.0,34.0,0.4168286412120101,0.4019728355707314,0.014855805629381068,MarketGridChoice,20
1718907333.25,34.0,0.4168286412120101,0.4003643576919268,0.016464283508268025,MarketGridChoice,20
1718907333.5,34.0,0.4168286412120101,0.39864148311992986,0.01818715808034462,MarketGridChoice,20
1718907333.75,34.0,0.4168286412120101,0.39682439550048176,0.020004245699870124,MarketGridChoice,20
1718907334.0,33.99,0.39643098293292744,0.3949344921098646,0.0014964908114807815,MarketGridChoice,20
1718907334.25,33.99,0.39643098293292744,0.39299404598254684,0.0034369369388741284,MarketGridChoice,20
1718907334.5,33.99,0.39643098293292744,0.3910258491682035,0.005405133753292811,MarketGridChoice,20
1718907334.75,33.99,0.39643098293292744,0.38905284300300585,0.007378139918565187,MarketGridChoice,20
1718907335.0,33.97,0.3556356663747477,0.38709774195700025,-0.031462075593535616,MarketGridChoice,20
1718907335.25,33.97,0.3556356663747477,0.38518265802459245,-0.029546991661056975,MarketGridChoice,20
1718907335.5,33.97,0.3556356663747477,0.38332873271432305,-0.02769306635072019,MarketGridChoice,20
1718907335.75,33.97,0.3556356663747477,0.3815557834717782,-0.025920117108112255,MarketGridChoice,20
1718907336.0,34.0,0.4168286412120101,0.3798819709079212,0.03694667029306511,MarketGridChoice,20
1718907336.25,34.0,0.4168286412120101,0.378323492648641,0.038505148552397755,MarketGridChoice,20
1718907336.5,34.0,0.4168286412120101,0.37689430914974126,0.03993433205134425,MarketGridChoice,20
1718907336.75,34.0,0.4168286412120101,0.3756059065753902,0.041222734625736085,MarketGridChoice,20
1718907337.0,33.97,0.3556356663747477,0.37446710184146564,-0.01883143547756686,MarketGridChoice,20
1718907337.25,33.97,0.3556356663747477,0.3734838950557795,-0.017848228691851608,MarketGridChoice,20
1718907337.5,33.97,0.3556356663747477,0.3726593746163149,-0.017023708252363094,MarketGridChoice,20
1718907337.75,33.97,0.3556356663747477,0.3719936799145916,-0.016358013550620158,MarketGridChoice,20
1718907338.0,33.97,0.3556356663747477,0.3714840257724728,-0.015848359408484558,MarketGridChoice,20
1718907338.25,33.97,0.3556356663747477,0.371124791379949,-0.015489125015945114,ForecastPage,20
1718907338.5,33.97,0.3556356663747477,0.37090767466895475,-0.015272008304934763,ForecastPage,20
1718907338.75,33.97,0.3556356663747477,0.3708219108836136,-0.015186244519575814,ForecastPage,20
1718907339.0,33.97,0.3556356663747477,0.3708545517388439,-0.015218885374785718,ForecastPage,20
1718907339.25,33.97,0.3556356663747477,0.37099079914612937,-0.015355132782048184,ForecastPage,20
1718907339.5,33.97,0.3556356663747477,0.3712143851737085,-0.015578718809602148,ForecastPage,20
1718907339.75,33.97,0.3556356663747477,0.37150798784255656,-0.015872321478423383,ForecastPage,20
1718907340.0,33.99,0.39643098293292744,0.3718536706820963,0.02457731224024415,ForecastPage,20
1718907340.25,33.99,0.39643098293292744,0.3722333328197692,0.02419765010259823,ForecastPage,20
1718907340.5,33.99,0.39643098293292744,0.37262915587995354,0.023801827042439317,ForecastPage,20
1718907340.75,33.99,0.39643098293292744,0.37302403420102703,0.023406948721388494,ForecastPage,20
1718907341.0,33.99,0.39643098293292744,0.37340197584986456,0.023029007072569704,ForecastPage,20
1718907341.25,33.99,0.39643098293292744,0.37374846353524416,0.0226825193872037,ForecastPage,20
1718907341.5,33.99,0.39643098293292744,0.3740507666352651,0.02238021628719003,ForecastPage,20
1718907341.75,33.99,0.39643098293292744,0.3742981979575782,0.02213278496487696,ForecastPage,20
1718907342.0,33.97,0.3556356663747477,0.37448231133074456,-0.01884664496647713,ForecastPage,20
1718907342.25,33.97,0.3556356663747477,0.37459703846949727,-0.01896137210524575,ForecastPage,20
1718907342.5,33.97,0.3556356663747477,0.37463876557464193,-0.019003099210413786,ForecastPage,20
1718907342.75,33.97,0.3556356663747477,0.3746063516757062,-0.01897068531150772,ForecastPage,20
1718907343.0,33.97,0.3556356663747477,0.37450109173743806,-0.018865425373273074,ForecastPage,20
1718907343.25,33.97,0.3556356663747477,0.37432662806145184,-0.018690961697321526,ForecastPage,20
1718907343.5,33.97,0.3556356663747477,0.3740888136324517,-0.018453147268354217,ForecastPage,20
1718907343.75,33.97,0.3556356663747477,0.3737955309402412,-0.01815986457617124,ForecastPage,20
1718907344.0,33.99,0.39643098293292744,0.3734564696259661,0.02297451329626475,ForecastPage,20
1718907344.25,33.99,0.39643098293292744,0.3730828662245975,0.023348116697626407,ForecastPage,20
1718907344.5,33.99,0.39643098293292744,0.37268720945847145,0.023743773463759364,ForecastPage,20
1718907344.75,33.99,0.39643098293292744,0.37228291508494793,0.024148067837304263,ForecastPage,20
1718907345.0,33.99,0.39643098293292744,0.37188397524036865,0.024547007681918462,ForecastPage,20
1718907345.25,33.99,0.39643098293292744,0.3715045884811765,0.024926394441157174,ForecastPage,20
1718907345.5,33.99,0.39643098293292744,0.37115877814854,0.025272204773849543,ForecastPage,20
1718907345.75,33.99,0.39643098293292744,0.37086000807417574,0.025570974848276345,ForecastPage,20
1718907346.0,33.95,0.31484034981658243,0.3706208057817434,-0.05578045597556939,ForecastPage,20
1718907346.25,33.95,0.31484034981658243,0.37045240399981816,-0.0556120541935746,ForecastPage,20
1718907346.5,33.95,0.31484034981658243,0.37036441129837167,-0.05552406149205706,ForecastPage,20
1718907346.75,33.95,0.31484034981658243,0.37036452188643765,-0.0555241720800508,ForecastPage,20
1718907347.0,33.99,0.39643098293292744,0.37045827311255464,0.025972709810251196,ForecastPage,20
1718907347.25,33.99,0.39643098293292744,0.37064885721791674,0.025782125704965526,ForecastPage,20
1718907347.5,33.99,0.39643098293292744,0.370936991752454,0.025493991170507865,ForecastPage,20
1718907347.75,33.99,0.39643098293292744,0.37132085112309376,0.025110131799950718,ForecastPage,20
1718907348.0,33.99,0.39643098293292744,0.3717960602253549,0.024634922697774217,ForecastPage,20
1718907348.25,33.99,0.39643098293292744,0.3723557500592163,0.0240752328639974,ForecastPage,20
1718907348.5,33.99,0.39643098293292744,0.37299067453923407,0.02344030838406102,ForecastPage,20
1718907348.75,33.99,0.39643098293292744,0.37368938718190836,0.022741595741460674,ForecastPage,20
1718907349.0,33.95,0.31484034981658243,0.3744384757658887,-0.0595981259588027,ForecastPage,20
1718907349.25,33.95,0.31484034981658243,0.3752228521926644,-0.06038250238553231,ForecastPage,20
1718907349.5,33.95,0.31484034981658243,0.37602609344468446,-0.0611857436375248,ForecastPage,20
1718907349.75,33.95,0.31484034981658243,0.37683082765720693,-0.06199047785004015,ForecastPage,20
1718907350.0,33.99,0.39643098293292744,0.3776191569642463,0.01881182595925121,ForecastPage,20
1718907350.25,33.99,0.39643098293292744,0.3783731062092443,0.018057876714218046,ForecastPage,20
1718907350.5,33.99,0.39643098293292744,0.37907508421888697,0.017355898704520853,ForecastPage,20
1718907350.75,33.99,0.39643098293292744,0.3797083425224802,0.01672264040085577,ForecastPage,20
1718907351.0,33.99,0.39643098293292744,0.3802574154426886,0.016173567480560272,ForecastPage,20
1718907351.25,33.99,0.39643098293292744,0.38070852549660517,0.015722457426543456,ForecastPage,20
1718907351.5,33.99,0.39643098293292744,0.381049938990785,0.015381043932252472,ForecastPage,20
1718907351.75,33.99,0.39643098293292744,0.3812722584488776,0.015158724474040064,ForecastPage,20
1718907352.0,33.99,0.39643098293292744,0.38136864092692524,0.015062341995866466,ForecastPage,20
1718907352.25,33.99,0.39643098293292744,0.3813349341978788,0.015096048724783193,ForecastPage,20
1718907352.5,33.99,0.39643098293292744,0.38116972607537625,0.01526125684715423,ForecastPage,20
1718907352.75,33.99,0.39643098293292744,0.3808743056523665,0.015556677270032696,ForecastPage,20
1718907353.0,33.99,0.39643098293292744,0.3804525388097656,0.01597844411250452,ForecastPage,20
1718907353.25,33.99,0.39643098293292744,0.37991066386189765,0.0165203190602472,ForecastPage,20
1718907353.5,33.99,0.39643098293292744,0.3792570165065408,0.017173966415484153,ForecastPage,20
1718907353.75,33.99,0.39643098293292744,0.3785016961939941,0.017929286727918207,ForecastPage,20
1718907354.0,33.97,0.3556356663747477,0.37765618847538546,-0.022020522111755838,ForecastPage,20
1718907354.25,33.97,0.3556356663747477,0.37673295968898757,-0.02109729332544812,ForecastPage,20
1718907354.5,33.97,0.3556356663747477,0.37574504135990533,-0.020109374996440083,ForecastPage,20
1718907354.75,33.97,0.3556356663747477,0.37470562182709327,-0.019069955463683334,ForecastPage,20
1718907355.0,33.97,0.3556356663747477,0.37362766184739155,-0.01799199548401561,ForecastPage,20
1718907355.25,33.97,0.3556356663747477,0.37252354932024256,-0.016887882956877036,ForecastPage,20
1718907355.5,33.97,0.3556356663747477,0.3714048059597088,-0.015769139596328186,ForecastPage,20
1718907355.75,33.97,0.3556356663747477,0.3702818558786648,-0.014646189515242176,ForecastPage,20
1718907356.0,33.97,0.3556356663747477,0.3691638628170588,-0.013528196453566208,ForecastPage,20
1718907356.25,33.97,0.3556356663747477,0.3680586393092226,-0.012422972945631699,ForecastPage,20
1718907356.5,33.97,0.3556356663747477,0.3669726276018303,-0.01133696123811335,ForecastPage,20
1718907356.75,33.97,0.3556356663747477,0.3659109487514274,-0.010275282387557712,ForecastPage,20
1718907357.0,33.97,0.3556356663747477,0.36487751318524647,-0.009241846821199044,ForecastPage,20
1718907357.25,33.97,0.3556356663747477,0.36387518322773865,-0.008239516863490684,ForecastPage,20
1718907357.5,33.97,0.3556356663747477,0.36290597579406436,-0.007270309429595686,ForecastPage,20
1718907357.75,33.97,0.3556356663747477,0.36197129173682246,-0.006335625372115388,ForecastPage,20
1718907358.0,33.99,0.39643098293292744,0.3610721572994263,0.03535882562371399,ForecastPage,20
1718907358.25,33.99,0.39643098293292744,0.3602094628613098,0.036221520062096106,ForecastPage,20
1718907358.5,33.99,0.39643098293292744,0.35938418471303607,0.037046798210644126,ForecastPage,20
1718907358.75,33.99,0.39643098293292744,0.35859757697620476,0.03783340594775439,ForecastPage,20
1718907359.0,33.97,0.3556356663747477,0.357851322900179,-0.0022156565341206746,ForecastPage,20
1718907359.25,33.97,0.3556356663747477,0.3571476374430678,-0.0015119710767356152,ForecastPage,20
1718907359.5,33.97,0.3556356663747477,0.35648931602667383,-0.0008536496600781221,ForecastPage,20
1718907359.75,33.97,0.3556356663747477,0.3558797273851399,-0.00024406101829589633,ForecastPage,20
1718907360.0,33.97,0.3556356663747477,0.355322751299728,0.00031291506734505356,ForecastPage,20
1718907360.25,33.97,0.3556356663747477,0.3548226646055381,0.0008130017617415048,ForecastPage,20
1718907360.5,33.97,0.3556356663747477,0.35438398111921093,0.001251685248250148,ForecastPage,20
1718907360.75,33.97,0.3556356663747477,0.3540112530574698,0.0016244133101459336,ForecastPage,20
1718907361.0,33.97,0.3556356663747477,0.35370884309354456,0.0019268232741976746,ForecastPage,20
1718907361.25,33.97,0.3556356663747477,0.3534806774294656,0.00215498893837471,ForecastPage,20
1718907361.5,33.97,0.3556356663747477,0.3533299911400292,0.002305675227880781,ForecastPage,20
1718907361.75,33.97,0.3556356663747477,0.3532590775580203,0.0023765888099309927,ForecastPage,20
1718907362.0,33.97,0.3556356663747477,0.3532690536056699,0.0023666127622940115,ForecastPage,20
1718907362.25,33.97,0.3556356663747477,0.35335965271720976,0.0022760136507380324,ForecastPage,20
1718907362.5,33.97,0.3556356663747477,0.3535290563225358,0.0021066100453672187,ForecastPage,20
1718907362.75,33.97,0.3556356663747477,0.35377377375181435,0.0018618926160157744,ForecastPage,20
1718907363.0,33.95,0.31484034981658243,0.35408857885447476,-0.039248229044909926,ForecastPage,20
1718907363.25,33.95,0.31484034981658243,0.3544665095863602,-0.03962615977692144,ForecastPage,20
1718907363.5,33.95,0.31484034981658243,0.35489893430634717,-0.04005858449705881,ForecastPage,20
1718907363.75,33.95,0.31484034981658243,0.35537568558514865,-0.0405353357760327,ForecastPage,20
1718907364.0,33.97,0.3556356663747477,0.35588525909090835,-0.0002495927238186438,ForecastPage,20
1718907364.25,33.97,0.3556356663747477,0.3564150717980482,-0.0007794054311659332,ForecastPage,20
1718907364.5,33.97,0.3556356663747477,0.35695177065192674,-0.0013161042852643627,ForecastPage,20
1718907364.75,33.97,0.3556356663747477,0.357481580200391,-0.0018459138339572394,ForecastPage,20
1718907365.0,33.99,0.39643098293292744,0.35799067580503763,0.038440307119342765,ForecastPage,20
1718907365.25,33.99,0.39643098293292744,0.3584655680115959,0.03796541491255126,ForecastPage,20
1718907365.5,33.99,0.39643098293292744,0.358893483542296,0.037537499381622604,ForecastPage,20
1718907365.75,33.99,0.39643098293292744,0.359262729140959,0.03716825378274035,ForecastPage,20
1718907366.0,33.97,0.3556356663747477,0.35956302603174206,-0.003927359666427772,ForecastPage,20
1718907366.25,33.97,0.3556356663747477,0.3597858048337532,-0.00415013846862633,ForecastPage,20
1718907366.5,33.97,0.3556356663747477,0.3599244531374387,-0.004288786772477803,ForecastPage,20
1718907366.75,33.97,0.3556356663747477,0.3599745103299033,-0.0043388439650840355,ForecastPage,20
1718907367.0,33.97,0.3556356663747477,0.35993380645503703,-0.004298140090332145,ForecastPage,20
1718907367.25,33.97,0.3556356663747477,0.3598025438030599,-0.004166877438439545,ForecastPage,20
1718907367.5,33.97,0.3556356663747477,0.35958332151518224,-0.0039476551506143764,ForecastPage,20
1718907367.75,33.97,0.3556356663747477,0.3592811047806978,-0.0036454384161491516,ForecastPage,20
1718907368.0,33.97,0.3556356663747477,0.35890314123135314,-0.0032674748667904405,ForecastPage,20
1718907368.25,33.97,0.3556356663747477,0.3584588279399767,-0.0028231615753675854,ForecastPage,20
1718907368.5,33.97,0.3556356663747477,0.35795953304499556,-0.002323866680309145,ForecastPage,20
1718907368.75,33.97,0.3556356663747477,0.3574183764855135,-0.0017827101207209435,ForecastPage,20
1718907369.0,33.97,0.3556356663747477,0.3568499746762328,-0.0012143083113079888,ForecastPage,20
1718907369.25,33.97,0.3556356663747477,0.3562701542074145,-0.0006344878423342783,MarketWaitPage,20
1718907369.5,33.97,0.3556356663747477,0.35569563984800867,-5.9973482753598005e-05,MarketWaitPage,20
1718907369.75,33.97,0.3556356663747477,0.3551437222812725,0.0004919440841732103,MarketWaitPage,20
1718907370.0,33.97,0.3556356663747477,0.35463191112794545,0.001003755237702724,MarketWaitPage,20
1718907370.25,33.97,0.3556356663747477,0.3541775789235947,0.0014580874422637285,MarketWaitPage,20
1718907370.5,33.97,0.3556356663747477,0.3537976018200509,0.0018380645460214845,MarketWaitPage,20
1718907370.75,33.97,0.3556356663747477,0.3535080028767621,0.002127663489523626,MarketWaitPage,20
1718907371.0,33.97,0.3556356663747477,0.3533236038922708,0.0023120624742231357,MarketWaitPage,20
1718907371.25,33.97,0.3556356663747477,0.3532576917901633,0.0023779745765292225,RoundResultsPage,20
1718907371.5,33.97,0.3556356663747477,0.35332170560500364,0.002313960761873888,RoundResultsPage,20
1718907371.75,33.97,0.3556356663747477,0.3535249500958332,0.0021107162712118445,RoundResultsPage,20
1718907372.0,33.97,0.3556356663747477,0.35387434192915146,0.001761324438039717,RoundResultsPage,20
1718907372.25,33.97,0.3556356663747477,0.35437419419967425,0.0012614721676380818,RoundResultsPage,20
1718907372.5,33.97,0.3556356663747477,0.35502604477490257,0.000609621592502863,RoundResultsPage,20
1718907372.75,33.97,0.3556356663747477,0.3558285335386326,-0.0001928671711645272,RoundResultsPage,20
1718907373.0,33.97,0.3556356663747477,0.35677733305098547,-0.0011416666834873682,RoundResultsPage,20
1718907373.25,33.97,0.3556356663747477,0.35786513642362827,-0.002229470056134138,RoundResultsPage,20
1718907373.5,33.97,0.3556356663747477,0.3590817053185723,-0.0034460389511163005,RoundResultsPage,20
1718907373.75,33.97,0.3556356663747477,0.36041397991332735,-0.004778313545942666,RoundResultsPage,20
1718907374.0,33.97,0.3556356663747477,0.36184625143774757,-0.006210585070465537,RoundResultsPage,20
1718907374.25,33.97,0.3556356663747477,0.3633603964908901,-0.0077247301237397,RoundResultsPage,20
1718907374.5,33.97,0.3556356663747477,0.36493617081192153,-0.00930050444492879,RoundResultsPage,20
1718907374.75,33.97,0.3556356663747477,0.36655155854105365,-0.01091589217424076,RoundResultsPage,20
1718907375.0,33.97,0.3556356663747477,0.3681831713104319,-0.012547504943816897,RoundResultsPage,20
1718907375.25,33.97,0.3556356663747477,0.3698066898097612,-0.014171023443357734,RoundResultsPage,20
1718907375.5,33.97,0.3556356663747477,0.3713973388500547,-0.015761672483871357,RoundResultsPage,20
1718907375.75,33.97,0.3556356663747477,0.37293038548851154,-0.017294719122551785,RoundResultsPage,20
1718907376.0,33.99,0.39643098293292744,0.3743816485798946,0.02204933434402279,RoundResultsPage,20
1718907376.25,33.99,0.39643098293292744,0.3757280072978301,0.020702975625871613,RoundResultsPage,20
1718907376.5,33.99,0.39643098293292744,0.37694789583427546,0.019483087089221883,RoundResultsPage,20
1718907376.75,33.99,0.39643098293292744,0.37802177171801793,0.01840921120529038,RoundResultsPage,20
1718907377.0,33.99,0.39643098293292744,0.3789325460104207,0.01749843691271743,RoundResultsPage,20
1718907377.25,33.99,0.39643098293292744,0.37966596497522415,0.01676501794776589,RoundResultsPage,20
1718907377.5,33.99,0.39643098293292744,0.3802109345497641,0.016220048373102994,RoundResultsPage,20
1718907377.75,33.99,0.39643098293292744,0.38055978090473314,0.015871202018038655,RoundResultsPage,20
1718907378.0,33.97,0.3556356663747477,0.3807084423993039,-0.02507277603477867,RoundResultsPage,20
1718907378.25,33.97,0.3556356663747477,0.3806565901571093,-0.025020923792622444,RoundResultsPage,20
1718907378.5,33.97,0.3556356663747477,0.38040767616836146,-0.024772009803885577,RoundResultsPage,20
1718907378.75,33.97,0.3556356663747477,0.3799689091760728,-0.02433324281158203,RoundResultsPage,20
1718907379.0,33.99,0.39643098293292744,0.3793511596226105,0.017079823300098225,RoundResultsPage,20
1718907379.25,33.99,0.39643098293292744,0.3785687957007817,0.01786218722198549,RoundResultsPage,20
1718907379.5,33.99,0.39643098293292744,0.3776394532163197,0.018791529706522325,RoundResultsPage,20
1718907379.75,33.99,0.39643098293292744,0.3765837426688146,0.019847240254114384,RoundResultsPage,20
1718907380.0,33.97,0.3556356663747477,0.37542489777361066,-0.019789231408766074,RoundResultsPage,20
1718907380.25,33.97,0.3556356663747477,0.37418837056391036,-0.018552704198965975,RoundResultsPage,20
1718907380.5,33.97,0.3556356663747477,0.37290137914812055,-0.01726571278307564,RoundResultsPage,20
1718907380.75,33.97,0.3556356663747477,0.3715924150617342,-0.015956748696591073,RoundResultsPage,20
1718907381.0,33.99,0.39643098293292744,0.3702907179065781,0.026140265016837923,RoundResultsPage,20
1718907381.25,33.99,0.39643098293292744,0.3690257256496341,0.0274052572738674,RoundResultsPage,20
1718907381.5,33.99,0.39643098293292744,0.3678265096451912,0.028604473278385334,RoundResultsPage,20
1718907381.75,33.99,0.39643098293292744,0.3667212042224586,0.029709778701179742,RoundResultsPage,20
1718907382.0,33.97,0.3556356663747477,0.3657364415477326,-0.010100775182228572,RoundResultsPage,20
1718907382.25,33.97,0.3556356663747477,0.3648968033294412,-0.009261136963910581,RiskPage1,20
1718907382.5,33.97,0.3556356663747477,0.36422430161708297,-0.008588635251546814,RiskPage1,20
1718907382.75,33.97,0.3556356663747477,0.36373790127157946,-0.008102234906060008,RiskPage1,20
1718907383.0,33.97,0.3556356663747477,0.3634530965265476,-0.007817430161067668,RiskPage1,20
1718907383.25,33.97,0.3556356663747477,0.36338155337026923,-0.007745887004851548,RiskPage1,20
1718907383.5,33.97,0.3556356663747477,0.36353082827961003,-0.007895161914276196,RiskPage1,20
1718907383.75,33.97,0.3556356663747477,0.3639041721913301,-0.008268505826099394,RiskPage1,20
1718907384.0,33.97,0.3556356663747477,0.3645004265770102,-0.008864760211898694,RiskPage1,20
1718907384.25,33.97,0.3556356663747477,0.3653140161702654,-0.009678349805285535,RiskPage1,20
1718907384.5,33.97,0.3556356663747477,0.36633504035389364,-0.010699373989053724,RiskPage1,20
1718907384.75,33.97,0.3556356663747477,0.36754946252640464,-0.0119137961617085,RiskPage1,20
1718907385.0,33.97,0.3556356663747477,0.368939394011766,-0.013303727647212415,RiskPage1,20
1718907385.25,33.97,0.3556356663747477,0.3704834663384536,-0.014847799974036067,RiskPage1,20
1718907385.5,33.97,0.3556356663747477,0.37215728308675355,-0.016521616722460334,RiskPage1,20
1718907385.75,33.97,0.3556356663747477,0.3739339400888524,-0.018298273724666504,RiskPage1,20
1718907386.0,33.99,0.39643098293292744,0.37578460067744596,0.020646382244833866,RiskPage1,20
1718907386.25,33.99,0.39643098293292744,0.37767911103729146,0.018751871884927617,RiskPage1,20
1718907386.5,33.99,0.39643098293292744,0.37958663963959716,0.016844343282588936,RiskPage1,20
1718907386.75,33.99,0.39643098293292744,0.3814763243213638,0.014954658600818594,RiskPage1,20
1718907387.0,33.99,0.39643098293292744,0.38331791083888334,0.013113072083324866,RiskPage1,20
1718907387.25,33.99,0.39643098293292744,0.38508236762788056,0.011348615294381689,RiskPage1,20
1718907387.5,33.99,0.39643098293292744,0.38674246293280923,0.00968851998953258,RiskPage1,20
1718907387.75,33.99,0.39643098293292744,0.3882732922879515,0.008157690634492197,RiskPage1,20
1718907388.0,33.99,0.39643098293292744,0.3896527464071461,0.0067782365154180554,RiskPage1,20
1718907388.25,33.99,0.39643098293292744,0.3908619117442555,0.00556907117844381,RiskPage2,20
1718907388.5,33.99,0.39643098293292744,0.3918853982157174,0.0045455847071274764,RiskPage2,20
1718907388.75,33.99,0.39643098293292744,0.39271159073777717,0.0037193921852192134,RiskPage2,20
1718907389.0,33.99,0.39643098293292744,0.3933328232463575,0.0030981596767920873,RiskPage2,20
1718907389.25,33.99,0.39643098293292744,0.3937454756717426,0.0026855072515579587,RiskPage2,20
1718907389.5,33.99,0.39643098293292744,0.39394999587920726,0.0024809870442385738,RiskPage2,20
1718907389.75,33.99,0.39643098293292744,0.3939508498156835,0.002480133107898449,RiskPage2,20
1718907390.0,33.97,0.3556356663747477,0.39375640398481765,-0.038120737619292064,RiskPage2,20
1718907390.25,33.97,0.3556356663747477,0.3933787448810792,-0.037743078515446296,RiskPage2,20
1718907390.5,33.97,0.3556356663747477,0.39283344014129534,-0.037197773775573706,RiskPage2,20
1718907390.75,33.97,0.3556356663747477,0.39213924595904287,-0.03650357959325248,RiskPage2,20
1718907391.0,34.0,0.4168286412120101,0.3913177648713286,0.025510876331772687,RiskPage2,20
1718907391.25,34.0,0.4168286412120101,0.3903930575719867,0.026435583631143296,RiskPage2,20
1718907391.5,34.0,0.4168286412120101,0.38939121218594047,0.02743742901719972,RiskPage2,20
1718907391.75,34.0,0.4168286412120101,0.3883398746794358,0.028488766523697088,RiskPage2,20
1718907392.0,34.0,0.4168286412120101,0.3872677449034422,0.029560896299667003,RiskPage2,20
1718907392.25,34.0,0.4168286412120101,0.3862040441462379,0.030624597056831817,RiskPage2,20
1718907392.5,34.0,0.4168286412120101,0.38517796185727204,0.031650679345743164,RiskPage2,20
1718907392.75,34.0,0.4168286412120101,0.38421809117223654,0.03261055003071002,RiskPage2,20
1718907393.0,33.97,0.3556356663747477,0.3833518647593928,-0.02771619839379051,RiskPage2,20
1718907393.25,33.97,0.3556356663747477,0.38260500405040065,-0.026969337684892652,RiskPage3,20
1718907393.5,33.97,0.3556356663747477,0.3820009958609687,-0.026365329495566837,RiskPage3,20
1718907393.75,33.97,0.3556356663747477,0.38156061055106577,-0.02592494418578142,RiskPage3,20
1718907394.0,33.97,0.3556356663747477,0.3813014751331834,-0.02566580876802708,RiskPage3,20
1718907394.25,33.97,0.3556356663747477,0.38123771315500926,-0.025602046789989993,RiskPage3,20
1718907394.5,33.97,0.3556356663747477,0.3813796609150956,-0.025743994550220202,RiskPage3,20
1718907394.75,33.97,0.3556356663747477,0.3817336668334732,-0.026098000468745323,RiskPage3,20
1718907395.0,33.99,0.39643098293292744,0.3823019778312774,0.014129005091482273,RiskPage3,20
1718907395.25,33.99,0.39643098293292744,0.38308271361153823,0.01334826931107605,RiskPage3,20
1718907395.5,33.99,0.39643098293292744,0.38406992699789344,0.012361055924580677,RiskPage3,20
1718907395.75,33.99,0.39643098293292744,0.3852537461564458,0.011177236765895542,RiskPage3,20
1718907396.0,33.99,0.39643098293292744,0.3866205927008573,0.009810390221360175,RiskPage3,20
1718907396.25,33.99,0.39643098293292744,0.3881534683761654,0.008277514545937618,RiskPage3,20
1718907396.5,33.99,0.39643098293292744,0.38983230217595566,0.006598680746042345,RiskPage3,20
1718907396.75,33.99,0.39643098293292744,0.39163434927812807,0.004796633643774318,RiskPage3,20
1718907397.0,33.99,0.39643098293292744,0.39353463298841757,0.0028963499333982505,RiskPage3,20
1718907397.25,33.99,0.39643098293292744,0.3955064208687766,0.0009245620529613908,RiskPage3,20
1718907397.5,33.99,0.39643098293292744,0.3975217263241084,-0.0010907434024398713,RiskPage3,20
1718907397.75,33.99,0.39643098293292744,0.3995518270654824,-0.003120844143874396,RiskPage3,20
1718907398.0,33.99,0.39643098293292744,0.4015677920172167,-0.00513680909565898,RiskPage3,20
1718907398.25,33.99,0.39643098293292744,0.4035410083628733,-0.007110025441354103,RiskPage4,20
1718907398.5,33.99,0.39643098293292744,0.4054437005231467,-0.009012717601653085,RiskPage4,20
1718907398.75,33.99,0.39643098293292744,0.40724943293719074,-0.010818450015708938,RiskPage4,20
1718907399.0,34.0,0.4168286412120101,0.4089335886069071,0.007895052593659848,RiskPage4,20
1718907399.25,34.0,0.4168286412120101,0.41047381550653,0.0063548256940541645,RiskPage4,20
1718907399.5,34.0,0.4168286412120101,0.41185043321262993,0.004978207987986444,RiskPage4,20
1718907399.75,34.0,0.4168286412120101,0.4130467925227153,0.003781848677948421,RiskPage4,20
1718907400.0,34.0,0.4168286412120101,0.4140495814317439,0.0027790597689819957,RiskPage4,20
1718907400.25,34.0,0.4168286412120101,0.4148490716214776,0.0019795695793243667,RiskPage4,20
1718907400.5,34.0,0.4168286412120101,0.41543930055923756,0.0013893406416526284,RiskPage4,20
1718907400.75,34.0,0.4168286412120101,0.4158181853620954,0.0010104558388927083,RiskPage4,20
1718907401.0,34.0,0.4168286412120101,0.4159875657243702,0.0008410754767224158,RiskPage4,20
1718907401.25,34.0,0.4168286412120101,0.41595317440238744,0.0008754667988125297,RiskPage4,20
1718907401.5,34.0,0.4168286412120101,0.4157245349798901,0.0011041062214161299,RiskPage4,20
1718907401.75,34.0,0.4168286412120101,0.41531478788485987,0.0015138533165478516,RiskPage4,20
1718907402.0,34.0,0.4168286412120101,0.4147404468819558,0.002088194319545225,RiskPage4,20
1718907402.25,34.0,0.4168286412120101,0.41402108951409894,0.0028075516874835373,RiskPage4,20
1718907402.5,34.0,0.4168286412120101,0.41317898620150534,0.0036496550001429776,RiskPage4,20
1718907402.75,34.0,0.4168286412120101,0.41223867391429575,0.004589967287399425,RiskPage4,20
1718907403.0,34.0,0.4168286412120101,0.4112264814996512,0.005602159702069043,RiskPage4,20
1718907403.25,34.0,0.4168286412120101,0.4101700148451726,0.0066586263565487636,PreMarketWait,21
1718907403.5,34.0,0.4168286412120101,0.4090976110690044,0.00773103013269297,PreMarketWait,21
1718907403.75,34.0,0.4168286412120101,0.40803777180919276,0.008790869392454884,PreMarketWait,21
1718907404.0,33.99,0.39643098293292744,0.4070185863961752,-0.010587603473685406,PreMarketWait,21
1718907404.25,33.99,0.39643098293292744,0.4060671561824673,-0.009636173260077489,PreMarketWait,21
1718907404.5,33.99,0.39643098293292744,0.4052090315205981,-0.008778048598332035,PreMarketWait,21
1718907404.75,33.99,0.39643098293292744,0.40446767278484325,-0.008036689862723136,PreMarketWait,21
1718907405.0,33.99,0.39643098293292744,0.40386394641449475,-0.007432963492540273,PreMarketWait,21
1718907405.25,33.99,0.39643098293292744,0.4034156662441364,-0.006984683322363763,PreMarketWait,21
1718907405.5,33.99,0.39643098293292744,0.4031371894379658,-0.0067062065163868805,PreMarketWait,21
1718907405.75,33.99,0.39643098293292744,0.403039075233503,-0.0066080923121243,PreMarketWait,21
1718907406.0,34.0,0.4168286412120101,0.4031278134994321,0.013700827700828956,PreMarketWait,21
1718907406.25,34.0,0.4168286412120101,0.40340562889179277,0.013423012308274737,PreMarketWait,21
1718907406.5,34.0,0.4168286412120101,0.4038703652090267,0.012958275990860722,PreMarketWait,21
1718907406.75,34.0,0.4168286412120101,0.40451545343143963,0.01231318776828712,PreMarketWait,21
1718907407.0,33.99,0.39643098293292744,0.40532996587672493,-0.008898982956216973,PreMarketWait,21
1718907407.25,33.99,0.39643098293292744,0.4062987578584021,-0.009867774938002161,PreMarketWait,21
1718907407.5,33.99,0.39643098293292744,0.4074026971183486,-0.010971714198026108,PreMarketWait,21
1718907407.75,33.99,0.39643098293292744,0.40861898004228714,-0.012187997122010269,PreMarketWait,21
1718907408.0,34.0,0.4168286412120101,0.4099215322187817,0.006907108980564252,PreMarketWait,21
1718907408.25,34.0,0.4168286412120101,0.4112814892792055,0.005547151920158162,PreMarketWait,21
1718907408.5,34.0,0.4168286412120101,0.4126677522088066,0.004160888990604231,PreMarketWait,21
1718907408.75,34.0,0.4168286412120101,0.414047609507989,0.0027810316914957034,PreMarketWait,21
1718907409.0,33.99,0.39643098293292744,0.41538741674938046,-0.018956433828881923,PreMarketWait,21
1718907409.25,33.99,0.39643098293292744,0.4166533222299915,-0.020222339309378848,PreMarketWait,21
1718907409.5,33.99,0.39643098293292744,0.41781202555043173,-0.02138104262969249,PreMarketWait,21
1718907409.75,33.99,0.39643098293292744,0.41883155406896244,-0.022400571148089167,PreMarketWait,21
1718907410.0,33.99,0.39643098293292744,0.41968204032452633,-0.023251057403515876,PreMarketWait,21
1718907410.25,33.99,0.39643098293292744,0.4203364818043141,-0.023905498883166742,PreMarketWait,21
1718907410.5,33.99,0.39643098293292744,0.420771463002725,-0.024340480081443724,PreMarketWait,21
1718907410.75,33.99,0.39643098293292744,0.42096781876733114,-0.024536835845921128,PreMarketWait,21
1718907411.0,34.03,0.4780216160492724,0.4209112176580388,0.05711039837983804,PreMarketWait,21
1718907411.25,34.03,0.4780216160492724,0.4205926446644827,0.05742897137350818,MarketGridChoice,21
1718907411.5,34.03,0.4780216160492724,0.42000876431277034,0.058012851725326386,MarketGridChoice,21
1718907411.75,34.03,0.4780216160492724,0.419162148039575,0.05885946799861961,MarketGridChoice,21
1718907412.0,34.0,0.4168286412120101,0.41806135365883473,-0.0012327124578113274,MarketGridChoice,21
1718907412.25,34.0,0.4168286412120101,0.41672084955102634,0.00010779165008244218,MarketGridChoice,21
1718907412.5,34.0,0.4168286412120101,0.4151607814901174,0.0016678597110727118,MarketGridChoice,21
1718907412.75,34.0,0.4168286412120101,0.41340658538407393,0.0034220558171951278,MarketGridChoice,21
1718907413.0,34.0,0.4168286412120101,0.41148845431233105,0.00534018688901568,MarketGridChoice,21
1718907413.25,34.0,0.4168286412120101,0.40944067289205904,0.007387968309365096,MarketGridChoice,21
1718907413.5,34.0,0.4168286412120101,0.4073008360926524,0.009527805108849645,MarketGridChoice,21
1718907413.75,34.0,0.4168286412120101,0.4051089730955867,0.011719668105993977,MarketGridChoice,21
1718907414.0,33.99,0.39643098293292744,0.40290659962484093,-0.006475616702263643,MarketGridChoice,21
1718907414.25,33.99,0.39643098293292744,0.40073572430160714,-0.0043047413789503415,MarketGridChoice,21
1718907414.5,33.99,0.39643098293292744,0.3986378359463924,-0.002206853023656778,MarketGridChoice,21
1718907414.75,33.99,0.39643098293292744,0.3966528993050432,-0.0002219163822309335,MarketGridChoice,21
1718907415.0,33.97,0.3556356663747477,0.3948183863753077,-0.039182720010602516,MarketGridChoice,21
1718907415.25,33.97,0.3556356663747477,0.39316836935042904,-0.037532702985656835,MarketGridChoice,21
1718907415.5,33.97,0.3556356663747477,0.3917326992050628,-0.03609703284023047,MarketGridChoice,21
1718907415.75,33.97,0.3556356663747477,0.3905362912034795,-0.03490062483859464,MarketGridChoice,21
1718907416.0,34.0,0.4168286412120101,0.38959853525531973,0.02723010594687226,MarketGridChoice,21
1718907416.25,34.0,0.4168286412120101,0.38893284529814887,0.027895795904080298,MarketGridChoice,21
1718907416.5,34.0,0.4168286412120101,0.3885463580048747,0.028282283197384187,MarketGridChoice,21
1718907416.75,34.0,0.4168286412120101,0.38843978731847684,0.02838885388380396,MarketGridChoice,21
1718907417.0,33.97,0.3556356663747477,0.3886074377163752,-0.032971771351343264,MarketGridChoice,21
1718907417.25,33.97,0.3556356663747477,0.389037375672174,-0.0334017093071374,MarketGridChoice,21
1718907417.5,33.97,0.3556356663747477,0.3897117553856846,-0.03407608902065217,MarketGridChoice,21
1718907417.75,33.97,0.3556356663747477,0.3906072913616809,-0.03497162499666093,MarketGridChoice,21
1718907418.0,33.99,0.39643098293292744,0.3916958667930217,0.004735116130158621,MarketGridChoice,21
1718907418.25,33.99,0.39643098293292744,0.39294526303654137,0.0034857198866141918,MarketGridChoice,21
1718907418.5,33.99,0.39643098293292744,0.3943199919561016,0.0021109909670252373,MarketGridChoice,21
1718907418.75,33.99,0.39643098293292744,0.3957822097703782,0.0006487731527170569,MarketGridChoice,21
1718907419.0,33.99,0.39643098293292744,0.3972926884623431,-0.0008617055392816757,MarketGridChoice,21
1718907419.25,33.99,0.39643098293292744,0.3988118188836518,-0.0023808359606261598,MarketGridChoice,21
1718907419.5,33.99,0.39643098293292744,0.40030061845461806,-0.0038696355316301997,MarketGridChoice,21
1718907419.75,33.99,0.39643098293292744,0.4017217158212948,-0.005290732898346645,MarketGridChoice,21
1718907420.0,33.99,0.39643098293292744,0.4030402849839678,-0.006609302061061261,MarketGridChoice,21
1718907420.25,33.99,0.39643098293292744,0.4042249022646377,-0.007793919341774355,MarketGridChoice,21
1718907420.5,33.99,0.39643098293292744,0.4052483010566886,-0.008817318133869748,MarketGridChoice,21
1718907420.75,33.99,0.39643098293292744,0.40608800163327724,-0.0096570187105031,MarketGridChoice,21
1718907421.0,34.03,0.4780216160492724,0.4067267964294866,0.07129481960958892,MarketGridChoice,21
1718907421.25,34.03,0.4780216160492724,0.40715307520896393,0.07086854083007084,MarketGridChoice,21
1718907421.5,34.03,0.4780216160492724,0.40736097940784716,0.07066063663115106,MarketGridChoice,21
1718907421.75,34.03,0.4780216160492724,0.4073503806665673,0.07067123537239971,MarketGridChoice,21
1718907422.0,33.99,0.39643098293292744,0.4071266849150551,-0.010695701992458041,MarketGridChoice,21
1718907422.25,33.99,0.39643098293292744,0.40670046999626297,-0.010269487073684247,MarketGridChoice,21
1718907422.5,33.99,0.39643098293292744,0.40608697120519116,-0.009655988282623585,MarketGridChoice,21
1718907422.75,33.99,0.39643098293292744,0.40530543479618,-0.008874451873615944,MarketGridChoice,21
1718907423.0,33.99,0.39643098293292744,0.4043783641031861,-0.007947381180617677,MarketGridChoice,21
1718907423.25,33.99,0.39643098293292744,0.4033306862372388,-0.006899703314657954,MarketGridChoice,21
1718907423.5,33.99,0.39643098293292744,0.4021888693350595,-0.005757886412459029,MarketGridChoice,21
1718907423.75,33.99,0.39643098293292744,0.4009800210794786,-0.004549038156852581,MarketGridChoice,21
1718907424.0,33.97,0.3556356663747477,0.3997309987691421,-0.044095332404666406,MarketGridChoice,21
1718907424.25,33.97,0.3556356663747477,0.3984675596582192,-0.042831893293712675,MarketGridChoice,21
1718907424.5,33.97,0.3556356663747477,0.3972135777005381,-0.04157791133600188,MarketGridChoice,21
1718907424.75,33.97,0.3556356663747477,0.395990349335224,-0.040354682970661165,MarketGridChoice,21
1718907425.0,33.99,0.39643098293292744,0.3948160067276692,0.001614976195095194,MarketGridChoice,21
1718907425.25,33.99,0.39643098293292744,0.39370505219436064,0.00272593072841959,MarketGridChoice,21
1718907425.5,33.99,0.39643098293292744,0.39266802270638446,0.0037629602164042757,MarketGridChoice,21
1718907425.75,33.99,0.39643098293292744,0.3917112886865417,0.004719694236246744,MarketGridChoice,21
1718907426.0,33.99,0.39643098293292744,0.390836987018564,0.0055939959042140535,MarketGridChoice,21
1718907426.25,33.99,0.39643098293292744,0.3900430844027507,0.006387898520005968,MarketGridChoice,21
1718907426.5,33.99,0.39643098293292744,0.38932356396130385,0.007107418961419978,MarketGridChoice,21
1718907426.75,33.99,0.39643098293292744,0.3886687253053273,0.007762257617352317,MarketGridChoice,21
1718907427.0,33.99,0.39643098293292744,0.3880655860848475,0.008365396837776783,MarketGridChoice,21
1718907427.25,33.99,0.39643098293292744,0.38749837130237275,0.008932611620185445,MarketGridChoice,21
1718907427.5,33.99,0.39643098293292744,0.3869490753206431,0.009481907601839439,MarketGridChoice,21
1718907427.75,33.99,0.39643098293292744,0.3863980804707185,0.01003290245168077,MarketGridChoice,21
1718907428.0,33.97,0.3556356663747477,0.3858248153959078,-0.030189149031777072,MarketGridChoice,21
1718907428.25,33.97,0.3556356663747477,0.3852084356766532,-0.029572769312613864,MarketGridChoice,21
1718907428.5,33.97,0.3556356663747477,0.38452850880898465,-0.028892842445036076,MarketGridChoice,21
1718907428.75,33.97,0.3556356663747477,0.38376568523147303,-0.028130018867611094,MarketGridChoice,21
1718907429.0,33.99,0.39643098293292744,0.3829023368619924,0.01352864605997051,MarketGridChoice,21
1718907429.25,33.99,0.39643098293292744,0.3819231446497389,0.014507838272156761,MarketGridChoice,21
1718907429.5,33.99,0.39643098293292744,0.38081561715889956,0.015615365762944228,MarketGridChoice,21
1718907429.75,33.99,0.39643098293292744,0.37957052336060726,0.01686045956120325,MarketGridChoice,21
1718907430.0,33.99,0.39643098293292744,0.37818222473316115,0.018248758188637082,MarketGridChoice,21
1718907430.25,33.99,0.39643098293292744,0.3766488944724825,0.019782088449326152,MarketGridChoice,21
1718907430.5,33.99,0.39643098293292744,0.3749726150239617,0.021458367897881185,MarketGridChoice,21
1718907430.75,33.99,0.39643098293292744,0.3731593491366954,0.023271633785205983,MarketGridChoice,21
1718907431.0,33.99,0.39643098293292744,0.37121878405665304,0.025212198865331246,MarketGridChoice,21
1718907431.25,33.99,0.39643098293292744,0.3691640531448878,0.02726692977720248,MarketGridChoice,21
1718907431.5,33.99,0.39643098293292744,0.36701134394420104,0.029419638978015788,MarketGridChoice,21
1718907431.75,33.99,0.39643098293292744,0.36477940632076555,0.03165157660159464,MarketGridChoice,21
1718907432.0,33.97,0.3556356663747477,0.3624889785577791,-0.006853312193442897,MarketGridChoice,21
1718907432.25,33.97,0.3556356663747477,0.3601621529436482,-0.004526486579148689,ForecastPage,21
1718907432.5,33.97,0.3556356663747477,0.35782170524264906,-0.002186038877983979,ForecastPage,21
1718907432.75,33.97,0.3556356663747477,0.3554904142513685,0.0001452521134591581,ForecastPage,21
1718907433.0,33.95,0.31484034981658243,0.3531903982772675,-0.0383500484704504,ForecastPage,21
1718907433.25,33.95,0.31484034981658243,0.3509424947505201,-0.03610214494356072,ForecastPage,21
1718907433.5,33.95,0.31484034981658243,0.3487657072943329,-0.0339253574872472,ForecastPage,21
1718907433.75,33.95,0.31484034981658243,0.3466767414973803,-0.031836391690186414,ForecastPage,21
1718907434.0,33.95,0.31484034981658243,0.34468964649327594,-0.029849296685993343,ForecastPage,21
1718907434.25,33.95,0.31484034981658243,0.3428155744708252,-0.027975224663473942,ForecastPage,21
1718907434.5,33.95,0.31484034981658243,0.3410626646875554,-0.026222314880155088,ForecastPage,21
1718907434.75,33.95,0.31484034981658243,0.33943605273459837,-0.024595702927166722,ForecastPage,21
1718907435.0,33.95,0.31484034981658243,0.33793799999769386,-0.023097650190246156,ForecastPage,21
1718907435.25,33.95,0.31484034981658243,0.3365681327564881,-0.021727782949037017,ForecastPage,21
1718907435.5,33.95,0.31484034981658243,0.3353237754249714,-0.020483425617527258,ForecastPage,21
1718907435.75,33.95,0.31484034981658243,0.33420035830609934,-0.019360008498669923,ForecastPage,21
1718907436.0,33.99,0.39643098293292744,0.3331918771437229,0.06323910578003178,ForecastPage,21
1718907436.25,33.99,0.39643098293292744,0.33229137991384944,0.06413960300988336,ForecastPage,21
1718907436.5,33.99,0.39643098293292744,0.33149145586760514,0.06493952705610587,ForecastPage,21
1718907436.75,33.99,0.39643098293292744,0.33078470288178585,0.06564628004190494,ForecastPage,21
1718907437.0,33.95,0.31484034981658243,0.33016415158525303,-0.015323801777924875,ForecastPage,21
1718907437.25,33.95,0.31484034981658243,0.3296236282168507,-0.014783278409536943,ForecastPage,21
1718907437.5,33.95,0.31484034981658243,0.32915804230795054,-0.014317692500647586,ForecastPage,21
1718907437.75,33.95,0.31484034981658243,0.3287635896375875,-0.013923239830291055,ForecastPage,21
1718907438.0,33.97,0.3556356663747477,0.32843786516352663,0.027197801201933665,ForecastPage,21
1718907438.25,33.97,0.3556356663747477,0.3281798846420293,0.0274557817234353,ForecastPage,21
1718907438.5,33.97,0.3556356663747477,0.3279900173997134,0.027645648965762184,ForecastPage,21
1718907438.75,33.97,0.3556356663747477,0.32786983624010946,0.027765830125385107,ForecastPage,21
1718907439.0,33.95,0.31484034981658243,0.3278218937347314,-0.012981543927373905,ForecastPage,21
1718907439.25,33.95,0.31484034981658243,0.32784943705750275,-0.013009087250106476,ForecastPage,21
1718907439.5,33.95,0.31484034981658243,0.32795607590297476,-0.013115726095527962,ForecastPage,21
1718907439.75,33.95,0.31484034981658243,0.3281454197119667,-0.013305069904456322,ForecastPage,21
1718907440.0,33.95,0.31484034981658243,0.32842070130233136,-0.013580351494743379,ForecastPage,21
1718907440.25,33.95,0.31484034981658243,0.32878440404639303,-0.013944054238713121,ForecastPage,21
1718907440.5,33.95,0.31484034981658243,0.3292379090071245,-0.014397559199339162,ForecastPage,21
1718907440.75,33.95,0.31484034981658243,0.32978117704490895,-0.014940827237006212,ForecastPage,21
1718907441.0,33.95,0.31484034981658243,0.33041247895688397,-0.01557212914885405,ForecastPage,21
1718907441.25,33.95,0.31484034981658243,0.33112818433882796,-0.016287834530663813,ForecastPage,21
1718907441.5,33.95,0.31484034981658243,0.33192261719653576,-0.017082267388233416,ForecastPage,21
1718907441.75,33.95,0.31484034981658243,0.33278798351508965,-0.017947633706647974,ForecastPage,21
1718907442.0,33.97,0.3556356663747477,0.3337143731604879,0.021921293206257,ForecastPage,21
1718907442.25,33.97,0.3556356663747477,0.3346898357810052,0.02094583058587382,ForecastPage,21
1718907442.5,33.97,0.3556356663747477,0.33570052792756055,0.01993513843944638,ForecastPage,21
1718907442.75,33.97,0.3556356663747477,0.3367309265180895,0.018904739849037008,ForecastPage,21
1718907443.0,33.95,0.31484034981658243,0.3377641020555206,-0.02292375224645004,ForecastPage,21
1718907443.25,33.95,0.31484034981658243,0.3387820436160096,-0.02394169380684191,ForecastPage,21
1718907443.5,33.95,0.31484034981658243,0.3397660264447313,-0.02492567663548028,ForecastPage,21
1718907443.75,33.95,0.31484034981658243,0.3406970119311715,-0.025856662121852017,ForecastPage,21
1718907444.0,33.97,0.3556356663747477,0.34155606875532146,0.014079597612216044,ForecastPage,21
1718907444.25,33.97,0.3556356663747477,0.3423248031669975,0.013310863200576338,ForecastPage,21
1718907444.5,33.97,0.3556356663747477,0.3429857858195141,0.012649880548079542,ForecastPage,21
1718907444.75,33.97,0.3556356663747477,0.3435229624719213,0.012112703895676412,ForecastPage,21
1718907445.0,33.97,0.3556356663747477,0.34392203629387746,0.011713630073710214,ForecastPage,21
1718907445.25,33.97,0.3556356663747477,0.3441708104646633,0.011464855902902207,ForecastPage,21
1718907445.5,33.97,0.3556356663747477,0.34425948119280037,0.011376185174732977,ForecastPage,21
1718907445.75,33.97,0.3556356663747477,0.34418087309650947,0.011454793270984075,ForecastPage,21
1718907446.0,33.97,0.3556356663747477,0.34393061096725147,0.011705055400196522,ForecastPage,21
1718907446.25,33.97,0.3556356663747477,0.343507224178111,0.012128442189287065,ForecastPage,21
1718907446.5,33.97,0.3556356663747477,0.34291218228692516,0.012723484080419779,ForecastPage,21
1718907446.75,33.97,0.3556356663747477,0.34214986261268715,0.013485803754602222,ForecastPage,21
1718907447.0,33.95,0.31484034981658243,0.3412274526243219,-0.026387102815254675,ForecastPage,21
1718907447.25,33.95,0.31484034981658243,0.3401547917662422,-0.025314441957231697,ForecastPage,21
1718907447.5,33.95,0.31484034981658243,0.3389441587607743,-0.024103808951818805,ForecastPage,21
1718907447.75,33.95,0.31484034981658243,0.3376100114183273,-0.022769661609423845,ForecastPage,21
1718907448.0,33.97,0.3556356663747477,0.33616868656751137,0.019466979799509197,ForecastPage,21
1718907448.25,33.97,0.3556356663747477,0.3346380679862328,0.020997598380743825,ForecastPage,21
1718907448.5,33.97,0.3556356663747477,0.33303723031955323,0.022598436047383905,ForecastPage,21
1718907448.75,33.97,0.3556356663747477,0.3313860670480961,0.02424959931880613,ForecastPage,21
1718907449.0,33.95,0.31484034981658243,0.3297049106860697,-0.01486456087736331,ForecastPage,21
1718907449.25,33.95,0.31484034981658243,0.3280141535050588,-0.013173803696379171,ForecastPage,21
1718907449.5,33.95,0.31484034981658243,0.3263338770880594,-0.01149352727940352,ForecastPage,21
1718907449.75,33.95,0.31484034981658243,0.3246834987925325,-0.009843148983898244,ForecastPage,21
1718907450.0,33.95,0.31484034981658243,0.32308144266244454,-0.008241092853830526,ForecastPage,21
1718907450.25,33.95,0.31484034981658243,0.3215448414728151,-0.006704491664220543,ForecastPage,21
1718907450.5,33.95,0.31484034981658243,0.32008927547385113,-0.005248925665275512,ForecastPage,21
1718907450.75,33.95,0.31484034981658243,0.3187285521121218,-0.0038882023035643146,ForecastPage,21
1718907451.0,33.95,0.31484034981658243,0.3174745296317813,-0.002634179823240373,ForecastPage,21
1718907451.25,33.95,0.31484034981658243,0.31633698607689403,-0.001496636268366873,ForecastPage,21
1718907451.5,33.95,0.31484034981658243,0.3153235338899832,-0.0004831840814651595,ForecastPage,21
1718907451.75,33.95,0.31484034981658243,0.3144395790821071,0.0004007707264088655,ForecastPage,21
1718907452.0,33.95,0.31484034981658243,0.31368832287360104,0.001152026934923071,ForecastPage,21
1718907452.25,33.95,0.31484034981658243,0.3130708027980405,0.0017695470105048806,ForecastPage,21
1718907452.5,33.95,0.31484034981658243,0.3125859695403995,0.002254380268182788,ForecastPage,21
1718907452.75,33.95,0.31484034981658243,0.3122307952497924,0.002609554558844281,ForecastPage,21
1718907453.0,33.95,0.31484034981658243,0.312000408725405,0.0028399410833042467,ForecastPage,21
1718907453.25,33.95,0.31484034981658243,0.3118882527120284,0.0029520970967711786,ForecastPage,21
1718907453.5,33.95,0.31484034981658243,0.3118862585440254,0.00295409126488118,ForecastPage,21
1718907453.75,33.95,0.31484034981658243,0.31198503352404094,0.0028553162849877167,ForecastPage,21
1718907454.0,33.95,0.31484034981658243,0.3121740566924002,0.0026662931167636215,ForecastPage,21
1718907454.25,33.95,0.31484034981658243,0.31244187900977777,0.0023984707995318762,ForecastPage,21
1718907454.5,33.95,0.31484034981658243,0.31277632441308884,0.0020640253963748164,ForecastPage,21
1718907454.75,33.95,0.31484034981658243,0.3131646886862373,0.001675661123386278,ForecastPage,21
1718907455.0,33.95,0.31484034981658243,0.3135939335877487,0.0012464162220379481,ForecastPage,21
1718907455.25,33.95,0.31484034981658243,0.31405087417244576,0.0007894756375039849,ForecastPage,21
1718907455.5,33.95,0.31484034981658243,0.31452235771256604,0.0003179920975434863,ForecastPage,21
1718907455.75,33.95,0.31484034981658243,0.31499543304644034,-0.0001550832361779113,ForecastPage,21
1718907456.0,33.95,0.31484034981658243,0.31545750954487783,-0.0006171597344731515,ForecastPage,21
1718907456.25,33.95,0.31484034981658243,0.31589650517542595,-0.0010561553648934332,ForecastPage,21
1718907456.5,33.95,0.31484034981658243,0.31630098335549073,-0.0014606335448480842,ForecastPage,21
1718907456.75,33.95,0.31484034981658243,0.31666027841396877,-0.0018199286032363144,ForecastPage,21
1718907457.0,33.95,0.31484034981658243,0.3169646095288783,-0.002124259718078103,ForecastPage,21
1718907457.25,33.95,0.31484034981658243,0.3172051829809794,-0.0023648331701342437,ForecastPage,21
1718907457.5,33.95,0.31484034981658243,0.31737428247000365,-0.0025339326591357647,ForecastPage,21
1718907457.75,33.95,0.31484034981658243,0.31746534709398383,-0.002624997283113942,ForecastPage,21
1718907458.0,33.95,0.31484034981658243,0.31747303640964286,-0.0026326865987893757,ForecastPage,21
1718907458.25,33.95,0.31484034981658243,0.31739328179195875,-0.0025529319811367426,ForecastPage,21
1718907458.5,33.95,0.31484034981658243,0.31722332311511675,-0.002382973304337524,ForecastPage,21
1718907458.75,33.95,0.31484034981658243,0.31696172960784913,-0.0021213797971202145,ForecastPage,21
1718907459.0,33.95,0.31484034981658243,0.31660840361718046,-0.0017680538065060936,ForecastPage,21
1718907459.25,33.95,0.31484034981658243,0.31616456596941406,-0.0013242161587954564,ForecastPage,21
1718907459.5,33.95,0.31484034981658243,0.31563272166859274,-0.0007923718580288507,ForecastPage,21
1718907459.75,33.95,0.31484034981658243,0.31501660484184024,-0.0001762550313281529,ForecastPage,21
1718907460.0,33.95,0.31484034981658243,0.3143211021466682,0.0005192476637961834,ForecastPage,21
1718907460.25,33.95,0.31484034981658243,0.3135521543129856,0.0012881954974362823,ForecastPage,21
1718907460.5,33.95,0.31484034981658243,0.312716636113505,0.002123713696880347,ForecastPage,21
1718907460.75,33.95,0.31484034981658243,0.3118222158469333,0.003018133963422007,ForecastPage,21
1718907461.0,33.97,0.3556356663747477,0.3108771963791095,0.044758469989388316,ForecastPage,21
1718907461.25,33.97,0.3556356663747477,0.3098903409083211,0.04574532546016152,ForecastPage,21
1718907461.5,33.97,0.3556356663747477,0.30887068786877236,0.046764978499703604,ForecastPage,21
1718907461.75,33.97,0.3556356663747477,0.3078273606746105,0.04780830569386816,ForecastPage,21
1718907462.0,33.91,0.2332497167002229,0.30676937916484937,-0.07351966247088355,ForecastPage,21
1718907462.25,33.91,0.2332497167002229,0.30570548037444994,-0.07245576368046336,MarketWaitPage,21
1718907462.5,33.91,0.2332497167002229,0.3046439563292288,-0.07139423963521326,MarketWaitPage,21
1718907462.75,33.91,0.2332497167002229,0.3035925157225209,-0.07034279902846857,MarketWaitPage,21
1718907463.0,33.95,0.31484034981658243,0.3025581745671542,0.012282175243301732,MarketWaitPage,21
1718907463.25,33.95,0.31484034981658243,0.3015471784750921,0.013293171335414612,MarketWaitPage,21
1718907463.5,33.95,0.31484034981658243,0.3005649565374687,0.0142753932730946,MarketWaitPage,21
1718907463.75,33.95,0.31484034981658243,0.2996161043329075,0.015224245477717387,MarketWaitPage,21
1718907464.0,33.95,0.31484034981658243,0.29870439173946217,0.016135958071228695,MarketWaitPage,21
1718907464.25,33.95,0.31484034981658243,0.29783279013686526,0.017007559673895417,MarketWaitPage,21
1718907464.5,33.95,0.31484034981658243,0.29700351326816427,0.017836836542669435,MarketWaitPage,21
1718907464.75,33.95,0.31484034981658243,0.29621806639203385,0.018622283418875053,MarketWaitPage,21
1718907465.0,33.95,0.31484034981658243,0.29547729926556493,0.019363050545419945,MarketWaitPage,21
1718907465.25,33.95,0.31484034981658243,0.29478145980271053,0.02005889000834908,MarketWaitPage,21
1718907465.5,33.95,0.31484034981658243,0.29413024679753486,0.020710103013595903,MarketWaitPage,21
1718907465.75,33.95,0.31484034981658243,0.29352286171794884,0.021317488093246767,MarketWaitPage,21
1718907466.0,33.93,0.2740450332584027,0.2929580610917702,-0.0189130278386982,MarketWaitPage,21
1718907466.25,33.93,0.2740450332584027,0.29243421224655924,-0.01838917899344145,RoundResultsPage,21
1718907466.5,33.93,0.2740450332584027,0.2919493559618418,-0.017904322708689305,RoundResultsPage,21
1718907466.75,33.93,0.2740450332584027,0.291501279819661,-0.017456246566485045,RoundResultsPage,21
1718907467.0,33.93,0.2740450332584027,0.2910876056419484,-0.017042572388760033,RoundResultsPage,21
1718907467.25,33.93,0.2740450332584027,0.2907058934144474,-0.01666086016125764,RoundResultsPage,21
1718907467.5,33.93,0.2740450332584027,0.29035376262352897,-0.0163087293703483,RoundResultsPage,21
1718907467.75,33.93,0.2740450332584027,0.2900290301209565,-0.01598399686779434,RoundResultsPage,21
1718907468.0,33.93,0.2740450332584027,0.2897298616417634,-0.015684828388627677,RoundResultsPage,21
1718907468.25,33.93,0.2740450332584027,0.2894549320910016,-0.015409898837898575,RoundResultsPage,21
1718907468.5,33.93,0.2740450332584027,0.28920358784208955,-0.01515855458902405,RoundResultsPage,21
1718907468.75,33.93,0.2740450332584027,0.28897600270540746,-0.014930969452382748,RoundResultsPage,21
1718907469.0,33.95,0.31484034981658243,0.2887733180798029,0.02606703173135956,RoundResultsPage,21
1718907469.25,33.95,0.31484034981658243,0.28859775723440684,0.026242592576714838,RoundResultsPage,21
1718907469.5,33.95,0.31484034981658243,0.2884527038069313,0.026387646004153845,RoundResultsPage,21
1718907469.75,33.95,0.31484034981658243,0.2883427355237606,0.026497614287295267,RoundResultsPage,21
1718907470.0,33.95,0.31484034981658243,0.2882736058427882,0.026566743968248246,RoundResultsPage,21
1718907470.25,33.95,0.31484034981658243,0.2882521685926175,0.026588181218411083,RoundResultsPage,21
1718907470.5,33.95,0.31484034981658243,0.2882862435522766,0.026554106258756732,RoundResultsPage,21
1718907470.75,33.95,0.31484034981658243,0.28838442405888554,0.02645592575216548,RoundResultsPage,21
1718907471.0,33.93,0.2740450332584027,0.2885558309043445,-0.0145107976514431,RoundResultsPage,21
1718907471.25,33.93,0.2740450332584027,0.28880981974308384,-0.014764786490140899,RoundResultsPage,21
1718907471.5,33.93,0.2740450332584027,0.28915565175449826,-0.015110618501503793,RoundResultsPage,21
1718907471.75,33.93,0.2740450332584027,0.2896021392041913,-0.015557105951137126,RoundResultsPage,21
1718907472.0,33.93,0.2740450332584027,0.290157278725017,-0.016112245471896477,RoundResultsPage,21
1718907472.25,33.93,0.2740450332584027,0.2908278855849876,-0.016782852331795425,RoundResultsPage,21
1718907472.5,33.93,0.2740450332584027,0.2916192419978762,-0.017574208744608348,RoundResultsPage,21
1718907472.75,33.93,0.2740450332584027,0.2925347717851831,-0.018489738531836893,RoundResultsPage,21
1718907473.0,33.95,0.31484034981658243,0.2935757525570896,0.0212645972545163,RoundResultsPage,21
1718907473.25,33.95,0.31484034981658243,0.2947410751923848,0.02009927461930178,RoundResultsPage,21
1718907473.5,33.95,0.31484034981658243,0.29602705890036995,0.018813290911397065,RoundResultsPage,21
1718907473.75,33.95,0.31484034981658243,0.297427328641464,0.0174130211703826,RoundResultsPage,21
1718907474.0,33.93,0.2740450332584027,0.2989327601985212,-0.02488772694477683,RoundResultsPage,21
1718907474.25,33.93,0.2740450332584027,0.3005314966783104,-0.026486463424491867,RoundResultsPage,21
1718907474.5,33.93,0.2740450332584027,0.3022090385822197,-0.02816400532833194,RoundResultsPage,21
1718907474.75,33.93,0.2740450332584027,0.303948407729026,-0.02990337447507558,RoundResultsPage,21
1718907475.0,33.95,0.31484034981658243,0.30573038322642654,0.009109966585758227,RoundResultsPage,21
1718907475.25,33.95,0.31484034981658243,0.3075338054581081,0.007306544354121475,RoundResultsPage,21
1718907475.5,33.95,0.31484034981658243,0.3093359418413158,0.005504407970946582,RoundResultsPage,21
1718907475.75,33.95,0.31484034981658243,0.3111129060935243,0.003727443718756428,RoundResultsPage,21
1718907476.0,33.95,0.31484034981658243,0.3128401210579089,0.0020002287543735508,RoundResultsPage,21
1718907476.25,33.95,0.31484034981658243,0.3144928138342477,0.0003475359780181755,RoundResultsPage,21
1718907476.5,33.95,0.31484034981658243,0.3160465310418865,-0.0012061812296565774,RoundResultsPage,21
1718907476.75,33.95,0.31484034981658243,0.31747766147360285,-0.0026373116614284327,RoundResultsPage,21
1718907477.0,33.95,0.31484034981658243,0.3187639531523314,-0.003923603340231166,RoundResultsPage,21
1718907477.25,33.95,0.31484034981658243,0.31988501185758766,-0.005044662045578635,RoundResultsPage,21
1718907477.5,33.95,0.31484034981658243,0.3208227685406582,-0.0059824187287554785,RoundResultsPage,21
1718907477.75,33.95,0.31484034981658243,0.3215619037070504,-0.0067215538952661805,RoundResultsPage,21
1718907478.0,33.97,0.3556356663747477,0.3220902178338783,0.03354544853594424,RoundResultsPage,21
1718907478.25,33.97,0.3556356663747477,0.32239893823943644,0.03323672813025488,RiskPage1,21
1718907478.5,33.97,0.3556356663747477,0.32248295455631576,0.03315271181324407,RiskPage1,21
1718907478.75,33.97,0.3556356663747477,0.3223409770661407,0.0332946893032912,RiskPage1,21
1718907479.0,33.95,0.31484034981658243,0.3219756145504703,-0.007135264739324739,RiskPage1,21
1718907479.25,33.95,0.31484034981658243,0.3213933708305607,-0.006553021019526262,RiskPage1,21
1718907479.5,33.95,0.31484034981658243,0.3206045615819231,-0.005764211770987663,RiskPage1,21
1718907479.75,33.95,0.31484034981658243,0.3196231550921138,-0.0047828052812638544,RiskPage1,21
1718907480.0,33.93,0.2740450332584027,0.3184665422165649,-0.044421508963966294,RiskPage1,21
1718907480.25,33.93,0.2740450332584027,0.3171552418025181,-0.0431102085499781,RiskPage1,21
1718907480.5,33.93,0.2740450332584027,0.3157125483094143,-0.04166751505692157,RiskPage1,21
1718907480.75,33.93,0.2740450332584027,0.31416412835162855,-0.040119095099173635,RiskPage1,21
1718907481.0,33.97,0.3556356663747477,0.31253757260758225,0.043098093761186826,RiskPage1,21
1718907481.25,33.97,0.3556356663747477,0.31086190923880447,0.04477375712993862,RiskPage1,21
1718907481.5,33.97,0.3556356663747477,0.3091670849372708,0.04646858143144897,RiskPage1,21
1718907481.75,33.97,0.3556356663747477,0.30748342020536096,0.04815224616333586,RiskPage1,21
1718907482.0,33.95,0.31484034981658243,0.3058410465528173,0.008999303257689356,RiskPage1,21
1718907482.25,33.95,0.31484034981658243,0.30426933485709534,0.010571014953381875,RiskPage1,21
1718907482.5,33.95,0.31484034981658243,0.3027963259110059,0.012044023899434705,RiskPage1,21
1718907482.75,33.95,0.31484034981658243,0.3014481758479831,0.013392173962410981,RiskPage1,21
1718907483.0,33.93,0.2740450332584027,0.30024863039374533,-0.026203597141589978,RiskPage1,21
1718907483.25,33.93,0.2740450332584027,0.2992185425216169,-0.025173509269534617,RiskPage2,21
1718907483.5,33.93,0.2740450332584027,0.2983754479451718,-0.02433041469317726,RiskPage2,21
1718907483.75,33.93,0.2740450332584027,0.29773321189978685,-0.023688178647894242,RiskPage2,21
1718907484.0,33.93,0.2740450332584027,0.2973017588603104,-0.023256725608532307,RiskPage2,21
1718907484.25,33.93,0.2740450332584027,0.29708689431801377,-0.02304186106636019,RiskPage2,21
1718907484.5,33.93,0.2740450332584027,0.2970902246680129,-0.023045191416490193,RiskPage2,21
1718907484.75,33.93,0.2740450332584027,0.29730917784705274,-0.023264144595663068,RiskPage2,21
1718907485.0,33.95,0.31484034981658243,0.29773712383005907,0.017103225979380077,RiskPage2,21
1718907485.25,33.95,0.31484034981658243,0.2983635906573315,0.016476759151985328,RiskPage2,21
1718907485.5,33.95,0.31484034981658243,0.29917456851948376,0.01566578128972347,RiskPage2,21
1718907485.75,33.95,0.31484034981658243,0.30015289172640824,0.014687458082706622,RiskPage2,21
1718907486.0,33.93,0.2740450332584027,0.3012786862060574,-0.027233652955193945,RiskPage2,21
1718907486.25,33.93,0.2740450332584027,0.3025298685089842,-0.028484835258169427,RiskPage2,21
1718907486.5,33.93,0.2740450332584027,0.30388268106995825,-0.029837647819167677,RiskPage2,21
1718907486.75,33.93,0.2740450332584027,0.3053122476405539,-0.031267214389762564,RiskPage2,21
1718907487.0,33.97,0.3556356663747477,0.3067931323678921,0.04884253399927074,RiskPage2,21
1718907487.25,33.97,0.3556356663747477,0.308299886059025,0.047335780308190384,RiskPage2,21
1718907487.5,33.97,0.3556356663747477,0.309807563897786,0.04582810246950782,RiskPage2,21
1718907487.75,33.97,0.3556356663747477,0.31129220039896743,0.0443434659684296,RiskPage2,21
1718907488.0,33.95,0.31484034981658243,0.31273122969510475,0.002109120114252974,RiskPage2,21
1718907488.25,33.95,0.31484034981658243,0.31410384218910214,0.0007365076204013665,RiskPage3,21
1718907488.5,33.95,0.31484034981658243,0.3153912718812899,-0.0005509220716245003,RiskPage3,21
1718907488.75,33.95,0.31484034981658243,0.3165770119712773,-0.0017366621614382204,RiskPage3,21
1718907489.0,33.95,0.31484034981658243,0.317646959380406,-0.002806609570386044,RiskPage3,21
1718907489.25,33.95,0.31484034981658243,0.31858949147644605,-0.0037491416662426124,RiskPage3,21
1718907489.5,33.95,0.31484034981658243,0.3193954804350969,-0.00455513062471219,RiskPage3,21
1718907489.75,33.95,0.31484034981658243,0.32005825232600144,-0.0052179025154424005,RiskPage3,21
1718907490.0,33.95,0.31484034981658243,0.3205734991751323,-0.005733149364411052,RiskPage3,21
1718907490.25,33.95,0.31484034981658243,0.3209391529549339,-0.006098803144067411,RiskPage3,21
1718907490.5,33.95,0.31484034981658243,0.32115523072190877,-0.006314880910917989,RiskPage3,21
1718907490.75,33.95,0.31484034981658243,0.3212236599993001,-0.00638331018820971,RiskPage3,21
1718907491.0,33.95,0.31484034981658243,0.32114809303714714,-0.006307743225984951,RiskPage3,21
1718907491.25,33.95,0.31484034981658243,0.3209337178250572,-0.006093368013853366,RiskPage3,21
1718907491.5,33.95,0.31484034981658243,0.3205870727397561,-0.005746722928542577,RiskPage3,21
1718907491.75,33.95,0.31484034981658243,0.32011587053708906,-0.00527552072589833,RiskPage3,21
1718907492.0,33.95,0.31484034981658243,0.3195288361045575,-0.004688486293421905,RiskPage3,21
1718907492.25,33.95,0.31484034981658243,0.3188355610329837,-0.003995211221934131,RiskPage3,21
1718907492.5,33.95,0.31484034981658243,0.31804637669982494,-0.003206026888889539,RiskPage3,21
1718907492.75,33.95,0.31484034981658243,0.3171722462342287,-0.002331896423432159,RiskPage3,21
1718907493.0,33.95,0.31484034981658243,0.3162246745030287,-0.001384324692391358,RiskPage3,21
1718907493.25,33.95,0.31484034981658243,0.31521563416005677,-0.00037528434959404125,RiskPage4,21
1718907493.5,33.95,0.31484034981658243,0.31415750487457916,0.0006828449356990492,RiskPage4,21
1718907493.75,33.95,0.31484034981658243,0.31306302212729387,0.0017773276827963429,RiskPage4,21
1718907494.0,33.95,0.31484034981658243,0.31194523145506414,0.002895118354841663,RiskPage4,21
1718907494.25,33.95,0.31484034981658243,0.3108174437506238,0.004022906059108203,RiskPage4,21
1718907494.5,33.95,0.31484034981658243,0.30969318718380284,0.005147162625772459,RiskPage4,21
1718907494.75,33.95,0.31484034981658243,0.3085861514995895,0.006254198309851605,RiskPage4,21
1718907495.0,33.95,0.31484034981658243,0.30751012084870555,0.007330228960627865,RiskPage4,21
1718907495.25,33.95,0.31484034981658243,0.30647889189118194,0.00836145791807315,RiskPage4,21
1718907495.5,33.95,0.31484034981658243,0.3055061746451676,0.009334175164040268,RiskPage4,21
1718907495.75,33.95,0.31484034981658243,0.30460547438403607,0.010234875425156309,RiskPage4,21
1718907496.0,33.93,0.2740450332584027,0.30378995375711887,-0.02974492050609024,RiskPage4,21
1718907496.25,33.93,0.2740450332584027,0.30307227515927204,-0.029027241908197082,RiskPage4,21
1718907496.5,33.93,0.2740450332584027,0.30246442414542496,-0.028419390894275212,RiskPage4,21
1718907496.75,33.93,0.2740450332584027,0.3019775153574239,-0.02793248210617331,RiskPage4,21
1718907497.0,33.97,0.3556356663747477,0.3016215830501269,0.054014083317593144,RiskPage4,21
1718907497.25,33.97,0.3556356663747477,0.30140535899891174,0.05423030736895361,RiskPage4,21
1718907497.5,33.97,0.3556356663747477,0.30133604150667626,0.05429962486135225,RiskPage4,21
1718907497.75,33.97,0.3556356663747477,0.3014190605200074,0.054216605848198436,RiskPage4,21
1718907498.0,33.93,0.2740450332584027,0.3016578454832956,-0.02761281223124723,RiskPage4,21
1718907498.25,33.93,0.2740450332584027,0.3020536042984673,-0.028008571046224638,RiskPage4,21
1718907498.5,33.93,0.2740450332584027,0.30260512328471334,-0.028560090032272598,RiskPage4,21
1718907498.75,33.93,0.2740450332584027,0.3033085990145212,-0.02926356576188132,RiskPage4,21
1718907499.0,33.95,0.31484034981658243,0.3041575131300664,0.010682836680950606,RiskPage4,21
1718907499.25,33.95,0.31484034981658243,0.30514256068671675,0.009697789124493532,PreMarketWait,22
1718907499.5,33.95,0.31484034981658243,0.30625164133957933,0.008588708471817759,PreMarketWait,22
1718907499.75,33.95,0.31484034981658243,0.3074699209459563,0.007370428865619091,PreMarketWait,22
1718907500.0,33.93,0.2740450332584027,0.3087799690247571,-0.034734935771193506,PreMarketWait,22
1718907500.25,33.93,0.2740450332584027,0.31016197504210535,-0.03611694178838626,PreMarketWait,22
1718907500.5,33.93,0.2740450332584027,0.31159404367775784,-0.03754901042389684,PreMarketWait,22
1718907500.75,33.93,0.2740450332584027,0.31305256607687537,-0.03900753282288703,PreMarketWait,22
1718907501.0,33.95,0.31484034981658243,0.31451266068570327,0.0003276891265769702,PreMarketWait,22
1718907501.25,33.95,0.31484034981658243,0.3159486737856268,-0.0011083239732497495,PreMarketWait,22
1718907501.5,33.95,0.31484034981658243,0.3173347265293407,-0.0024943767168818277,PreMarketWait,22
1718907501.75,33.95,0.31484034981658243,0.31864529241006323,-0.0038049425975373126,PreMarketWait,22
1718907502.0,33.95,0.31484034981658243,0.3198557868763565,-0.005015437063777914,PreMarketWait,22
1718907502.25,33.95,0.31484034981658243,0.32094314938102775,-0.00610279956841003,PreMarketWait,22
1718907502.5,33.95,0.31484034981658243,0.3218863975980128,-0.00704604778536891,PreMarketWait,22
1718907502.75,33.95,0.31484034981658243,0.32266713389932045,-0.007826784086662958,PreMarketWait,22
1718907503.0,33.99,0.39643098293292744,0.3232699854927482,0.07316099743625573,PreMarketWait,22
1718907503.25,33.99,0.39643098293292744,0.3236829619177598,0.07274802101123358,PreMarketWait,22
1718907503.5,33.99,0.39643098293292744,0.32389771689529134,0.07253326603367842,PreMarketWait,22
1718907503.75,33.99,0.39643098293292744,0.3239097057603116,0.0725212771686199,PreMarketWait,22
1718907504.0,33.95,0.31484034981658243,0.3237182346583274,-0.008877884845795672,PreMarketWait,22
1718907504.25,33.95,0.31484034981658243,0.3233264029688189,-0.008486053156360251,PreMarketWait,22
1718907504.5,33.95,0.31484034981658243,0.32274094552093824,-0.007900595708572322,PreMarketWait,22
1718907504.75,33.95,0.31484034981658243,0.32197198558279977,-0.007131635770546978,PreMarketWait,22
1718907505.0,33.93,0.2740450332584027,0.3210327129516297,-0.046987679697689966,PreMarketWait,22
1718907505.25,33.93,0.2740450332584027,0.3199390035461959,-0.045893970292408576,PreMarketWait,22
1718907505.5,33.93,0.2740450332584027,0.3187089976722067,-0.04466396441858882,PreMarketWait,22
1718907505.75,33.93,0.2740450332584027,0.31736265369117944,-0.04331762043774577,PreMarketWait,22
1718907506.0,33.95,0.31484034981658243,0.31592129237325545,-0.0010809425618381746,PreMarketWait,22
1718907506.25,33.95,0.31484034981658243,0.3144071450430423,0.0004332047681705267,MarketGridChoice,22
1718907506.5,33.95,0.31484034981658243,0.3128429160753845,0.0019974337356199606,MarketGridChoice,22
1718907506.75,33.95,0.31484034981658243,0.3112513676943248,0.0035889821164719997,MarketGridChoice,22
1718907507.0,33.95,0.31484034981658243,0.3096549326290624,0.005185417181531558,MarketGridChoice,22
1718907507.25,33.95,0.31484034981658243,0.3080753581378722,0.00676499167252711,MarketGridChoice,22
1718907507.5,33.95,0.31484034981658243,0.30653338328555274,0.008306966524663121,MarketGridChoice,22
1718907507.75,33.95,0.31484034981658243,0.3050484501538781,0.009791899656168187,MarketGridChoice,22
1718907508.0,33.95,0.31484034981658243,0.3036384488482685,0.011201900961624274,MarketGridChoice,22
1718907508.25,33.95,0.31484034981658243,0.30231949568961863,0.01252085412013887,MarketGridChoice,22
1718907508.5,33.95,0.31484034981658243,0.3011057437852032,0.013734606024438569,MarketGridChoice,22
1718907508.75,33.95,0.31484034981658243,0.3000092251799329,0.014831124629613699,MarketGridChoice,22
1718907509.0,33.93,0.2740450332584027,0.299039723908768,-0.02499469065747552,MarketGridChoice,22
1718907509.25,33.93,0.2740450332584027,0.29820467940339546,-0.02415964615215673,MarketGridChoice,22
1718907509.5,33.93,0.2740450332584027,0.2975091197564756,-0.023464086505270695,MarketGridChoice,22
1718907509.75,33.93,0.2740450332584027,0.2969556242534707,-0.02291059100228028,MarketGridChoice,22
1718907510.0,33.95,0.31484034981658243,0.29654431435147405,0.018296035457900647,MarketGridChoice,22
1718907510.25,33.95,0.31484034981658243,0.2962728720038108,0.018567477805587117,MarketGridChoice,22
1718907510.5,33.95,0.31484034981658243,0.2961365840393508,0.01870376577008862,MarketGridChoice,22
1718907510.75,33.95,0.31484034981658243,0.2961284113408672,0.018711938468630708,MarketGridChoice,22
1718907511.0,33.95,0.31484034981658243,0.29623908189527204,0.018601267914299453,MarketGridChoice,22
1718907511.25,33.95,0.31484034981658243,0.29645720738415804,0.01838314242549912,MarketGridChoice,22
1718907511.5,33.95,0.31484034981658243,0.29676942373946763,0.018070926070283752,MarketGridChoice,22
1718907511.75,33.95,0.31484034981658243,0.29716055685398535,0.017679792955865282,MarketGridChoice,22
1718907512.0,33.93,0.2740450332584027,0.29761381524086616,-0.02356878198909433,MarketGridChoice,22
1718907512.25,33.93,0.2740450332584027,0.2981110117126191,-0.024065978460747744,MarketGridChoice,22
1718907512.5,33.93,0.2740450332584027,0.2986328159481604,-0.024587782696193612,MarketGridChoice,22
1718907512.75,33.93,0.2740450332584027,0.2991590390343991,-0.0251140057823434,MarketGridChoice,22
1718907513.0,33.93,0.2740450332584027,0.2996689496855526,-0.02562391643341642,MarketGridChoice,22
1718907513.25,33.93,0.2740450332584027,0.3001416199359759,-0.026096586683769303,MarketGridChoice,22
1718907513.5,33.93,0.2740450332584027,0.30055629583022775,-0.026511262577961957,MarketGridChoice,22
1718907513.75,33.93,0.2740450332584027,0.3008927862061449,-0.02684775295383134,MarketGridChoice,22
1718907514.0,33.95,0.31484034981658243,0.30113186031265465,0.013708489497875176,MarketGridChoice,22
1718907514.25,33.95,0.31484034981658243,0.3012556429582467,0.013584706852308708,MarketGridChoice,22
1718907514.5,33.95,0.31484034981658243,0.301247994370567,0.013592355440003702,MarketGridChoice,22
1718907514.75,33.95,0.31484034981658243,0.3010948611436251,0.013745488666951217,MarketGridChoice,22
1718907515.0,33.95,0.31484034981658243,0.3007845846625733,0.014055765147999274,MarketGridChoice,22
1718907515.25,33.95,0.31484034981658243,0.3003081542411677,0.014532195569391792,MarketGridChoice,22
1718907515.5,33.95,0.31484034981658243,0.29965939382097345,0.0151809559895634,MarketGridChoice,22
1718907515.75,33.95,0.31484034981658243,0.29883507335638226,0.016005276454122256,MarketGridChoice,22
1718907516.0,33.95,0.31484034981658243,0.297834938819517,0.01700541099094563,MarketGridChoice,22
1718907516.25,33.95,0.31484034981658243,0.2966616579713419,0.01817869183906963,MarketGridChoice,22
1718907516.5,33.95,0.31484034981658243,0.2953206825221113,0.019519667288240415,MarketGridChoice,22
1718907516.75,33.95,0.31484034981658243,0.29382003090192343,0.021020318908360133,MarketGridChoice,22
1718907517.0,33.95,0.31484034981658243,0.29216999942914573,0.022670350381062212,MarketGridChoice,22
1718907517.25,33.95,0.31484034981658243,0.290382813040081,0.02445753677004537,MarketGridChoice,22
1718907517.5,33.95,0.31484034981658243,0.28847222975580505,0.02636812005423611,MarketGridChoice,22
1718907517.75,33.95,0.31484034981658243,0.2864531155275417,0.028387234282413278,MarketGridChoice,22
1718907518.0,33.91,0.2332497167002229,0.2843410078230305,-0.05109129112951935,MarketGridChoice,22
1718907518.25,33.91,0.2332497167002229,0.2821516870880316,-0.048901970394600605,MarketGridChoice,22
1718907518.5,33.91,0.2332497167002229,0.27990077485130316,-0.04665105815794609,MarketGridChoice,22
1718907518.75,33.91,0.2332497167002229,0.27760337562156306,-0.044353658928271894,MarketGridChoice,22
1718907519.0,33.91,0.2332497167002229,0.2752737768721456,-0.042024060178910694,MarketGridChoice,22
1718907519.25,33.91,0.2332497167002229,0.272925217512221,-0.03967550081903114,MarketGridChoice,22
1718907519.5,33.91,0.2332497167002229,0.27056973062745526,-0.037320013934297694,MarketGridChoice,22
1718907519.75,33.91,0.2332497167002229,0.2682180613311584,-0.03496834463801844,MarketGridChoice,22
1718907520.0,33.93,0.2740450332584027,0.26587965570443456,0.008165377546884213,MarketGridChoice,22
1718907520.25,33.93,0.2740450332584027,0.26356271240786483,0.010482320843471407,MarketGridChoice,22
1718907520.5,33.93,0.2740450332584027,0.261274284967297,0.012770748284076736,MarketGridChoice,22
1718907520.75,33.93,0.2740450332584027,0.2590204202553721,0.015024612996061152,MarketGridChoice,22
1718907521.0,33.95,0.31484034981658243,0.2568063174911468,0.05803403231854962,MarketGridChoice,22
1718907521.25,33.95,0.31484034981658243,0.25463649222606355,0.06020385758374108,MarketGridChoice,22
1718907521.5,33.95,0.31484034981658243,0.25251493122267116,0.062325418587265875,MarketGridChoice,22
1718907521.75,33.95,0.31484034981658243,0.2504452266994544,0.06439512311063732,MarketGridChoice,22
1718907522.0,33.91,0.2332497167002229,0.2484306818323614,-0.015180965138455377,MarketGridChoice,22
1718907522.25,33.91,0.2332497167002229,0.2464743832819723,-0.013224666587877812,MarketGridChoice,22
1718907522.5,33.91,0.2332497167002229,0.24457924040036602,-0.011329523706073714,MarketGridChoice,22
1718907522.75,33.91,0.2332497167002229,0.2427479942341171,-0.009498277539623592,MarketGridChoice,22
1718907523.0,33.91,0.2332497167002229,0.24098320217018435,-0.007733485475492583,MarketGridChoice,22
1718907523.25,33.91,0.2332497167002229,0.23928720592538633,-0.006037489230505498,MarketGridChoice,22
1718907523.5,33.91,0.2332497167002229,0.2376620915509511,-0.004412374855896208,MarketGridChoice,22
1718907523.75,33.91,0.2332497167002229,0.23610965027613792,-0.002859933580929273,MarketGridChoice,22
1718907524.0,33.89,0.19245440014205767,0.23463134843079106,-0.042176948293618975,MarketGridChoice,22
1718907524.25,33.89,0.19245440014205767,0.23322831344224712,-0.04077391330497517,MarketGridChoice,22
1718907524.5,33.89,0.19245440014205767,0.2319013410752903,-0.03944694093794977,MarketGridChoice,22
1718907524.75,33.89,0.19245440014205767,0.23065092678233762,-0.038196526644960815,MarketGridChoice,22
1718907525.0,33.91,0.2332497167002229,0.22947732142548424,0.0037723952700621025,MarketGridChoice,22
1718907525.25,33.91,0.2332497167002229,0.22838060896942178,0.00486910772609838,MarketGridChoice,22
1718907525.5,33.91,0.2332497167002229,0.22736080131980604,0.005888915375659876,MarketGridChoice,22
1718907525.75,33.91,0.2332497167002229,0.22641794357826198,0.006831773117125205,MarketGridChoice,22
1718907526.0,33.93,0.2740450332584027,0.22555222181232942,0.04849281144113861,MarketGridChoice,22
1718907526.25,33.93,0.2740450332584027,0.22476406510105418,0.04928096815229981,MarketGridChoice,22
1718907526.5,33.93,0.2740450332584027,0.22405423411468262,0.04999079913854745,MarketGridChoice,22
1718907526.75,33.93,0.2740450332584027,0.223423889721322,0.050621143531779586,MarketGridChoice,22
1718907527.0,33.89,0.19245440014205767,0.22287463688287287,-0.03042023674624389,MarketGridChoice,22
1718907527.25,33.89,0.19245440014205767,0.22240854110734354,-0.029954140970836048,MarketGridChoice,22
1718907527.5,33.89,0.19245440014205767,0.22202811661278143,-0.029573716476384557,MarketGridChoice,22
1718907527.75,33.89,0.19245440014205767,0.22173628681548233,-0.02928188667918119,MarketGridChoice,22
1718907528.0,33.89,0.19245440014205767,0.22153631860145184,-0.029081918465228507,MarketGridChoice,22
1718907528.25,33.89,0.19245440014205767,0.22143173207350844,-0.028977331937342445,ForecastPage,22
1718907528.5,33.89,0.19245440014205767,0.22142618723665383,-0.02897178710052299,ForecastPage,22
1718907528.75,33.89,0.19245440014205767,0.22152334862687026,-0.029068948490751235,ForecastPage,22
1718907529.0,33.93,0.2740450332584027,0.2217267284688377,0.052318304783638386,ForecastPage,22
1718907529.25,33.93,0.2740450332584027,0.22203950882988918,0.052005524422623066,ForecastPage,22
1718907529.5,33.93,0.2740450332584027,0.2224643436508536,0.051580689601718493,ForecastPage,22
1718907529.75,33.93,0.2740450332584027,0.22300314262002766,0.05104189063262665,ForecastPage,22
1718907530.0,33.91,0.2332497167002229,0.22365684060023022,0.009592876094347023,ForecastPage,22
1718907530.25,33.91,0.2332497167002229,0.2244251585247903,0.008824558169907674,ForecastPage,22
1718907530.5,33.91,0.2332497167002229,0.22530636401394918,0.007943352680884547,ForecastPage,22
1718907530.75,33.91,0.2332497167002229,0.2262970420554218,0.006952674639559481,ForecastPage,22
1718907531.0,33.89,0.19245440014205767,0.2273918876187041,-0.03493748748173181,ForecastPage,22
1718907531.25,33.89,0.19245440014205767,0.22858353280517968,-0.036129132668045266,ForecastPage,22
1718907531.5,33.89,0.19245440014205767,0.2298624209494658,-0.037408020812165765,ForecastPage,22
1718907531.75,33.89,0.19245440014205767,0.23121673895348585,-0.03876233881601878,ForecastPage,22
1718907532.0,33.91,0.2332497167002229,0.23263241712885882,0.0006172995669399342,ForecastPage,22
1718907532.25,33.91,0.2332497167002229,0.23409320312460977,-0.0008434864286470424,ForecastPage,22
1718907532.5,33.91,0.2332497167002229,0.23558081337793269,-0.002331096681810401,ForecastPage,22
1718907532.75,33.91,0.2332497167002229,0.23707516220958857,-0.0038254455133134753,ForecastPage,22
1718907533.0,33.91,0.2332497167002229,0.23855466540741502,-0.0053049487109964235,ForecastPage,22
1718907533.25,33.91,0.2332497167002229,0.2399966120392994,-0.006746895342748806,ForecastPage,22
1718907533.5,33.91,0.2332497167002229,0.2413775953844627,-0.00812787868779338,ForecastPage,22
1718907533.75,33.91,0.2332497167002229,0.24267399131167594,-0.009424274614902296,ForecastPage,22
1718907534.0,33.91,0.2332497167002229,0.24386247020470733,-0.01061275350784464,ForecastPage,22
1718907534.25,33.91,0.2332497167002229,0.24492052668833428,-0.011670809991398485,ForecastPage,22
1718907534.5,33.91,0.2332497167002229,0.24582701000491788,-0.01257729330792563,ForecastPage,22
1718907534.75,33.91,0.2332497167002229,0.24656263700672812,-0.013312920309696651,ForecastPage,22
1718907535.0,33.93,0.2740450332584027,0.24711046944927564,0.026934563805957327,ForecastPage,22
1718907535.25,33.93,0.2740450332584027,0.24745633768932362,0.02658869556591366,ForecastPage,22
1718907535.5,33.93,0.2740450332584027,0.24758919409438973,0.026455839160835066,ForecastPage,22
1718907535.75,33.93,0.2740450332584027,0.24750138150837903,0.02654365174681756,ForecastPage,22
1718907536.0,33.93,0.2740450332584027,0.2471888049690639,0.026856228286090342,ForecastPage,22
1718907536.25,33.93,0.2740450332584027,0.246650998427217,0.027394034827882774,ForecastPage,22
1718907536.5,33.93,0.2740450332584027,0.24589108228907972,0.028153950965955736,ForecastPage,22
1718907536.75,33.93,0.2740450332584027,0.2449156119648057,0.029129421290158133,ForecastPage,22
1718907537.0,33.91,0.2332497167002229,0.24373432200961534,-0.010484605312907833,ForecastPage,22
1718907537.25,33.91,0.2332497167002229,0.24235977464277167,-0.009110057946143599,ForecastPage,22
1718907537.5,33.91,0.2332497167002229,0.2408069251846548,-0.007557208488107104,ForecastPage,22
1718907537.75,33.91,0.2332497167002229,0.23909262006430018,-0.005842903367832102,ForecastPage,22
1718907538.0,33.91,0.2332497167002229,0.23723504538801155,-0.00398532869162112,ForecastPage,22
1718907538.25,33.91,0.2332497167002229,0.23525314557614074,-0.0020034288798251067,ForecastPage,22
1718907538.5,33.91,0.2332497167002229,0.23316603228735877,8.368440888540003e-05,ForecastPage,22
1718907538.75,33.91,0.2332497167002229,0.23099240380557792,0.0022573128905981916,ForecastPage,22
1718907539.0,33.89,0.19245440014205767,0.2287499943132804,-0.03629559417533472,ForecastPage,22
1718907539.25,33.89,0.19245440014205767,0.22645507105584145,-0.03400067091795848,ForecastPage,22
1718907539.5,33.89,0.19245440014205767,0.2241219953528002,-0.03166759521497759,ForecastPage,22
1718907539.75,33.89,0.19245440014205767,0.22176286079760066,-0.029308460659835615,ForecastPage,22
1718907540.0,33.91,0.2332497167002229,0.21938721892839388,0.013862497767482523,ForecastPage,22
1718907540.25,33.91,0.2332497167002229,0.21700189933963107,0.016247817356196126,ForecastPage,22
1718907540.5,33.91,0.2332497167002229,0.2146109278680546,0.018638788827729062,ForecastPage,22
1718907540.75,33.91,0.2332497167002229,0.2122155433363406,0.02103417335940582,ForecastPage,22
1718907541.0,33.89,0.19245440014205767,0.20981431049918806,-0.017359910361637632,ForecastPage,22
1718907541.25,33.89,0.19245440014205767,0.20740332432781794,-0.014948924190291915,ForecastPage,22
1718907541.5,33.89,0.19245440014205767,0.2049764985241674,-0.012522098386659568,ForecastPage,22
1718907541.75,33.89,0.19245440014205767,0.20252592908774977,-0.010071528950254063,ForecastPage,22
1718907542.0,33.89,0.19245440014205767,0.20004232181740783,-0.007587921679918123,ForecastPage,22
1718907542.25,33.89,0.19245440014205767,0.19751547083576212,-0.005061070698271931,ForecastPage,22
1718907542.5,33.89,0.19245440014205767,0.19493477364995243,-0.002480373512455002,ForecastPage,22
1718907542.75,33.89,0.19245440014205767,0.19228976700407796,0.00016463313343355497,ForecastPage,22
1718907543.0,33.89,0.19245440014205767,0.18957066692609978,0.0028837332114326226,ForecastPage,22
1718907543.25,33.89,0.19245440014205767,0.18676889599483767,0.0056855041427221805,ForecastPage,22
1718907543.5,33.89,0.19245440014205767,0.1838775809976942,0.008576819139899296,ForecastPage,22
1718907543.75,33.89,0.19245440014205767,0.18089200483927886,0.011562395298353983,ForecastPage,22
1718907544.0,33.89,0.19245440014205767,0.17780999779279144,0.01464440234488604,ForecastPage,22
1718907544.25,33.89,0.19245440014205767,0.17463225493197973,0.01782214520574742,ForecastPage,22
1718907544.5,33.89,0.19245440014205767,0.17136256878760195,0.02109183135017972,ForecastPage,22
1718907544.75,33.89,0.19245440014205767,0.16800796885744448,0.02444643128039613,ForecastPage,22
1718907545.0,33.87,0.15165908358387792,0.16457876245439265,-0.012919678874669254,ForecastPage,22
1718907545.25,33.87,0.15165908358387792,0.16108847436910265,-0.009429390789314103,ForecastPage,22
1718907545.5,33.87,0.15165908358387792,0.15755368580587023,-0.005894602226015141,ForecastPage,22
1718907545.75,33.87,0.15165908358387792,0.1539937758899204,-0.0023346923099986116,ForecastPage,22
1718907546.0,33.87,0.15165908358387792,0.15043057165603663,0.0012285119239507612,ForecastPage,22
1718907546.25,33.87,0.15165908358387792,0.14688791478856694,0.004771168791484092,ForecastPage,22
1718907546.5,33.87,0.15165908358387792,0.14339115551345186,0.008267928066660424,ForecastPage,22
1718907546.75,33.87,0.15165908358387792,0.13996658597794268,0.01169249760222836,ForecastPage,22
1718907547.0,33.87,0.15165908358387792,0.13664082721079254,0.015018256369434838,ForecastPage,22
1718907547.25,33.87,0.15165908358387792,0.13344018532331617,0.018218898256965477,ForecastPage,22
1718907547.5,33.87,0.15165908358387792,0.1303899939458247,0.02126908963450983,ForecastPage,22
1718907547.75,33.87,0.15165908358387792,0.12751396091821116,0.024145122662175746,ForecastPage,22
1718907548.0,33.84,0.09046610874663003,0.1248335378604403,-0.034367429117248716,ForecastPage,22
1718907548.25,33.84,0.09046610874663003,0.12236733130577163,-0.03190122256252681,ForecastPage,22
1718907548.5,33.84,0.09046610874663003,0.1201305734496186,-0.029664464706319546,ForecastPage,22
1718907548.75,33.84,0.09046610874663003,0.11813466915166974,-0.027668560408315102,ForecastPage,22
1718907549.0,33.84,0.09046610874663003,0.11638683362046762,-0.02592072487705565,ForecastPage,22
1718907549.25,33.84,0.09046610874663003,0.11488983231603618,-0.024423723572564934,ForecastPage,22
1718907549.5,33.84,0.09046610874663003,0.1136418312296524,-0.023175722486119977,ForecastPage,22
1718907549.75,33.84,0.09046610874663003,0.11263636208895164,-0.022170253345356574,ForecastPage,22
1718907550.0,33.87,0.15165908358387792,0.11186240344571671,0.039796680135189645,ForecastPage,22
1718907550.25,33.87,0.15165908358387792,0.11130457527111746,0.04035450830985223,ForecastPage,22
1718907550.5,33.87,0.15165908358387792,0.11094344180848933,0.040715641772542756,ForecastPage,22
1718907550.75,33.87,0.15165908358387792,0.11075591513793948,0.04090316844315303,ForecastPage,22
1718907551.0,33.84,0.09046610874663003,0.11071575018501366,-0.02024964144111202,ForecastPage,22
1718907551.25,33.84,0.09046610874663003,0.1107941206097972,-0.02032801186584337,ForecastPage,22
1718907551.5,33.84,0.09046610874663003,0.11096026389812846,-0.020494155154128557,ForecastPage,22
1718907551.75,33.84,0.09046610874663003,0.11118218279440775,-0.020716074050368932,ForecastPage,22
1718907552.0,33.83,0.0700684504675329,0.11142738880730252,-0.04135893834232987,ForecastPage,22
1718907552.25,33.83,0.0700684504675329,0.11166367186315572,-0.04159522139816062,ForecastPage,22
1718907552.5,33.83,0.0700684504675329,0.11185987838011602,-0.04179142791510699,ForecastPage,22
1718907552.75,33.83,0.0700684504675329,0.11198667828238673,-0.04191822781737186,ForecastPage,22
1718907553.0,33.87,0.15165908358387792,0.1120173000271056,0.03964178355425301,ForecastPage,22
1718907553.25,33.87,0.15165908358387792,0.11192821188170986,0.03973087169964175,ForecastPage,22
1718907553.5,33.87,0.15165908358387792,0.11169972778068575,0.03995935580065453,ForecastPage,22
1718907553.75,33.87,0.15165908358387792,0.11131651735536933,0.040342566225956625,ForecastPage,22
1718907554.0,33.87,0.15165908358387792,0.11076800227001543,0.04089108131129436,ForecastPage,22
1718907554.25,33.87,0.15165908358387792,0.1100486247271674,0.041610458854125426,ForecastPage,22
1718907554.5,33.87,0.15165908358387792,0.10915797868384597,0.04250110489743,ForecastPage,22
1718907554.75,33.87,0.15165908358387792,0.10810079961406502,0.043558283967194966,ForecastPage,22
1718907555.0,33.84,0.09046610874663003,0.10688681419289356,-0.01642070544889613,ForecastPage,22
1718907555.25,33.84,0.09046610874663003,0.10553045668589138,-0.015064347941907051,ForecastPage,22
1718907555.5,33.84,0.09046610874663003,0.10405046374606557,-0.013584355002092482,ForecastPage,22
1718907555.75,33.84,0.09046610874663003,0.10246936344802604,-0.012003254704062046,ForecastPage,22
1718907556.0,33.84,0.09046610874663003,0.10081287753266008,-0.01034676878870279,ForecastPage,22
1718907556.25,33.84,0.09046610874663003,0.09910925793171492,-0.008643149187761852,ForecastPage,22
1718907556.5,33.84,0.09046610874663003,0.0973885797312,-0.006922470987248734,ForecastPage,22
1718907556.75,33.84,0.09046610874663003,0.0956820129099127,-0.0052159041659609814,ForecastPage,22
1718907557.0,33.83,0.0700684504675329,0.09402109455989373,-0.023952644095036793,ForecastPage,22
1718907557.25,33.83,0.0700684504675329,0.09243702195677339,-0.02236857149191284,ForecastPage,22
1718907557.5,33.83,0.0700684504675329,0.09095998489068638,-0.02089153442582174,ForecastPage,22
1718907557.75,33.83,0.0700684504675329,0.08961855319023315,-0.019550102725364688,ForecastPage,22
1718907558.0,33.84,0.09046610874663003,0.08843913249366776,0.0020269762503008285,ForecastPage,22
1718907558.25,33.84,0.09046610874663003,0.08744549819377398,0.0030206105501964474,MarketWaitPage,22
1718907558.5,33.84,0.09046610874663003,0.08665841427267257,0.003807694471298379,MarketWaitPage,22
1718907558.75,33.84,0.09046610874663003,0.08609534060354379,0.004370768140426246,MarketWaitPage,22
1718907559.0,33.83,0.0700684504675329,0.08577022933869922,-0.015701778873828752,MarketWaitPage,22
1718907559.25,33.83,0.0700684504675329,0.08569340828446133,-0.015624957819594758,MarketWaitPage,22
1718907559.5,33.83,0.0700684504675329,0.08587154670024398,-0.015803096235382546,MarketWaitPage,22
1718907559.75,33.83,0.0700684504675329,0.08630769676226363,-0.016239246297408118,MarketWaitPage,22
1718907560.0,33.84,0.09046610874663003,0.0870014020370381,0.0034647067069084013,MarketWaitPage,22
1718907560.25,33.84,0.09046610874663003,0.08794886279207291,0.002517245951868036,RoundResultsPage,22
1718907560.5,33.84,0.09046610874663003,0.0891431469365695,0.001322961807367103,RoundResultsPage,22
1718907560.75,33.84,0.09046610874663003,0.0905744349409978,-0.00010832619706385282,RoundResultsPage,22
1718907561.0,33.87,0.15165908358387792,0.09223028731115854,0.05942879627002277,RoundResultsPage,22
1718907561.25,33.87,0.15165908358387792,0.09409592412597664,0.05756315945520652,RoundResultsPage,22
1718907561.5,33.87,0.15165908358387792,0.09615450776956751,0.05550457581161991,RoundResultsPage,22
1718907561.75,33.87,0.15165908358387792,0.09838742219972696,0.053271661381466814,RoundResultsPage,22
1718907562.0,33.83,0.0700684504675329,0.10077454468798118,-0.030706094223124564,RoundResultsPage,22
1718907562.25,33.83,0.0700684504675329,0.10329450861203651,-0.03322605814717134,RoundResultsPage,22
1718907562.5,33.83,0.0700684504675329,0.10592495818459066,-0.035856507719716914,RoundResultsPage,22
1718907562.75,33.83,0.0700684504675329,0.10864279760902211,-0.03857434714414046,RoundResultsPage,22
1718907563.0,33.84,0.09046610874663003,0.11142443786000819,-0.020958329116022932,RoundResultsPage,22
1718907563.25,33.84,0.09046610874663003,0.11424604409522617,-0.023779935351236618,RoundResultsPage,22
1718907563.5,33.84,0.09046610874663003,0.117083785783105,-0.02661767703911433,RoundResultsPage,22
1718907563.75,33.84,0.09046610874663003,0.11991409024249365,-0.029447981498506026,RoundResultsPage,22
1718907564.0,33.87,0.15165908358387792,0.1227138987134284,0.028945184867798984,RoundResultsPage,22
1718907564.25,33.87,0.15165908358387792,0.12546092257494415,0.02619816100626928,RoundResultsPage,22
1718907564.5,33.87,0.15165908358387792,0.1281338961197584,0.023525187461434532,RoundResultsPage,22
1718907564.75,33.87,0.15165908358387792,0.13071282154729683,0.02094626203386856,RoundResultsPage,22
1718907565.0,33.87,0.15165908358387792,0.13317920160719054,0.018479881973939814,RoundResultsPage,22
1718907565.25,33.87,0.15165908358387792,0.13551625555975694,0.016142828021330526,RoundResultsPage,22
1718907565.5,33.87,0.15165908358387792,0.13770911467083305,0.013949968910203284,RoundResultsPage,22
1718907565.75,33.87,0.15165908358387792,0.13974499413619473,0.011914089444782177,RoundResultsPage,22
1718907566.0,33.84,0.09046610874663003,0.14161333894551104,-0.051147230201849365,RoundResultsPage,22
1718907566.25,33.84,0.09046610874663003,0.14330594158002868,-0.05283983283644149,RoundResultsPage,22
1718907566.5,33.84,0.09046610874663003,0.1448170294708243,-0.054350920727317335,RoundResultsPage,22
1718907566.75,33.84,0.09046610874663003,0.1461433197916378,-0.05567721104821491,RoundResultsPage,22
1718907567.0,33.89,0.19245440014205767,0.14728403852325758,0.04517036161550733,RoundResultsPage,22
1718907567.25,33.89,0.19245440014205767,0.14824090005504897,0.04421350008363133,RoundResultsPage,22
1718907567.5,33.89,0.19245440014205767,0.1490180432244293,0.04343635691416978,RoundResultsPage,22
1718907567.75,33.89,0.19245440014205767,0.14962191994726937,0.042832480191253935,RoundResultsPage,22
1718907568.0,33.87,0.15165908358387792,0.15006113361429604,0.0015979499659790827,RoundResultsPage,22
1718907568.25,33.87,0.15165908358387792,0.15034622615920112,0.0013128574210144808,RoundResultsPage,22
1718907568.5,33.87,0.15165908358387792,0.15048941491295953,0.0011696686672066983,RoundResultsPage,22
1718907568.75,33.87,0.15165908358387792,0.15050428275583694,0.0011548008242910808,RoundResultsPage,22
1718907569.0,33.87,0.15165908358387792,0.15040542741573665,0.001253656164365069,RoundResultsPage,22
1718907569.25,33.87,0.15165908358387792,0.15020807787956114,0.0014510057005264667,RoundResultsPage,22
1718907569.5,33.87,0.15165908358387792,0.14992768770378176,0.0017313958763037428,RoundResultsPage,22
1718907569.75,33.87,0.15165908358387792,0.14957951649818002,0.0020795670819147407,RoundResultsPage,22
1718907570.0,33.87,0.15165908358387792,0.14917821199655307,0.00248087158356126,RoundResultsPage,22
1718907570.25,33.87,0.15165908358387792,0.1487374059068394,0.00292167767330351,RoundResultsPage,22
1718907570.5,33.87,0.15165908358387792,0.1482693371361023,0.003389746444077017,RoundResultsPage,22
1718907570.75,33.87,0.15165908358387792,0.14778451599615003,0.003874567584072319,RoundResultsPage,22
1718907571.0,33.87,0.15165908358387792,0.1472914425932345,0.004367640987036085,RoundResultsPage,22
1718907571.25,33.87,0.15165908358387792,0.14679639176662349,0.004862691813698969,RiskPage1,22
1718907571.5,33.87,0.15165908358387792,0.14630327563828072,0.005355807942095383,RiskPage1,22
1718907571.75,33.87,0.15165908358387792,0.1458135930375643,0.0058454905428652025,RiskPage1,22
1718907572.0,33.84,0.09046610874663003,0.14532647273504018,-0.05486036399180741,RiskPage1,22
1718907572.25,33.84,0.09046610874663003,0.14483881452353234,-0.054372705780252564,RiskPage1,22
1718907572.5,33.84,0.09046610874663003,0.14434552870824832,-0.05387941996492751,RiskPage1,22
1718907572.75,33.84,0.09046610874663003,0.14383987055944114,-0.0533737618160868,RiskPage1,22
1718907573.0,33.87,0.15165908358387792,0.143313861900827,0.008345221679800091,RiskPage1,22
1718907573.25,33.87,0.15165908358387792,0.1427587875455308,0.008900296035111686,RiskPage1,22
1718907573.5,33.87,0.15165908358387792,0.14216575012677346,0.009493333453874382,RiskPage1,22
1718907573.75,33.87,0.15165908358387792,0.1415262633762618,0.01013282020438086,RiskPage1,22
1718907574.0,33.87,0.15165908358387792,0.1408328613558499,0.010826222224777105,RiskPage1,22
1718907574.25,33.87,0.15165908358387792,0.14007969968404227,0.01157938389655905,RiskPage1,22
1718907574.5,33.87,0.15165908358387792,0.13926312443296793,0.012395959147598301,RiskPage1,22
1718907574.75,33.87,0.15165908358387792,0.1383821850456455,0.013276898534877096,RiskPage1,22
1718907575.0,33.87,0.15165908358387792,0.13743906924860394,0.01422001433186756,RiskPage1,22
1718907575.25,33.87,0.15165908358387792,0.13643944041002845,0.015219643170385821,RiskPage1,22
1718907575.5,33.87,0.15165908358387792,0.13539266100973937,0.016266422570613018,RiskPage1,22
1718907575.75,33.87,0.15165908358387792,0.1343118897280283,0.017347193852259232,RiskPage1,22
1718907576.0,33.87,0.15165908358387792,0.13321404400101625,0.01844503957920505,RiskPage1,22
1718907576.25,33.87,0.15165908358387792,0.13211962459737414,0.019539458982781005,RiskPage1,22
1718907576.5,33.87,0.15165908358387792,0.13105240370234347,0.02060667987774711,RiskPage1,22
1718907576.75,33.87,0.15165908358387792,0.13003898299778197,0.021620100582247236,RiskPage1,22
1718907577.0,33.87,0.15165908358387792,0.1291082331393127,0.022550850440659825,RiskPage1,22
1718907577.25,33.87,0.15165908358387792,0.12829063068143845,0.023368452898483306,RiskPage2,22
1718907577.5,33.87,0.15165908358387792,0.12761751270661653,0.024041570873261243,RiskPage2,22
1718907577.75,33.87,0.15165908358387792,0.12712027298303916,0.024538810596801842,RiskPage2,22
1718907578.0,33.84,0.09046610874663003,0.1268295262079274,-0.03636341746536375,RiskPage2,22
1718907578.25,33.84,0.09046610874663003,0.12677426858545712,-0.036308159842915536,RiskPage2,22
1718907578.5,33.84,0.09046610874663003,0.12698106345576424,-0.03651495471323708,RiskPage2,22
1718907578.75,33.84,0.09046610874663003,0.12747327980961765,-0.03700717106709705,RiskPage2,22
1718907579.0,33.84,0.09046610874663003,0.12827040928095987,-0.037804300538437634,RiskPage2,22
1718907579.25,33.84,0.09046610874663003,0.12938748373346104,-0.0389213749909288,RiskPage2,22
1718907579.5,33.84,0.09046610874663003,0.1308346110913244,-0.04036850234877372,RiskPage2,22
1718907579.75,33.84,0.09046610874663003,0.13261664192177317,-0.04215053317919551,RiskPage2,22
1718907580.0,33.87,0.15165908358387792,0.13473297379926208,0.01692610978059894,RiskPage2,22
1718907580.25,33.87,0.15165908358387792,0.13717749501942916,0.014481588560475461,RiskPage2,22
1718907580.5,33.87,0.15165908358387792,0.1399386641200647,0.01172041945989077,RiskPage2,22
1718907580.75,33.87,0.15165908358387792,0.14299971718947962,0.008659366390532403,RiskPage2,22
1718907581.0,33.87,0.15165908358387792,0.14633899128163114,0.0053200922984413925,RiskPage2,22
1718907581.25,33.87,0.15165908358387792,0.14993034947333292,0.0017287341068020629,RiskPage2,22
1718907581.5,33.87,0.15165908358387792,0.15374369115850256,-0.0020846075783052913,RiskPage2,22
1718907581.75,33.87,0.15165908358387792,0.15774553000297184,-0.006086446422714633,RiskPage2,22
1718907582.0,33.89,0.19245440014205767,0.1618996215090537,0.03055477862943865,RiskPage2,22
1718907582.25,33.89,0.19245440014205767,0.16616762231154203,0.026286777826999154,RiskPage3,22
1718907582.5,33.89,0.19245440014205767,0.1705097641117196,0.02194463602686206,RiskPage3,22
1718907582.75,33.89,0.19245440014205767,0.17488552650945452,0.017568873629157697,RiskPage3,22
1718907583.0,33.89,0.19245440014205767,0.17925429483059782,0.01320010530803388,RiskPage3,22
1718907583.25,33.89,0.19245440014205767,0.18357599122729024,0.008878408911348844,RiskPage3,22
1718907583.5,33.89,0.19245440014205767,0.18781166967336396,0.004642730465269761,RiskPage3,22
1718907583.75,33.89,0.19245440014205767,0.1919240678021338,0.0005303323364816218,RiskPage3,22
1718907584.0,33.89,0.19245440014205767,0.19587811067951422,-0.0034237105409296274,RiskPage3,22
1718907584.25,33.89,0.19245440014205767,0.1996413634481684,-0.007186963309626562,RiskPage3,22
1718907584.5,33.89,0.19245440014205767,0.2031844312344166,-0.010730031095928376,RiskPage3,22
1718907584.75,33.89,0.19245440014205767,0.20648130573413137,-0.014026905595706452,RiskPage3,22
1718907585.0,33.89,0.19245440014205767,0.2095096584800489,-0.01705525834169554,RiskPage3,22
1718907585.25,33.89,0.19245440014205767,0.21225108097057563,-0.019796680832300465,RiskPage3,22
1718907585.5,33.89,0.19245440014205767,0.21469127167381769,-0.022236871535625376,RiskPage3,22
1718907585.75,33.89,0.19245440014205767,0.21682016950752356,-0.024365769369416382,RiskPage3,22
1718907586.0,33.91,0.2332497167002229,0.21863203286337637,0.014617683832811,RiskPage3,22
1718907586.25,33.91,0.2332497167002229,0.2201254627444071,0.013124253951697654,RiskPage3,22
1718907586.5,33.91,0.2332497167002229,0.22130336827771538,0.011946348418311402,RiskPage3,22
1718907586.75,33.91,0.2332497167002229,0.22217287288971357,0.011076843806241715,RiskPage3,22
1718907587.0,33.91,0.2332497167002229,0.22274515986798324,0.01050455682790908,RiskPage3,22
1718907587.25,33.91,0.2332497167002229,0.22303525688595321,0.01021445980988681,RiskPage4,22
1718907587.5,33.91,0.2332497167002229,0.22306176027326158,0.010187956422538547,RiskPage4,22
1718907587.75,33.91,0.2332497167002229,0.2228465012815704,0.010403215414203661,RiskPage4,22
1718907588.0,33.91,0.2332497167002229,0.22241415821999702,0.010835558475765832,RiskPage4,22
1718907588.25,33.91,0.2332497167002229,0.22179182001524864,0.01145789668051791,RiskPage4,22
1718907588.5,33.91,0.2332497167002229,0.2210085083905778,0.01224120830520656,RiskPage4,22
1718907588.75,33.91,0.2332497167002229,0.22009466735690075,0.013155049338914256,RiskPage4,22
1718907589.0,33.89,0.19245440014205767,0.21908162996957226,-0.02662722983188099,RiskPage4,22
1718907589.25,33.89,0.19245440014205767,0.218001073226119,-0.025546673088377336,RiskPage4,22
1718907589.5,33.89,0.19245440014205767,0.2168844724756863,-0.024430072337887347,RiskPage4,22
1718907589.75,33.89,0.19245440014205767,0.21576256672971805,-0.023308166591857013,RiskPage4,22
1718907590.0,33.91,0.2332497167002229,0.214664845824684,0.018584870871407096,RiskPage4,22
1718907590.25,33.91,0.2332497167002229,0.21361906959163515,0.019630647104521365,RiskPage4,22
1718907590.5,33.91,0.2332497167002229,0.21265082818578934,0.020598888510430846,RiskPage4,22
1718907590.75,33.91,0.2332497167002229,0.21178315166393705,0.021466565032343038,RiskPage4,22
1718907591.0,33.89,0.19245440014205767,0.21103617583879877,-0.018581775700629608,RiskPage4,22
1718907591.25,33.89,0.19245440014205767,0.2104268703619371,-0.017972470223720692,RiskPage4,22
1718907591.5,33.89,0.19245440014205767,0.20996883379433595,-0.017514433656080304,RiskPage4,22
1718907591.75,33.89,0.19245440014205767,0.2096721590114511,-0.017217758873164568,RiskPage4,22
1718907592.0,33.89,0.19245440014205767,0.20954337060604758,-0.01708897046773859,RiskPage4,22
1718907592.25,33.89,0.19245440014205767,0.20958543402934135,-0.01713103389101791,RiskPage4,22
1718907592.5,33.89,0.19245440014205767,0.20979783415292122,-0.01734343401459077,RiskPage4,22
1718907592.75,33.89,0.19245440014205767,0.21017671888519135,-0.017722318746860526,RiskPage4,22
1718907593.0,33.91,0.2332497167002229,0.21071510159484988,0.02253461510164084,RiskPage4,22
1718907593.25,33.91,0.2332497167002229,0.21140311453725777,0.021846602159222822,PreMarketWait,23
1718907593.5,33.91,0.2332497167002229,0.21222830438851936,0.021021412307947386,PreMarketWait,23
1718907593.75,33.91,0.2332497167002229,0.21317596046506995,0.020073756231380108,PreMarketWait,23
1718907594.0,33.91,0.2332497167002229,0.21422946626727943,0.019020250429151536,PreMarketWait,23
1718907594.25,33.91,0.2332497167002229,0.21537066556895004,0.017879051127459505,PreMarketWait,23
1718907594.5,33.91,0.2332497167002229,0.21658023524370806,0.016669481452677562,PreMarketWait,23
1718907594.75,33.91,0.2332497167002229,0.21783805820016203,0.015411658496196808,PreMarketWait,23
1718907595.0,33.89,0.19245440014205767,0.21912359100861276,-0.026669190870449506,PreMarketWait,23
1718907595.25,33.89,0.19245440014205767,0.22041622187096688,-0.02796182173283823,PreMarketWait,23
1718907595.5,33.89,0.19245440014205767,0.22169561536703628,-0.02924121522894676,PreMarketWait,23
1718907595.75,33.89,0.19245440014205767,0.22294204081499885,-0.030487640676952636,PreMarketWait,23
1718907596.0,33.91,0.2332497167002229,0.22413668111108956,0.009113035585075473,PreMarketWait,23
1718907596.25,33.91,0.2332497167002229,0.22526191866498677,0.007987798031129999,PreMarketWait,23
1718907596.5,33.91,0.2332497167002229,0.22630159469746217,0.006948121998606189,PreMarketWait,23
1718907596.75,33.91,0.2332497167002229,0.22724123790198808,0.006008478794033631,PreMarketWait,23
1718907597.0,33.91,0.2332497167002229,0.22806825842851883,0.005181458267459776,PreMarketWait,23
1718907597.25,33.91,0.2332497167002229,0.22877210338289108,0.00447761331304949,MarketGridChoice,23
1718907597.5,33.91,0.2332497167002229,0.229344370539123,0.0039053461567860747,MarketGridChoice,23
1718907597.75,33.91,0.2332497167002229,0.22977887768913857,0.003470839006746437,MarketGridChoice,23
1718907598.0,33.91,0.2332497167002229,0.23007168595180139,0.0031780307440673825,MarketGridChoice,23
1718907598.25,33.91,0.2332497167002229,0.2302210763811804,0.0030286403146792895,MarketGridChoice,23
1718907598.5,33.91,0.2332497167002229,0.23022748030937149,0.0030222363864849957,MarketGridChoice,23
1718907598.75,33.91,0.2332497167002229,0.23009336499390395,0.0031563517019535573,MarketGridChoice,23
1718907599.0,33.91,0.2332497167002229,0.22982307727973195,0.0034266394161292,MarketGridChoice,23
1718907599.25,33.91,0.2332497167002229,0.22942264909971583,0.0038270675961500312,MarketGridChoice,23
1718907599.5,33.91,0.2332497167002229,0.22889956969540512,0.004350147000465204,MarketGridChoice,23
1718907599.75,33.91,0.2332497167002229,0.2282625304120025,0.004987186283871039,MarketGridChoice,23
1718907600.0,33.91,0.2332497167002229,0.2275211487765694,0.005728567919305406,MarketGridChoice,23
1718907600.25,33.91,0.2332497167002229,0.22668567927332955,0.006564037422544177,MarketGridChoice,23
1718907600.5,33.91,0.2332497167002229,0.2257667187471842,0.007482997948686218,MarketGridChoice,23
1718907600.75,33.91,0.2332497167002229,0.22477491465433744,0.00847480204152812,MarketGridChoice,23
1718907601.0,33.89,0.19245440014205767,0.22372068438983927,-0.03126628425214449,MarketGridChoice,23
1718907601.25,33.89,0.19245440014205767,0.2226139536054081,-0.030159553467718148,MarketGridChoice,23
1718907601.5,33.89,0.19245440014205767,0.22146392074566024,-0.029009520607972954,MarketGridChoice,23
1718907601.75,33.89,0.19245440014205767,0.22027885397161026,-0.027824453833921833,MarketGridChoice,23
1718907602.0,33.91,0.2332497167002229,0.2190659252703437,0.014183791425516748,MarketGridChoice,23
1718907602.25,33.91,0.2332497167002229,0.21783108501273032,0.01541863168314395,MarketGridChoice,23
1718907602.5,33.91,0.2332497167002229,0.21657897871169837,0.016670737984197697,MarketGridChoice,23
1718907602.75,33.91,0.2332497167002229,0.2153129064360471,0.017936810259878914,MarketGridChoice,23
1718907603.0,33.91,0.2332497167002229,0.21403482436081087,0.01921489233515286,MarketGridChoice,23
1718907603.25,33.91,0.2332497167002229,0.21274538729531392,0.020504329400694125,MarketGridChoice,23
1718907603.5,33.91,0.2332497167002229,0.21144403064558162,0.0218056860504759,MarketGridChoice,23
1718907603.75,33.91,0.2332497167002229,0.2101290900037196,0.023120626692390806,MarketGridChoice,23
1718907604.0,33.87,0.15165908358387792,0.20879795625048256,-0.05713887267066301,MarketGridChoice,23
1718907604.25,33.87,0.15165908358387792,0.2074472635375564,-0.055788179957683585,MarketGridChoice,23
1718907604.5,33.87,0.15165908358387792,0.2060731066331601,-0.05441402305323666,MarketGridChoice,23
1718907604.75,33.87,0.15165908358387792,0.20467128279562646,-0.05301219921565646,MarketGridChoice,23
1718907605.0,33.91,0.2332497167002229,0.20323755165497925,0.030012165041377083,MarketGridChoice,23
1718907605.25,33.91,0.2332497167002229,0.20176790477008022,0.03148181192631164,MarketGridChoice,23
1718907605.5,33.91,0.2332497167002229,0.2002588349366375,0.0329908817597839,MarketGridChoice,23
1718907605.75,33.91,0.2332497167002229,0.1987075942843426,0.0345421224121022,MarketGridChoice,23
1718907606.0,33.89,0.19245440014205767,0.19711242991922823,-0.004658029780931574,MarketGridChoice,23
1718907606.25,33.89,0.19245440014205767,0.19547278634988777,-0.003018386211580227,MarketGridChoice,23
1718907606.5,33.89,0.19245440014205767,0.19378946504085756,-0.0013350649025448188,MarketGridChoice,23
1718907606.75,33.89,0.19245440014205767,0.19206473296187387,0.0003896671764392675,MarketGridChoice,23
1718907607.0,33.89,0.19245440014205767,0.1903023737766433,0.0021520263616667265,MarketGridChoice,23
1718907607.25,33.89,0.19245440014205767,0.18850767723936587,0.003946722898939238,MarketGridChoice,23
1718907607.5,33.89,0.19245440014205767,0.18668736440374295,0.00576703573455724,MarketGridChoice,23
1718907607.75,33.89,0.19245440014205767,0.18484944838874906,0.007604951749547791,MarketGridChoice,23
1718907608.0,33.89,0.19245440014205767,0.18300303267988755,0.009451367458408714,MarketGridChoice,23
1718907608.25,33.89,0.19245440014205767,0.18115805125315426,0.011296348885144906,MarketGridChoice,23
1718907608.5,33.89,0.19245440014205767,0.1793249571543637,0.013129442983942195,MarketGridChoice,23
1718907608.75,33.89,0.19245440014205767,0.17751436849481178,0.01494003164350467,MarketGridChoice,23
1718907609.0,33.89,0.19245440014205767,0.17573668306436652,0.016717717073964265,MarketGridChoice,23
1718907609.25,33.89,0.19245440014205767,0.17400167482677786,0.018452725311570876,MarketGridChoice,23
1718907609.5,33.89,0.19245440014205767,0.17231808734396448,0.02013631279440562,MarketGridChoice,23
1718907609.75,33.89,0.19245440014205767,0.17069324055395507,0.021761159584439214,MarketGridChoice,23
1718907610.0,33.87,0.15165908358387792,0.1691326681623173,-0.017473584582076773,MarketGridChoice,23
1718907610.25,33.87,0.15165908358387792,0.16763980304780843,-0.015980719467541232,MarketGridChoice,23
1718907610.5,33.87,0.15165908358387792,0.16621572737878282,-0.01455664379848944,MarketGridChoice,23
1718907610.75,33.87,0.15165908358387792,0.16485900246574184,-0.013199918885423842,MarketGridChoice,23
1718907611.0,33.84,0.09046610874663003,0.163565590679015,-0.07309948193592282,MarketGridChoice,23
1718907611.25,33.84,0.09046610874663003,0.1623288780653952,-0.07186276932228439,MarketGridChoice,23
1718907611.5,33.84,0.09046610874663003,0.16113980171937672,-0.07067369297625117,MarketGridChoice,23
1718907611.75,33.84,0.09046610874663003,0.15998708071748652,-0.06952097197435027,MarketGridChoice,23
1718907612.0,33.89,0.19245440014205767,0.1588575438423342,0.03359685629623663,MarketGridChoice,23
1718907612.25,33.89,0.19245440014205767,0.15773654186356248,0.034717858275012024,MarketGridChoice,23
1718907612.5,33.89,0.19245440014205767,0.15660842732702748,0.03584597281154814,MarketGridChoice,23
1718907612.75,33.89,0.19245440014205767,0.15545708109658254,0.03699731904199205,MarketGridChoice,23
1718907613.0,33.87,0.15165908358387792,0.1542664625793919,-0.0026073789990000568,MarketGridChoice,23
1718907613.25,33.87,0.15165908358387792,0.15302115969464614,-0.0013620761142592482,MarketGridChoice,23
1718907613.5,33.87,0.15165908358387792,0.15170691507716755,-4.783149678767515e-05,MarketGridChoice,23
1718907613.75,33.87,0.15165908358387792,0.15031110652429283,0.0013479770560778058,MarketGridChoice,23
1718907614.0,33.89,0.19245440014205767,0.14882316210417565,0.04363123803436343,MarketGridChoice,23
1718907614.25,33.89,0.19245440014205767,0.14723489352324645,0.04521950661527978,MarketGridChoice,23
1718907614.5,33.89,0.19245440014205767,0.14554073522564057,0.04691366491287193,MarketGridChoice,23
1718907614.75,33.89,0.19245440014205767,0.14373788118117528,0.04871651895732286,MarketGridChoice,23
1718907615.0,33.87,0.15165908358387792,0.14182631624999828,0.009832767330305116,MarketGridChoice,23
1718907615.25,33.87,0.15165908358387792,0.13980874413014244,0.011850339450145405,MarketGridChoice,23
1718907615.5,33.87,0.15165908358387792,0.1376904188618236,0.013968664718448109,MarketGridChoice,23
1718907615.75,33.87,0.15165908358387792,0.1354788913264781,0.016180192253776808,MarketGridChoice,23
1718907616.0,33.84,0.09046610874663003,0.13318368583141116,-0.042717577088421575,MarketGridChoice,23
1718907616.25,33.84,0.09046610874663003,0.13081592448244855,-0.04034981573947673,MarketGridChoice,23
1718907616.5,33.84,0.09046610874663003,0.12838791847114386,-0.03792180972818928,MarketGridChoice,23
1718907616.75,33.84,0.09046610874663003,0.12591274558576782,-0.0354466368428288,MarketGridChoice,23
1718907617.0,33.84,0.09046610874663003,0.12340383225573036,-0.03293772351280377,MarketGridChoice,23
1718907617.25,33.84,0.09046610874663003,0.12087455643949618,-0.030408447696577075,MarketGridChoice,23
1718907617.5,33.84,0.09046610874663003,0.11833788494425553,-0.027871776201337052,MarketGridChoice,23
1718907617.75,33.84,0.09046610874663003,0.1158060556438371,-0.0253399469009103,MarketGridChoice,23
1718907618.0,33.87,0.15165908358387792,0.11329031186342267,0.03836877171677133,MarketGridChoice,23
1718907618.25,33.87,0.15165908358387792,0.11080069322610522,0.04085839035412075,ForecastPage,23
1718907618.5,33.87,0.15165908358387792,0.10834588475977047,0.04331319882050124,ForecastPage,23
1718907618.75,33.87,0.15165908358387792,0.10593312420523812,0.045725959375093356,ForecastPage,23
1718907619.0,33.84,0.09046610874663003,0.10356816627003532,-0.01310205752687841,ForecastPage,23
1718907619.25,33.84,0.09046610874663003,0.10125530190016932,-0.010789193156926596,ForecastPage,23
1718907619.5,33.84,0.09046610874663003,0.09899743024321161,-0.008531321499871871,ForecastPage,23
1718907619.75,33.84,0.09046610874663003,0.0967961805754572,-0.006330071832010798,ForecastPage,23
1718907620.0,33.83,0.0700684504675329,0.09465208085921717,-0.02458363039475329,ForecastPage,23
1718907620.25,33.83,0.0700684504675329,0.09256476869361605,-0.02249631822903151,ForecastPage,23
1718907620.5,33.83,0.0700684504675329,0.0905332392371817,-0.02046478877247245,ForecastPage,23
1718907620.75,33.83,0.0700684504675329,0.08855612329482197,-0.01848767282998617,ForecastPage,23
1718907621.0,33.84,0.09046610874663003,0.08663198730069338,0.003834121443365559,ForecastPage,23
1718907621.25,33.84,0.09046610874663003,0.08475964554776078,0.005706463196421343,ForecastPage,23
1718907621.5,33.84,0.09046610874663003,0.0829384738820437,0.007527634862256428,ForecastPage,23
1718907621.75,33.84,0.09046610874663003,0.08116871334319008,0.009297395401220536,ForecastPage,23
1718907622.0,33.84,0.09046610874663003,0.07945175199249474,0.011014356752016572,ForecastPage,23
1718907622.25,33.84,0.09046610874663003,0.07779037346119945,0.012675735283400606,ForecastPage,23
1718907622.5,33.84,0.09046610874663003,0.0761889615559304,0.014277147188744562,ForecastPage,23
1718907622.75,33.84,0.09046610874663003,0.07465365151519353,0.01581245722954098,ForecastPage,23
1718907623.0,33.83,0.0700684504675329,0.07319242013701774,-0.0031239696713373927,ForecastPage,23
1718907623.25,33.83,0.0700684504675329,0.07181510889317436,-0.0017466584274684841,ForecastPage,23
1718907623.5,33.83,0.0700684504675329,0.07053337620269601,-0.0004649257369823325,ForecastPage,23
1718907623.75,33.83,0.0700684504675329,0.06936057715689616,0.0007078733088077844,ForecastPage,23
1718907624.0,33.83,0.0700684504675329,0.06831157109478873,0.001756879370888604,ForecastPage,23
1718907624.25,33.83,0.0700684504675329,0.06740245948009865,0.0026659909855363964,ForecastPage,23
1718907624.5,33.83,0.0700684504675329,0.06665025851364072,0.00341819195193803,ForecastPage,23
1718907624.75,33.83,0.0700684504675329,0.06607251282293322,0.0039959376425772325,ForecastPage,23
1718907625.0,33.83,0.0700684504675329,0.06568685839730067,0.004381592068131754,ForecastPage,23
1718907625.25,33.83,0.0700684504675329,0.06551054466645806,0.004557905798889078,ForecastPage,23
1718907625.5,33.83,0.0700684504675329,0.06555992723060239,0.004508523234654915,ForecastPage,23
1718907625.75,33.83,0.0700684504675329,0.06584994421049103,0.004218506254674619,ForecastPage,23
1718907626.0,33.84,0.09046610874663003,0.066393590461611,0.02407251828256101,ForecastPage,23
1718907626.25,33.84,0.09046610874663003,0.06720140494682361,0.023264703797261144,ForecastPage,23
1718907626.5,33.84,0.09046610874663003,0.06828098733646833,0.022185121407535056,ForecastPage,23
1718907626.75,33.84,0.09046610874663003,0.06963656033180445,0.02082954841212554,ForecastPage,23
1718907627.0,33.81,0.029273133909367647,0.07126859417920046,-0.04199546027259651,ForecastPage,23
1718907627.25,33.81,0.029273133909367647,0.07317350921490058,-0.04390037530834917,ForecastPage,23
1718907627.5,33.81,0.029273133909367647,0.0753434709034387,-0.04607033699692768,ForecastPage,23
1718907627.75,33.81,0.029273133909367647,0.07776628961152127,-0.04849315570503777,ForecastPage,23
1718907628.0,33.84,0.09046610874663003,0.08042543431903881,0.010040674424692926,ForecastPage,23
1718907628.25,33.84,0.09046610874663003,0.08330016578370979,0.007165942960021449,ForecastPage,23
1718907628.5,33.84,0.09046610874663003,0.08636579062918491,0.004100318114559251,ForecastPage,23
1718907628.75,33.84,0.09046610874663003,0.08959403372183483,0.0008720750219349972,ForecastPage,23
1718907629.0,33.84,0.09046610874663003,0.09295352227287464,-0.002487413529067652,ForecastPage,23
1718907629.25,33.84,0.09046610874663003,0.0964103714734881,-0.005944262729634163,ForecastPage,23
1718907629.5,33.84,0.09046610874663003,0.09992885817469783,-0.009462749430789327,ForecastPage,23
1718907629.75,33.84,0.09046610874663003,0.10347216615572846,-0.013006057411760332,ForecastPage,23
1718907630.0,33.84,0.09046610874663003,0.10700318388403912,-0.016537075140009162,ForecastPage,23
1718907630.25,33.84,0.09046610874663003,0.11048533338196559,-0.020019224637874422,ForecastPage,23
1718907630.5,33.84,0.09046610874663003,0.11388340693521583,-0.02341729819106672,ForecastPage,23
1718907630.75,33.84,0.09046610874663003,0.11716438699593552,-0.026698278251734056,ForecastPage,23
1718907631.0,33.87,0.15165908358387792,0.12029822386842154,0.03136085971307277,ForecastPage,23
1718907631.25,33.87,0.15165908358387792,0.12325854576649682,0.028400537815033686,ForecastPage,23
1718907631.5,33.87,0.15165908358387792,0.12602327675275055,0.02563580682880649,ForecastPage,23
1718907631.75,33.87,0.15165908358387792,0.12857514003037002,0.023083943551203266,ForecastPage,23
1718907632.0,33.87,0.15165908358387792,0.13090202709035204,0.020757056491226934,ForecastPage,23
1718907632.25,33.87,0.15165908358387792,0.1329972172410506,0.018661866340523636,ForecastPage,23
1718907632.5,33.87,0.15165908358387792,0.1348594368940935,0.016799646687466124,ForecastPage,23
1718907632.75,33.87,0.15165908358387792,0.13649275344014453,0.01516633014139163,ForecastPage,23
1718907633.0,33.89,0.19245440014205767,0.1379063044074681,0.05454809573221707,ForecastPage,23
1718907633.25,33.89,0.19245440014205767,0.1391138686557854,0.053340531483863404,ForecastPage,23
1718907633.5,33.89,0.19245440014205767,0.1401332924197622,0.05232110771984624,ForecastPage,23
1718907633.75,33.89,0.19245440014205767,0.14098578885569946,0.051468611283865824,ForecastPage,23
1718907634.0,33.84,0.09046610874663003,0.14169513507485737,-0.051229026330764815,ForecastPage,23
1718907634.25,33.84,0.09046610874663003,0.1422867951094988,-0.051820686365452756,ForecastPage,23
1718907634.5,33.84,0.09046610874663003,0.14278700047057966,-0.052320891726581095,ForecastPage,23
1718907634.75,33.84,0.09046610874663003,0.14322182161312855,-0.052755712869177705,ForecastPage,23
1718907635.0,33.87,0.15165908358387792,0.1436162636070382,0.008042819974113567,ForecastPage,23
1718907635.25,33.87,0.15165908358387792,0.14399341772945004,0.007665665851656657,ForecastPage,23
1718907635.5,33.87,0.15165908358387792,0.14437369783796997,0.0072853857430944455,ForecastPage,23
1718907635.75,33.87,0.15165908358387792,0.14477418658903102,0.006884896991994235,ForecastPage,23
1718907636.0,33.84,0.09046610874663003,0.14520811209982631,-0.05474200335608521,ForecastPage,23
1718907636.25,33.84,0.09046610874663003,0.1456844706606208,-0.05521836191691365,ForecastPage,23
1718907636.5,33.84,0.09046610874663003,0.14620780564479666,-0.055741696901121664,ForecastPage,23
1718907636.75,33.84,0.09046610874663003,0.14677814689832386,-0.056312038154679486,ForecastPage,23
1718907637.0,33.87,0.15165908358387792,0.14739110877548642,0.004267974805376683,ForecastPage,23
1718907637.25,33.87,0.15165908358387792,0.14803813891423306,0.0036209446666024617,ForecastPage,23
1718907637.5,33.87,0.15165908358387792,0.14870690419904722,0.0029521793817625756,ForecastPage,23
1718907637.75,33.87,0.15165908358387792,0.1493817955332202,0.0022772880475661946,ForecastPage,23
1718907638.0,33.89,0.19245440014205767,0.15004452934019194,0.04240987079875373,ForecastPage,23
1718907638.25,33.89,0.19245440014205767,0.15067482130642057,0.041779578832508116,ForecastPage,23
1718907638.5,33.89,0.19245440014205767,0.15125110680984538,0.04120329332907012,ForecastPage,23
1718907638.75,33.89,0.19245440014205767,0.15175128268669769,0.04070311745220841,ForecastPage,23
1718907639.0,33.87,0.15165908358387792,0.15215344631672306,-0.0004943627360027084,ForecastPage,23
1718907639.25,33.87,0.15165908358387792,0.1524366102047112,-0.0007775266239938919,ForecastPage,23
1718907639.5,33.87,0.15165908358387792,0.15258137300020053,-0.0009222894194838085,ForecastPage,23
1718907639.75,33.87,0.15165908358387792,0.1525705309280786,-0.0009114473473605285,ForecastPage,23
1718907640.0,33.87,0.15165908358387792,0.1523896166670603,-0.0007305330863393404,ForecastPage,23
1718907640.25,33.87,0.15165908358387792,0.15202735567074133,-0.00036827209001628544,ForecastPage,23
1718907640.5,33.87,0.15165908358387792,0.15147603271729268,0.00018305086343723374,ForecastPage,23
1718907640.75,33.87,0.15165908358387792,0.1507317640848643,0.0009273194958706642,ForecastPage,23
1718907641.0,33.87,0.15165908358387792,0.14979467318285525,0.0018644103978842645,ForecastPage,23
1718907641.25,33.87,0.15165908358387792,0.1486689697287344,0.002990113852008456,ForecastPage,23
1718907641.5,33.87,0.15165908358387792,0.14736293464731692,0.004296148933427192,ForecastPage,23
1718907641.75,33.87,0.15165908358387792,0.14588881478037793,0.005770268800364344,ForecastPage,23
1718907642.0,33.87,0.15165908358387792,0.1442626332183321,0.007396450362403981,ForecastPage,23
1718907642.25,33.87,0.15165908358387792,0.1425039225828456,0.00915516099787861,ForecastPage,23
1718907642.5,33.87,0.15165908358387792,0.1406353898696775,0.011023693711027922,ForecastPage,23
1718907642.75,33.87,0.15165908358387792,0.13868252246272472,0.012976561117953648,ForecastPage,23
1718907643.0,33.84,0.09046610874663003,0.13667314559810562,-0.046207036854711586,ForecastPage,23
1718907643.25,33.84,0.09046610874663003,0.13463694182671546,-0.04417083308336805,ForecastPage,23
1718907643.5,33.84,0.09046610874663003,0.13260494283953508,-0.04213883409624454,ForecastPage,23
1718907643.75,33.84,0.09046610874663003,0.13060900337637255,-0.04014289463314839,ForecastPage,23
1718907644.0,33.87,0.15165908358387792,0.12868126592866122,0.022977817651736336,ForecastPage,23
1718907644.25,33.87,0.15165908358387792,0.12685362378001006,0.02480545980030683,ForecastPage,23
1718907644.5,33.87,0.15165908358387792,0.12515718888738908,0.0265018946928432,ForecastPage,23
1718907644.75,33.87,0.15165908358387792,0.12362177045551838,0.028037313124627514,ForecastPage,23
1718907645.0,33.87,0.15165908358387792,0.12227536995128714,0.029383713628772706,ForecastPage,23
1718907645.25,33.87,0.15165908358387792,0.12114369874529407,0.030515384834682135,ForecastPage,23
1718907645.5,33.87,0.15165908358387792,0.12024972542201183,0.031409358157884905,ForecastPage,23
1718907645.75,33.87,0.15165908358387792,0.11961326085433473,0.032045822725488005,ForecastPage,23
1718907646.0,33.84,0.09046610874663003,0.11925059013951307,-0.028784481397005672,ForecastPage,23
1718907646.25,33.84,0.09046610874663003,0.11917416117657803,-0.028708052434130587,ForecastPage,23
1718907646.5,33.84,0.09046610874663003,0.11939233977943826,-0.028926231037042456,ForecastPage,23
1718907646.75,33.84,0.09046610874663003,0.11990924057283027,-0.029443131830477025,ForecastPage,23
1718907647.0,33.84,0.09046610874663003,0.12072464142957581,-0.030258532687255493,ForecastPage,23
1718907647.25,33.84,0.09046610874663003,0.12183398693383753,-0.031367878191540036,ForecastPage,23
1718907647.5,33.84,0.09046610874663003,0.12322848346949923,-0.03276237472721418,ForecastPage,23
1718907647.75,33.84,0.09046610874663003,0.12489528527769428,-0.034429176535411034,ForecastPage,23
1718907648.0,33.87,0.15165908358387792,0.12681776747449366,0.02484131610504651,ForecastPage,23
1718907648.25,33.87,0.15165908358387792,0.12897587884804015,0.022683204731519985,MarketWaitPage,23
1718907648.5,33.87,0.15165908358387792,0.13134656452887347,0.020312519050717463,MarketWaitPage,23
1718907648.75,33.87,0.15165908358387792,0.13390424655865996,0.01775483702097229,MarketWaitPage,23
1718907649.0,33.87,0.15165908358387792,0.1366213490800548,0.015037734499628677,MarketWaitPage,23
1718907649.25,33.87,0.15165908358387792,0.1394688543201539,0.012190229259589807,MarketWaitPage,23
1718907649.5,33.87,0.15165908358387792,0.14241687563082653,0.009242207948985105,MarketWaitPage,23
1718907649.75,33.87,0.15165908358387792,0.14543523442494286,0.006223849154943034,MarketWaitPage,23
1718907650.0,33.87,0.15165908358387792,0.14849402875035855,0.0031650548296062175,MarketWaitPage,23
1718907650.25,33.87,0.15165908358387792,0.1515641823351828,9.490124486379037e-05,MarketWaitPage,23
1718907650.5,33.87,0.15165908358387792,0.1546179641056994,-0.0029588805255701626,MarketWaitPage,23
1718907650.75,33.87,0.15165908358387792,0.15762946933688177,-0.0059703857566712985,MarketWaitPage,23
1718907651.0,33.87,0.15165908358387792,0.16057505468710548,-0.008915971106817593,MarketWaitPage,23
1718907651.25,33.87,0.15165908358387792,0.1634337203640188,-0.011774636783659814,MarketWaitPage,23
1718907651.5,33.87,0.15165908358387792,0.16618743356650933,-0.014528349986087909,MarketWaitPage,23
1718907651.75,33.87,0.15165908358387792,0.16882138817544884,-0.017162304594975624,MarketWaitPage,23
1718907652.0,33.89,0.19245440014205767,0.17132419647801903,0.021130203660673714,MarketWaitPage,23
1718907652.25,33.89,0.19245440014205767,0.17368800958506672,0.01876639055365298,MarketWaitPage,23
1718907652.5,33.89,0.19245440014205767,0.17590856422599618,0.01654583591273715,MarketWaitPage,23
1718907652.75,33.89,0.19245440014205767,0.17798515484997515,0.01446924528875813,MarketWaitPage,23
1718907653.0,33.89,0.19245440014205767,0.1799205314408558,0.012533868697863694,MarketWaitPage,23
1718907653.25,33.89,0.19245440014205767,0.18172072511089216,0.0107336750278001,MarketWaitPage,23
1718907653.5,33.89,0.19245440014205767,0.18339480526368226,0.009059594874969951,MarketWaitPage,23
1718907653.75,33.89,0.19245440014205767,0.18495457377448069,0.007499826364119665,MarketWaitPage,23
1718907654.0,33.87,0.15165908358387792,0.18641420309386852,-0.034755119513510103,MarketWaitPage,23
1718907654.25,33.87,0.15165908358387792,0.1877898263246264,-0.03613074274433829,MarketWaitPage,23
1718907654.5,33.87,0.15165908358387792,0.1890990880706987,-0.03744000449048645,MarketWaitPage,23
1718907654.75,33.87,0.15165908358387792,0.19036066519092626,-0.03870158161079257,MarketWaitPage,23
1718907655.0,33.91,0.2332497167002229,0.19159376658040322,0.04165595011599741,MarketWaitPage,23
1718907655.25,33.91,0.2332497167002229,0.19281762092062682,0.040432095775699804,MarketWaitPage,23
1718907655.5,33.91,0.2332497167002229,0.19405096121547655,0.03919875548078347,MarketWaitPage,23
1718907655.75,33.91,0.2332497167002229,0.1953115150607083,0.03793820163549498,MarketWaitPage,23
1718907656.0,33.89,0.19245440014205767,0.19661551005020553,-0.004161109912212888,MarketWaitPage,23
1718907656.25,33.89,0.19245440014205767,0.19797720440454283,-0.00552280426658339,MarketWaitPage,23
1718907656.5,33.89,0.19245440014205767,0.1994084535908786,-0.00695405345293976,MarketWaitPage,23
1718907656.75,33.89,0.19245440014205767,0.20091832412928498,-0.008463923991354178,MarketWaitPage,23
1718907657.0,33.89,0.19245440014205767,0.20251276574740654,-0.01005836560947171,MarketWaitPage,23
1718907657.25,33.89,0.19245440014205767,0.2041943524495028,-0.011739952311552521,MarketWaitPage,23
1718907657.5,33.89,0.19245440014205767,0.20596210189436823,-0.013507701756391982,MarketWaitPage,23
1718907657.75,33.89,0.19245440014205767,0.20781138077433184,-0.01535698063631999,MarketWaitPage,23
1718907658.0,33.89,0.19245440014205767,0.20973390173040474,-0.017279501592348635,MarketWaitPage,23
1718907658.25,33.89,0.19245440014205767,0.21171781482119714,-0.019263414683089293,MarketWaitPage,23
1718907658.5,33.89,0.19245440014205767,0.21374789379604678,-0.02129349365788103,MarketWaitPage,23
1718907658.75,33.89,0.19245440014205767,0.21580581453292236,-0.02335141439469403,MarketWaitPage,23
1718907659.0,33.91,0.2332497167002229,0.21787052013291755,0.01537919656354162,MarketWaitPage,23
1718907659.25,33.91,0.2332497167002229,0.21991866447345157,0.013331052223074588,MarketWaitPage,23
1718907659.5,33.91,0.2332497167002229,0.22192512367117043,0.011324593025422373,MarketWaitPage,23
1718907659.75,33.91,0.2332497167002229,0.22386356302663843,0.009386153670018844,MarketWaitPage,23
1718907660.0,33.91,0.2332497167002229,0.22570704569072272,0.00754267100599476,MarketWaitPage,23
1718907660.25,33.91,0.2332497167002229,0.2274286685068909,0.005821048189880395,MarketWaitPage,23
1718907660.5,33.91,0.2332497167002229,0.22900221018497338,0.00424750651184329,MarketWaitPage,23
1718907660.75,33.91,0.2332497167002229,0.23040277706459844,0.0028469396322535357,MarketWaitPage,23
1718907661.0,33.91,0.2332497167002229,0.23160743214584545,0.0016422845510301286,MarketWaitPage,23
1718907661.25,33.91,0.2332497167002229,0.23259579372922234,0.0006539229676638739,MarketWaitPage,23
1718907661.5,33.91,0.2332497167002229,0.23335059086078724,-0.00010087416390434402,MarketWaitPage,23
1718907661.75,33.91,0.2332497167002229,0.2338581637794477,-0.0006084470825831172,MarketWaitPage,23
1718907662.0,33.91,0.2332497167002229,0.23410889868333318,-0.0008591819865030326,MarketWaitPage,23
1718907662.25,33.91,0.2332497167002229,0.23409758735280753,-0.0008478706560288069,MarketWaitPage,23
1718907662.5,33.91,0.2332497167002229,0.23382370348036086,-0.0005739867836511202,MarketWaitPage,23
1718907662.75,33.91,0.2332497167002229,0.23329158896037394,-4.187226375104372e-05,MarketWaitPage,23
1718907663.0,33.91,0.2332497167002229,0.23251054488729386,0.0007391718092246251,MarketWaitPage,23
1718907663.25,33.91,0.2332497167002229,0.23149482360408222,0.0017548930923153203,MarketWaitPage,23
1718907663.5,33.91,0.2332497167002229,0.23026351983878152,0.0029861968574801797,MarketWaitPage,23
1718907663.75,33.91,0.2332497167002229,0.22884036076806294,0.004409355928049938,MarketWaitPage,23
1718907664.0,33.91,0.2332497167002229,0.22725339675018497,0.00599631994576853,MarketWaitPage,23
1718907664.25,33.91,0.2332497167002229,0.22553459646629445,0.007715120229491861,MarketWaitPage,23
1718907664.5,33.91,0.2332497167002229,0.22371935227957127,0.0095303644160432,MarketWaitPage,23
1718907664.75,33.91,0.2332497167002229,0.22184590373625926,0.011403812959182141,MarketWaitPage,23
1718907665.0,33.91,0.2332497167002229,0.2199546892480902,0.013295027447180512,MarketWaitPage,23
1718907665.25,33.91,0.2332497167002229,0.21808763805449394,0.015162078640611806,MarketWaitPage,23
1718907665.5,33.91,0.2332497167002229,0.2162874164921649,0.016962300202784778,MarketWaitPage,23
1718907665.75,33.91,0.2332497167002229,0.21459664430938194,0.018653072385423276,MarketWaitPage,23
1718907666.0,33.89,0.19245440014205767,0.21305709814666973,-0.020602698010160295,MarketWaitPage,23
1718907666.25,33.89,0.19245440014205767,0.21170892024420404,-0.019254520107809488,MarketWaitPage,23
1718907666.5,33.89,0.19245440014205767,0.21058985080986237,-0.018135450673565794,MarketWaitPage,23
1718907666.75,33.89,0.19245440014205767,0.20973450219838255,-0.017280102062165882,MarketWaitPage,23
1718907667.0,33.89,0.19245440014205767,0.20917369208289283,-0.016719291946736763,MarketWaitPage,23
1718907667.25,33.89,0.19245440014205767,0.20893385119611652,-0.016479451060000747,MarketWaitPage,23
1718907667.5,33.89,0.19245440014205767,0.20903651909678125,-0.016582118960684844,MarketWaitPage,23
1718907667.75,33.89,0.19245440014205767,0.2094979389287069,-0.017043538792608663,MarketWaitPage,23
1718907668.0,33.91,0.2332497167002229,0.21032875944597862,0.022920957248307595,MarketWaitPage,23
1718907668.25,33.91,0.2332497167002229,0.21153384983287118,0.02171586686145769,MarketWaitPage,23
1718907668.5,33.91,0.2332497167002229,0.21311223018875905,0.020137486505630724,MarketWaitPage,23
1718907668.75,33.91,0.2332497167002229,0.21505711806962446,0.018192598624842224,MarketWaitPage,23
1718907669.0,33.89,0.19245440014205767,0.21735608919916252,-0.024901689062770828,MarketWaitPage,23
1718907669.25,33.89,0.19245440014205767,0.2199913483218822,-0.027536948185390143,MarketWaitPage,23
1718907669.5,33.89,0.19245440014205767,0.22294010405589465,-0.030485703919295642,MarketWaitPage,23
1718907669.75,33.89,0.19245440014205767,0.2261750394167994,-0.03372063928009048,MarketWaitPage,23
1718907670.0,33.91,0.2332497167002229,0.22966486740776862,0.00358484928721493,MarketWaitPage,23
1718907670.25,33.91,0.2332497167002229,0.23337495879367573,-0.00012524209858629388,MarketWaitPage,23
1718907670.5,33.91,0.2332497167002229,0.23726802707333614,-0.00401831037814688,MarketWaitPage,23
1718907670.75,33.91,0.2332497167002229,0.24130485393525836,-0.008055137239977467,MarketWaitPage,23
1718907671.0,33.93,0.2740450332584027,0.24544503729847522,0.028599995955066883,MarketWaitPage,23
1718907671.25,33.93,0.2740450332584027,0.24964774350922284,0.024397289744388567,MarketWaitPage,23
1718907671.5,33.93,0.2740450332584027,0.2538724454343834,0.020172587819283036,MarketWaitPage,23
1718907671.75,33.93,0.2740450332584027,0.25807962905826376,0.015965404195441294,MarketWaitPage,23
1718907672.0,33.93,0.2740450332584027,0.2622314526873715,0.011813580566353923,MarketWaitPage,23
1718907672.25,33.93,0.2740450332584027,0.26629234487604597,0.0077526883776807415,RoundResultsPage,23
1718907672.5,33.93,0.2740450332584027,0.2702295295420577,0.0038155037116508715,RoundResultsPage,23
1718907672.75,33.93,0.2740450332584027,0.27401346927792264,3.156397574846995e-05,RoundResultsPage,23
1718907673.0,33.93,0.2740450332584027,0.2776182204350889,-0.003573187181473942,RoundResultsPage,23
1718907673.25,33.93,0.2740450332584027,0.28102169605339244,-0.0069766627998517905,RoundResultsPage,23
1718907673.5,33.93,0.2740450332584027,0.2842058350534418,-0.010160801799992888,RoundResultsPage,23
1718907673.75,33.93,0.2740450332584027,0.28715667826748825,-0.01311164501414719,RoundResultsPage,23
1718907674.0,33.95,0.31484034981658243,0.28986435385213744,0.02497599595926148,RoundResultsPage,23
1718907674.25,33.95,0.31484034981658243,0.2923229764309016,0.022517373380364573,RoundResultsPage,23
1718907674.5,33.95,0.31484034981658243,0.29453046599784094,0.020309883813285114,RoundResultsPage,23
1718907674.75,33.95,0.31484034981658243,0.29648829420210754,0.01835205560887452,RoundResultsPage,23
1718907675.0,33.93,0.2740450332584027,0.2982011671034759,-0.02415613385081807,RoundResultsPage,23
1718907675.25,33.93,0.2740450332584027,0.2996766547525306,-0.025631621500014242,RoundResultsPage,23
1718907675.5,33.93,0.2740450332584027,0.3009247788792448,-0.026879745626863828,RoundResultsPage,23
1718907675.75,33.93,0.2740450332584027,0.3019575704640114,-0.027912537211757182,RoundResultsPage,23
1718907676.0,33.95,0.31484034981658243,0.3027886089888904,0.012051740821427528,RoundResultsPage,23
1718907676.25,33.95,0.31484034981658243,0.3034325547993884,0.011407795010825304,RoundResultsPage,23
1718907676.5,33.95,0.31484034981658243,0.30390468539885085,0.01093566441127099,RoundResultsPage,23
1718907676.75,33.95,0.31484034981658243,0.30422044581066326,0.010619903999378705,RoundResultsPage,23
1718907677.0,33.95,0.31484034981658243,0.30439502248851696,0.01044532732145641,RoundResultsPage,23
1718907677.25,33.95,0.31484034981658243,0.30444294966048485,0.010397400149430296,RoundResultsPage,23
1718907677.5,33.95,0.31484034981658243,0.3043777564155387,0.010462593394327542,RoundResultsPage,23
1718907677.75,33.95,0.31484034981658243,0.3042116621983269,0.010628687611499002,RoundResultsPage,23
1718907678.0,33.93,0.2740450332584027,0.3039553275731904,-0.029910294321576894,RoundResultsPage,23
1718907678.25,33.93,0.2740450332584027,0.3036176660569929,-0.02957263280540525,RoundResultsPage,23
1718907678.5,33.93,0.2740450332584027,0.30320572142481067,-0.029160688173241966,RoundResultsPage,23
1718907678.75,33.93,0.2740450332584027,0.30272461312946375,-0.028679579877906574,RoundResultsPage,23
1718907679.0,33.95,0.31484034981658243,0.3021775503881843,0.01266279942154962,RoundResultsPage,23
1718907679.25,33.95,0.31484034981658243,0.3015659132080129,0.013274436601727235,RoundResultsPage,23
1718907679.5,33.95,0.31484034981658243,0.300889396334718,0.01395095347503852,RoundResultsPage,23
1718907679.75,33.95,0.31484034981658243,0.30014621000326036,0.014694139806523341,RoundResultsPage,23
1718907680.0,33.93,0.2740450332584027,0.2993333295607696,-0.025288296309127156,RoundResultsPage,23
1718907680.25,33.93,0.2740450332584027,0.2984467845539505,-0.024401751302258207,RoundResultsPage,23
1718907680.5,33.93,0.2740450332584027,0.29748197668340093,-0.023436943431647587,RoundResultsPage,23
1718907680.75,33.93,0.2740450332584027,0.2964340150827514,-0.022388981830926517,RoundResultsPage,23
1718907681.0,33.95,0.31484034981658243,0.2952980566901241,0.019542293119962254,RoundResultsPage,23
1718907681.25,33.95,0.31484034981658243,0.29406963913107703,0.020770710679100947,RoundResultsPage,23
1718907681.5,33.95,0.31484034981658243,0.29274499366656953,0.022095356143709728,RoundResultsPage,23
1718907681.75,33.95,0.31484034981658243,0.29132132650808323,0.02351902330230577,RoundResultsPage,23
1718907682.0,33.95,0.31484034981658243,0.28979705822520796,0.02504329158529749,RoundResultsPage,23
1718907682.25,33.95,0.31484034981658243,0.2881720130284183,0.02666833678220811,RoundResultsPage,23
1718907682.5,33.95,0.31484034981658243,0.28644755227186985,0.028392797538879737,RoundResultsPage,23
1718907682.75,33.95,0.31484034981658243,0.2846266494012326,0.030213700409639888,RoundResultsPage,23
1718907683.0,33.93,0.2740450332584027,0.2827139065535899,-0.008668873300776966,RoundResultsPage,23
1718907683.25,33.93,0.2740450332584027,0.2807155158697645,-0.006670482616836282,RiskPage1,23
1718907683.5,33.93,0.2740450332584027,0.2786391710748031,-0.004594137821766308,RiskPage1,23
1718907683.75,33.93,0.2740450332584027,0.2764939368190358,-0.0024489035658983712,RiskPage1,23
1718907684.0,33.91,0.2332497167002229,0.2742900845109329,-0.04104036781588357,RiskPage1,23
1718907684.25,33.91,0.2332497167002229,0.27203890385438273,-0.03878918715925131,RiskPage1,23
1718907684.5,33.91,0.2332497167002229,0.2697524990437411,-0.036502782348537606,RiskPage1,23
1718907684.75,33.91,0.2332497167002229,0.2674435776567902,-0.034193860961524734,RiskPage1,23
1718907685.0,33.93,0.2740450332584027,0.26512523887986367,0.008919794373634007,RiskPage1,23
1718907685.25,33.93,0.2740450332584027,0.26281076603541503,0.011234267218126114,RiskPage1,23
1718907685.5,33.93,0.2740450332584027,0.26051342673565653,0.013531606517919677,RiskPage1,23
1718907685.75,33.93,0.2740450332584027,0.25824628261079496,0.015798750642808498,RiskPage1,23
1718907686.0,33.93,0.2740450332584027,0.25602200962830646,0.018023023625316985,RiskPage1,23
1718907686.25,33.93,0.2740450332584027,0.2538527295905824,0.02019230366305413,RiskPage1,23
1718907686.5,33.93,0.2740450332584027,0.25174985343292383,0.022295179820719345,RiskPage1,23
1718907686.75,33.93,0.2740450332584027,0.24972393733711407,0.024321095916529856,RiskPage1,23
1718907687.0,33.91,0.2332497167002229,0.24778455328512736,-0.01453483658966746,RiskPage1,23
1718907687.25,33.91,0.2332497167002229,0.24594017633978094,-0.0126904596443294,RiskPage1,23
1718907687.5,33.91,0.2332497167002229,0.24419809148740196,-0.010948374791962102,RiskPage1,23
1718907687.75,33.91,0.2332497167002229,0.24256432317006726,-0.009314606474641683,RiskPage1,23
1718907688.0,33.91,0.2332497167002229,0.24104359058919897,-0.0077938738937895925,RiskPage1,23
1718907688.25,33.91,0.2332497167002229,0.23963929147149318,-0.0063895747761013215,RiskPage1,23
1718907688.5,33.91,0.2332497167002229,0.2383535163065239,-0.005103799611150008,RiskPage1,23
1718907688.75,33.91,0.2332497167002229,0.23718709417553682,-0.0039373774801806215,RiskPage1,23
1718907689.0,33.91,0.2332497167002229,0.23613967027710794,-0.002889953581768597,RiskPage1,23
1718907689.25,33.91,0.2332497167002229,0.23520981419122516,-0.0019600974959013404,RiskPage2,23
1718907689.5,33.91,0.2332497167002229,0.23439515686998771,-0.0011454401746777624,RiskPage2,23
1718907689.75,33.91,0.2332497167002229,0.23369255334954026,-0.00044283665424199917,RiskPage2,23
1718907690.0,33.91,0.2332497167002229,0.23309826728220223,0.00015144941308734732,RiskPage2,23
1718907690.25,33.91,0.2332497167002229,0.23260817261837088,0.0006415440769137486,RiskPage2,23
1718907690.5,33.91,0.2332497167002229,0.23221796714430254,0.001031749550981694,RiskPage2,23
1718907690.75,33.91,0.2332497167002229,0.2319233921163072,0.001326324578981733,RiskPage2,23
1718907691.0,33.91,0.2332497167002229,0.2317204519296275,0.0015292647656711287,RiskPage2,23
1718907691.25,33.91,0.2332497167002229,0.2316056276211121,0.0016440890742004726,RiskPage2,23
1718907691.5,33.91,0.2332497167002229,0.23157607802391084,0.0016736386714182433,RiskPage2,23
1718907691.75,33.91,0.2332497167002229,0.23162982256130482,0.0016198941340415207,RiskPage2,23
1718907692.0,33.91,0.2332497167002229,0.23176589997412303,0.001483816721239152,RiskPage2,23
1718907692.25,33.91,0.2332497167002229,0.2319844977087505,0.0012652189866234806,RiskPage2,23
1718907692.5,33.91,0.2332497167002229,0.23228704723614807,0.0009626694592312301,RiskPage2,23
1718907692.75,33.91,0.2332497167002229,0.23267628121193334,0.00057343548344241,RiskPage2,23
1718907693.0,33.91,0.2332497167002229,0.2331562491092663,9.346758609459936e-05,RiskPage2,23
1718907693.25,33.91,0.2332497167002229,0.2337322887471555,-0.0004825720518230644,RiskPage2,23
1718907693.5,33.91,0.2332497167002229,0.23441095198602635,-0.0011612352907379973,RiskPage2,23
1718907693.75,33.91,0.2332497167002229,0.23519988376200737,-0.0019501670667800377,RiskPage2,23
1718907694.0,33.91,0.2332497167002229,0.23610765457710306,-0.0028579378819543816,RiskPage2,23
1718907694.25,33.91,0.2332497167002229,0.23714354755449207,-0.00389383085943967,RiskPage3,23
1718907694.5,33.91,0.2332497167002229,0.23831730221232197,-0.0050675855173825625,RiskPage3,23
1718907694.75,33.91,0.2332497167002229,0.23963881821770222,-0.006389101522890744,RiskPage3,23
1718907695.0,33.93,0.2740450332584027,0.24111782357435077,0.03292720967850043,RiskPage3,23
1718907695.25,33.93,0.2740450332584027,0.24276351299661084,0.031281520256091884,RiskPage3,23
1718907695.5,33.93,0.2740450332584027,0.24458416364645943,0.029460869606090283,RiskPage3,23
1718907695.75,33.93,0.2740450332584027,0.24658673694225083,0.027458296310145104,RiskPage3,23
1718907696.0,33.91,0.2332497167002229,0.24877647670656564,-0.01552676001250049,RiskPage3,23
1718907696.25,33.91,0.2332497167002229,0.25115651534786954,-0.017906798653949247,RiskPage3,23
1718907696.5,33.91,0.2332497167002229,0.2537275008630125,-0.020477784169227665,RiskPage3,23
1718907696.75,33.91,0.2332497167002229,0.2564872580182849,-0.023237541324623336,RiskPage3,23
1718907697.0,33.93,0.2740450332584027,0.2594304970089042,0.01461453624282846,RiskPage3,23
1718907697.25,33.93,0.2740450332584027,0.2625485822103104,0.011496451041329764,RiskPage3,23
1718907697.5,33.93,0.2740450332584027,0.2658293724026017,0.008215660848963241,RiskPage3,23
1718907697.75,33.93,0.2740450332584027,0.2692571421789045,0.0047878910726028515,RiskPage3,23
1718907698.0,33.91,0.2332497167002229,0.27281259221123333,-0.03956287551794574,RiskPage3,23
1718907698.25,33.91,0.2332497167002229,0.27647295365631186,-0.04322323696304711,RiskPage3,23
1718907698.5,33.91,0.2332497167002229,0.2802121892197393,-0.046962472526481044,RiskPage3,23
1718907698.75,33.91,0.2332497167002229,0.28400129027107807,-0.0507515735778114,RiskPage3,23
1718907699.0,33.95,0.31484034981658243,0.28780866601859023,0.027031683791057165,RiskPage3,23
1718907699.25,33.95,0.31484034981658243,0.2916006173296355,0.023239732480043157,RiskPage4,23
1718907699.5,33.95,0.31484034981658243,0.29534188461846994,0.01949846519124724,RiskPage4,23
1718907699.75,33.95,0.31484034981658243,0.2989962566045929,0.01584409320516755,RiskPage4,23
1718907700.0,33.95,0.31484034981658243,0.30252722485466516,0.012313124955141044,RiskPage4,23
1718907700.25,33.95,0.31484034981658243,0.3058986678935697,0.008941681916283126,RiskPage4,23
1718907700.5,33.95,0.31484034981658243,0.3090755482187664,0.00576480159113245,RiskPage4,23
1718907700.75,33.95,0.31484034981658243,0.3120246056353226,0.0028157441746211043,RiskPage4,23
1718907701.0,33.95,0.31484034981658243,0.3147150308056999,0.00012531900428651085,RiskPage4,23
1718907701.25,33.95,0.31484034981658243,0.3171191036625015,-0.0022787538524752567,RiskPage4,23
1718907701.5,33.95,0.31484034981658243,0.31921278227817323,-0.004372432468110803,RiskPage4,23
1718907701.75,33.95,0.31484034981658243,0.320976228866667,-0.0061358790565731475,RiskPage4,23
1718907702.0,33.95,0.31484034981658243,0.32239426077901606,-0.007553910968896788,RiskPage4,23
1718907702.25,33.95,0.31484034981658243,0.3234567156431502,-0.008616365833012611,RiskPage4,23
1718907702.5,33.95,0.31484034981658243,0.3241587212057749,-0.009318371395626919,RiskPage4,23
1718907702.75,33.95,0.31484034981658243,0.3245008619977414,-0.009660512187591412,RiskPage4,23
1718907703.0,33.97,0.3556356663747477,0.3244892367169536,0.03114642965135542,RiskPage4,23
1718907703.25,33.97,0.3556356663747477,0.324135402266802,0.03150026410149327,RiskPage4,23
1718907703.5,33.97,0.3556356663747477,0.3234562027588242,0.03217946360945084,RiskPage4,23
1718907703.75,33.97,0.3556356663747477,0.3224734845031284,0.033162181865121224,RiskPage4,23
1718907704.0,33.95,0.31484034981658243,0.3212137010119846,-0.006373351201929483,RiskPage4,23
1718907704.25,33.95,0.31484034981658243,0.31970741518380497,-0.0048670653737817975,PreMarketWait,24
1718907704.5,33.95,0.31484034981658243,0.3179887089049479,-0.003148359094958441,PreMarketWait,24
1718907704.75,33.95,0.31484034981658243,0.31609451308774206,-0.0012541632777875193,PreMarketWait,24
1718907705.0,33.95,0.31484034981658243,0.31406387348969844,0.0007764763202202877,PreMarketWait,24
1718907705.25,33.95,0.31484034981658243,0.31193716944450633,0.002903180365376193,PreMarketWait,24
1718907705.5,33.95,0.31484034981658243,0.3097553038576146,0.005085045952231856,PreMarketWait,24
1718907705.75,33.95,0.31484034981658243,0.30755888348451055,0.007281466325300625,PreMarketWait,24
1718907706.0,33.93,0.2740450332584027,0.3053874086246258,-0.03134237537302801,PreMarketWait,24
1718907706.25,33.93,0.2740450332584027,0.30327849092347897,-0.029233457671911812,PreMarketWait,24
1718907706.5,33.93,0.2740450332584027,0.3012671169732848,-0.027222083721744072,PreMarketWait,24
1718907706.75,33.93,0.2740450332584027,0.29938497385563306,-0.025339940604113043,PreMarketWait,24
1718907707.0,33.95,0.31484034981658243,0.2976598507544532,0.017180499055233167,PreMarketWait,24
1718907707.25,33.95,0.31484034981658243,0.2961151284290039,0.01872522138067793,PreMarketWait,24
1718907707.5,33.95,0.31484034981658243,0.294769365862796,0.020070983946891323,PreMarketWait,24
1718907707.75,33.95,0.31484034981658243,0.2936359909645129,0.021204358845191132,PreMarketWait,24
1718907708.0,33.93,0.2740450332584027,0.292723099882217,-0.018678066630663945,PreMarketWait,24
1718907708.25,33.93,0.2740450332584027,0.2920333672914008,-0.017988334039806254,PreMarketWait,24
1718907708.5,33.93,0.2740450332584027,0.2915640678445136,-0.01751903459286462,PreMarketWait,24
1718907708.75,33.93,0.2740450332584027,0.2913072067258388,-0.01726217347412235,PreMarketWait,24
1718907709.0,33.93,0.2740450332584027,0.2912497548932427,-0.017204721641446118,PreMarketWait,24
1718907709.25,33.93,0.2740450332584027,0.29137398214112376,-0.017328948889235186,PreMarketWait,24
1718907709.5,33.93,0.2740450332584027,0.29165787869187326,-0.017612845439882084,PreMarketWait,24
1718907709.75,33.93,0.2740450332584027,0.2920756537614874,-0.01803062050938457,PreMarketWait,24
1718907710.0,33.95,0.31484034981658243,0.2925982976076366,0.022242052202765088,PreMarketWait,24
1718907710.25,33.95,0.31484034981658243,0.29319419211374825,0.021646157696778634,MarketGridChoice,24
1718907710.5,33.95,0.31484034981658243,0.2938297541332822,0.02101059567737464,MarketGridChoice,24
1718907710.75,33.95,0.31484034981658243,0.2944700957148901,0.020370254095899973,MarketGridChoice,24
1718907711.0,33.95,0.31484034981658243,0.29507968597751755,0.01976066383340685,MarketGridChoice,24
1718907711.25,33.95,0.31484034981658243,0.2956230007415006,0.01921734906955727,MarketGridChoice,24
1718907711.5,33.95,0.31484034981658243,0.2960651479111498,0.018775201900038684,MarketGridChoice,24
1718907711.75,33.95,0.31484034981658243,0.29637245887095276,0.018467890940361456,MarketGridChoice,24
1718907712.0,33.95,0.31484034981658243,0.2965130386149137,0.018327311196519685,MarketGridChoice,24
1718907712.25,33.95,0.31484034981658243,0.29645726979181264,0.018383080019731254,MarketGridChoice,24
1718907712.5,33.95,0.31484034981658243,0.29617826813773407,0.018662081673908815,MarketGridChoice,24
1718907712.75,33.95,0.31484034981658243,0.2956522887042373,0.019188061107490065,MarketGridChoice,24
1718907713.0,33.91,0.2332497167002229,0.29485908370242453,-0.06160936700698974,MarketGridChoice,24
1718907713.25,33.91,0.2332497167002229,0.29378221350472045,-0.06053249680923919,MarketGridChoice,24
1718907713.5,33.91,0.2332497167002229,0.29240931224485883,-0.05915959554935376,MarketGridChoice,24
1718907713.75,33.91,0.2332497167002229,0.29073230848620807,-0.05748259179070364,MarketGridChoice,24
1718907714.0,33.93,0.2740450332584027,0.28874759969368946,-0.014702566440031227,MarketGridChoice,24
1718907714.25,33.93,0.2740450332584027,0.2864561770257975,-0.012411143772190159,MarketGridChoice,24
1718907714.5,33.93,0.2740450332584027,0.2838636946705621,-0.009818661417028883,MarketGridChoice,24
1718907714.75,33.93,0.2740450332584027,0.2809804760243464,-0.006935442770908178,MarketGridChoice,24
1718907715.0,33.95,0.31484034981658243,0.277821447836108,0.03701890197539714,MarketGridChoice,24
1718907715.25,33.95,0.31484034981658243,0.2744059932845923,0.04043435652678578,MarketGridChoice,24
1718907715.5,33.95,0.31484034981658243,0.27075771597888837,0.0440826338323521,MarketGridChoice,24
1718907715.75,33.95,0.31484034981658243,0.2669041091175271,0.047936240693569034,MarketGridChoice,24
1718907716.0,33.95,0.31484034981658243,0.26287612742991684,0.0519642223810319,MarketGridChoice,24
1718907716.25,33.95,0.31484034981658243,0.25870766385177213,0.05613268595902987,MarketGridChoice,24
1718907716.5,33.95,0.31484034981658243,0.2544349378385755,0.06040541197208374,MarketGridChoice,24
1718907716.75,33.95,0.31484034981658243,0.2500958074049429,0.06474454240558024,MarketGridChoice,24
1718907717.0,33.89,0.19245440014205767,0.2457290219487089,-0.05327462181283772,MarketGridChoice,24
1718907717.25,33.89,0.19245440014205767,0.2413734372025154,-0.048919037066760575,MarketGridChoice,24
1718907717.5,33.89,0.19245440014205767,0.23706721678992107,-0.04461281665427007,MarketGridChoice,24
1718907717.75,33.89,0.19245440014205767,0.2328470464792344,-0.04039264634367321,MarketGridChoice,24
1718907718.0,33.89,0.19245440014205767,0.2287473871523437,-0.03629298701685688,MarketGridChoice,24
1718907718.25,33.89,0.19245440014205767,0.2247997908045647,-0.032345390669135485,MarketGridChoice,24
1718907718.5,33.89,0.19245440014205767,0.22103230082583267,-0.02857790069044289,MarketGridChoice,24
1718907718.75,33.89,0.19245440014205767,0.21746895373842354,-0.025014553603053637,MarketGridChoice,24
1718907719.0,33.89,0.19245440014205767,0.21412939484800453,-0.02167499471263384,MarketGridChoice,24
1718907719.25,33.89,0.19245440014205767,0.21102861524264327,-0.018574215107250158,MarketGridChoice,24
1718907719.5,33.89,0.19245440014205767,0.2081768125524848,-0.01572241241704706,MarketGridChoice,24
1718907719.75,33.89,0.19245440014205767,0.2055793731302906,-0.013124972994785971,MarketGridChoice,24
1718907720.0,33.91,0.2332497167002229,0.20323696906565691,0.030012747628101542,MarketGridChoice,24
1718907720.25,33.91,0.2332497167002229,0.20114575990450986,0.03210395678935775,MarketGridChoice,24
1718907720.5,33.91,0.2332497167002229,0.1992976862658614,0.033952030428134064,MarketGridChoice,24
1718907720.75,33.91,0.2332497167002229,0.19768084081406603,0.03556887588007357,MarketGridChoice,24
1718907721.0,33.89,0.19245440014205767,0.19627990123922978,-0.0038255011030980876,MarketGridChoice,24
1718907721.25,33.89,0.19245440014205767,0.19507660989136552,-0.0026222097550670856,MarketGridChoice,24
1718907721.5,33.89,0.19245440014205767,0.19405028529475365,-0.0015958851582831557,MarketGridChoice,24
1718907721.75,33.89,0.19245440014205767,0.19317835170975556,-0.0007239515731118848,MarketGridChoice,24
1718907722.0,33.89,0.19245440014205767,0.19243687402813986,1.7526108673907026e-05,MarketGridChoice,24
1718907722.25,33.89,0.19245440014205767,0.19180108647963384,0.0006533136573429951,MarketGridChoice,24
1718907722.5,33.89,0.19245440014205767,0.1912459048529787,0.0012084952841506912,MarketGridChoice,24
1718907722.75,33.89,0.19245440014205767,0.1907464131901137,0.0017079869471548215,MarketGridChoice,24
1718907723.0,33.89,0.19245440014205767,0.1902783172014249,0.002176082935967069,MarketGridChoice,24
1718907723.25,33.89,0.19245440014205767,0.1898183579739654,0.0026360421635328434,MarketGridChoice,24
1718907723.5,33.89,0.19245440014205767,0.18934468089802753,0.003109719239559065,MarketGridChoice,24
1718907723.75,33.89,0.19245440014205767,0.188837156109796,0.0036172440278609873,MarketGridChoice,24
1718907724.0,33.89,0.19245440014205767,0.1882776481234603,0.004176752014249907,MarketGridChoice,24
1718907724.25,33.89,0.19245440014205767,0.18765023368490352,0.0048041664528439875,MarketGridChoice,24
1718907724.5,33.89,0.19245440014205767,0.18694136819615567,0.005513031941614925,MarketGridChoice,24
1718907724.75,33.89,0.19245440014205767,0.1861400023057839,0.006314397831997717,MarketGridChoice,24
1718907725.0,33.89,0.19245440014205767,0.18523765140093185,0.007216748736850895,MarketGridChoice,24
1718907725.25,33.89,0.19245440014205767,0.1842284217320417,0.00822597840573434,MarketGridChoice,24
1718907725.5,33.89,0.19245440014205767,0.18310899770560993,0.009345402432153609,MarketGridChoice,24
1718907725.75,33.89,0.19245440014205767,0.1818785954411093,0.010575804696637825,MarketGridChoice,24
1718907726.0,33.87,0.15165908358387792,0.18053888794571718,-0.028879804366168493,MarketGridChoice,24
1718907726.25,33.87,0.15165908358387792,0.17909390715020732,-0.027434823570678103,MarketGridChoice,24
1718907726.5,33.87,0.15165908358387792,0.17754992751405257,-0.025890843934542027,MarketGridChoice,24
1718907726.75,33.87,0.15165908358387792,0.17591533492438263,-0.02425625134488818,MarketGridChoice,24
1718907727.0,33.87,0.15165908358387792,0.17420048322551104,-0.022541399646028592,MarketGridChoice,24
1718907727.25,33.87,0.15165908358387792,0.17241753904812462,-0.02075845546864885,MarketGridChoice,24
1718907727.5,33.87,0.15165908358387792,0.1705803138494307,-0.018921230269955604,MarketGridChoice,24
1718907727.75,33.87,0.15165908358387792,0.16870408044742083,-0.017044996867939963,MarketGridChoice,24
1718907728.0,33.89,0.19245440014205767,0.16680537005498625,0.025649030082686902,MarketGridChoice,24
1718907728.25,33.89,0.19245440014205767,0.1649017450981032,0.027552655039589605,MarketGridChoice,24
1718907728.5,33.89,0.19245440014205767,0.16301154310903274,0.02944285702868716,MarketGridChoice,24
1718907728.75,33.89,0.19245440014205767,0.1611535878311853,0.03130081230656897,MarketGridChoice,24
1718907729.0,33.89,0.19245440014205767,0.1593468653722924,0.033107534765503134,MarketGridChoice,24
1718907729.25,33.89,0.19245440014205767,0.15761016570086353,0.03484423443697934,MarketGridChoice,24
1718907729.5,33.89,0.19245440014205767,0.1559616928059894,0.036492707331905946,MarketGridChoice,24
1718907729.75,33.89,0.19245440014205767,0.15441865017871417,0.03803574995923778,MarketGridChoice,24
1718907730.0,33.87,0.15165908358387792,0.15299681163729434,-0.001337728057462545,MarketGridChoice,24
1718907730.25,33.87,0.15165908358387792,0.1517100906048845,-5.100702499159088e-05,MarketGridChoice,24
1718907730.5,33.87,0.15165908358387792,0.15057012345310336,0.0010889601268506653,MarketGridChoice,24
1718907730.75,33.87,0.15165908358387792,0.14958588417453347,0.0020731994054802028,MarketGridChoice,24
1718907731.0,33.84,0.09046610874663003,0.14876334823193615,-0.058297239489113306,MarketGridChoice,24
1718907731.25,33.84,0.09046610874663003,0.1481052228284429,-0.057639114085566275,ForecastPage,24
1718907731.5,33.84,0.09046610874663003,0.14761075901917464,-0.057144650276247724,ForecastPage,24
1718907731.75,33.84,0.09046610874663003,0.14727565810963297,-0.05680954936665922,ForecastPage,24
1718907732.0,33.87,0.15165908358387792,0.14709208085301073,0.004567002727254528,ForecastPage,24
1718907732.25,33.87,0.15165908358387792,0.14704876339156817,0.0046103201887375544,ForecastPage,24
1718907732.5,33.87,0.15165908358387792,0.1471312390969718,0.004527844483371159,ForecastPage,24
1718907732.75,33.87,0.15165908358387792,0.14732216085688388,0.004336922723492977,ForecastPage,24
1718907733.0,33.87,0.15165908358387792,0.14760171424074045,0.004057369339666862,ForecastPage,24
1718907733.25,33.87,0.15165908358387792,0.14794810853033358,0.003710975050100433,ForecastPage,24
1718907733.5,33.87,0.15165908358387792,0.14833812987711711,0.003320953703339513,ForecastPage,24
1718907733.75,33.87,0.15165908358387792,0.14874773883830542,0.0029113447421694133,ForecastPage,24
1718907734.0,33.87,0.15165908358387792,0.14915269321450642,0.002506390365981709,ForecastPage,24
1718907734.25,33.87,0.15165908358387792,0.1495291764262741,0.0021299071542218734,ForecastPage,24
1718907734.5,33.87,0.15165908358387792,0.1498544115914402,0.001804671989058048,ForecastPage,24
1718907734.75,33.87,0.15165908358387792,0.15010724196861563,0.0015518416118793128,ForecastPage,24
1718907735.0,33.87,0.15165908358387792,0.1502686594876113,0.0013904240928751758,ForecastPage,24
1718907735.25,33.87,0.15165908358387792,0.1503222646709835,0.0013368189094899053,ForecastPage,24
1718907735.5,33.87,0.15165908358387792,0.1502546433419964,0.0014044402384600398,ForecastPage,24
1718907735.75,33.87,0.15165908358387792,0.15005564809532668,0.0016034354851099282,ForecastPage,24
1718907736.0,33.89,0.19245440014205767,0.14971857556190546,0.04273582457668938,ForecastPage,24
1718907736.25,33.89,0.19245440014205767,0.14924023401008876,0.04321416612848419,ForecastPage,24
1718907736.5,33.89,0.19245440014205767,0.14862089975716272,0.043833500381389126,ForecastPage,24
1718907736.75,33.89,0.19245440014205767,0.1478641651379458,0.044590235000586786,ForecastPage,24
1718907737.0,33.87,0.15165908358387792,0.1469766852311926,0.004682398349143808,ForecastPage,24
1718907737.25,33.87,0.15165908358387792,0.1459678349266963,0.005691248653627343,ForecastPage,24
1718907737.5,33.87,0.15165908358387792,0.1448492919076598,0.006809791672655515,ForecastPage,24
1718907737.75,33.87,0.15165908358387792,0.1436345643995452,0.008024519180766429,ForecastPage,24
1718907738.0,33.84,0.09046610874663003,0.14233848482864803,-0.051872376085583365,ForecastPage,24
1718907738.25,33.84,0.09046610874663003,0.14097669165889898,-0.050510582915828973,ForecastPage,24
1718907738.5,33.84,0.09046610874663003,0.1395651215452632,-0.04909901280218351,ForecastPage,24
1718907738.75,33.84,0.09046610874663003,0.13811953256925213,-0.04765342382615843,ForecastPage,24
1718907739.0,33.87,0.15165908358387792,0.13665507684132186,0.01500400673903799,ForecastPage,24
1718907739.25,33.87,0.15165908358387792,0.13518593742794885,0.016473146152433227,ForecastPage,24
1718907739.5,33.87,0.15165908358387792,0.13372504072948083,0.017934042850926868,ForecastPage,24
1718907739.75,33.87,0.15165908358387792,0.132283851427,0.019375232153435985,ForecastPage,24
1718907740.0,33.83,0.0700684504675329,0.13087225315631534,-0.06080380269219418,ForecastPage,24
1718907740.25,33.83,0.0700684504675329,0.12949851423765757,-0.059430063773505015,ForecastPage,24
1718907740.5,33.83,0.0700684504675329,0.12816933407682538,-0.058100883612640535,ForecastPage,24
1718907740.75,33.83,0.0700684504675329,0.12688996225238233,-0.056821511788164365,ForecastPage,24
1718907741.0,33.89,0.19245440014205767,0.1256643789256292,0.06679002121314771,ForecastPage,24
1718907741.25,33.89,0.19245440014205767,0.12449552232470942,0.06795887781410297,ForecastPage,24
1718907741.5,33.89,0.19245440014205767,0.12338554702327414,0.06906885311557476,ForecastPage,24
1718907741.75,33.89,0.19245440014205767,0.12233609586258531,0.07011830427630054,ForecastPage,24
1718907742.0,33.84,0.09046610874663003,0.12134856874691637,-0.03088246000342168,ForecastPage,24
1718907742.25,33.84,0.09046610874663003,0.12042437299292431,-0.02995826424939478,ForecastPage,24
1718907742.5,33.84,0.09046610874663003,0.11956514204900687,-0.02909903330544495,ForecastPage,24
1718907742.75,33.84,0.09046610874663003,0.11877291180255761,-0.028306803058966098,ForecastPage,24
1718907743.0,33.87,0.15165908358387792,0.11805024607823948,0.033608837502626776,ForecastPage,24
1718907743.25,33.87,0.15165908358387792,0.11740030522403326,0.0342587783568574,ForecastPage,24
1718907743.5,33.87,0.15165908358387792,0.11682685396943282,0.034832229611480144,ForecastPage,24
1718907743.75,33.87,0.15165908358387792,0.11633420714393851,0.03532487643699497,ForecastPage,24
1718907744.0,33.84,0.09046610874663003,0.11592711440400678,-0.025461005660302148,ForecastPage,24
1718907744.25,33.84,0.09046610874663003,0.11561058774049225,-0.025144478996769953,ForecastPage,24
1718907744.5,33.84,0.09046610874663003,0.11538967803686613,-0.02492356929312755,ForecastPage,24
1718907744.75,33.84,0.09046610874663003,0.11526920912630773,-0.024803100382554268,ForecastPage,24
1718907745.0,33.87,0.15165908358387792,0.11525347954528559,0.036405604035729344,ForecastPage,24
1718907745.25,33.87,0.15165908358387792,0.11534594352030272,0.03631314006072451,ForecastPage,24
1718907745.5,33.87,0.15165908358387792,0.11554888375949857,0.036110199821539506,ForecastPage,24
1718907745.75,33.87,0.15165908358387792,0.11586308945619472,0.03579599412485226,ForecastPage,24
1718907746.0,33.84,0.09046610874663003,0.11628755355909107,-0.025821444815285644,ForecastPage,24
1718907746.25,33.84,0.09046610874663003,0.11681920370597132,-0.026353094962162784,ForecastPage,24
1718907746.5,33.84,0.09046610874663003,0.1174526810461688,-0.026986572302361067,ForecastPage,24
1718907746.75,33.84,0.09046610874663003,0.118180180285281,-0.02771407154147855,ForecastPage,24
1718907747.0,33.84,0.09046610874663003,0.1189913625622825,-0.02852525381849,ForecastPage,24
1718907747.25,33.84,0.09046610874663003,0.11987335024178102,-0.029407241498003014,ForecastPage,24
1718907747.5,33.84,0.09046610874663003,0.12081080952170044,-0.030344700777940874,ForecastPage,24
1718907747.75,33.84,0.09046610874663003,0.12178612314093136,-0.03132001439719317,ForecastPage,24
1718907748.0,33.87,0.15165908358387792,0.12277965167546116,0.02887943190550199,ForecastPage,24
1718907748.25,33.87,0.15165908358387792,0.123770078195597,0.027889005385343255,ForecastPage,24
1718907748.5,33.87,0.15165908358387792,0.12473482766505432,0.026924255915864503,ForecastPage,24
1718907748.75,33.87,0.15165908358387792,0.12565054958042765,0.026008534000472323,ForecastPage,24
1718907749.0,33.84,0.09046610874663003,0.12649365005469898,-0.03602754131106231,ForecastPage,24
1718907749.25,33.84,0.09046610874663003,0.12724085779280084,-0.03677474904917551,ForecastPage,24
1718907749.5,33.84,0.09046610874663003,0.12786980705960124,-0.03740369831598274,ForecastPage,24
1718907749.75,33.84,0.09046610874663003,0.12835961967851892,-0.037893510934902216,ForecastPage,24
1718907750.0,33.87,0.15165908358387792,0.12869146729957798,0.02296761628129025,ForecastPage,24
1718907750.25,33.87,0.15165908358387792,0.12884909475337727,0.022809988827500422,ForecastPage,24
1718907750.5,33.87,0.15165908358387792,0.1288192854746927,0.02283979810620054,ForecastPage,24
1718907750.75,33.87,0.15165908358387792,0.1285922509543962,0.02306683262651899,ForecastPage,24
1718907751.0,33.87,0.15165908358387792,0.12816192809151247,0.023497155489431303,ForecastPage,24
1718907751.25,33.87,0.15165908358387792,0.12752617116689907,0.024132912414080054,ForecastPage,24
1718907751.5,33.87,0.15165908358387792,0.12668682882929932,0.02497225475172178,ForecastPage,24
1718907751.75,33.87,0.15165908358387792,0.1256497007891229,0.026009382791946402,ForecastPage,24
1718907752.0,33.87,0.15165908358387792,0.12442437364369761,0.02723470993742543,ForecastPage,24
1718907752.25,33.87,0.15165908358387792,0.1230239401887341,0.0286351433924473,ForecastPage,24
1718907752.5,33.87,0.15165908358387792,0.12146461147670402,0.03019447210453904,ForecastPage,24
1718907752.75,33.87,0.15165908358387792,0.11976523552833579,0.031893848052970714,ForecastPage,24
1718907753.0,33.84,0.09046610874663003,0.11794674074404854,-0.027480631999926522,ForecastPage,24
1718907753.25,33.84,0.09046610874663003,0.11603152544773515,-0.025565416703551468,ForecastPage,24
1718907753.5,33.84,0.09046610874663003,0.11404281738794399,-0.023576708643701736,ForecastPage,24
1718907753.75,33.84,0.09046610874663003,0.11200402823588135,-0.02153791949158458,ForecastPage,24
1718907754.0,33.84,0.09046610874663003,0.10993812807197315,-0.019472019327626572,ForecastPage,24
1718907754.25,33.84,0.09046610874663003,0.10786706358306802,-0.017400954838676767,ForecastPage,24
1718907754.5,33.84,0.09046610874663003,0.10581124134035844,-0.015345132595927881,ForecastPage,24
1718907754.75,33.84,0.09046610874663003,0.10378909428201546,-0.013322985537550958,ForecastPage,24
1718907755.0,33.83,0.0700684504675329,0.10181674557917231,-0.03174829511377599,ForecastPage,24
1718907755.25,33.83,0.0700684504675329,0.09990777960245373,-0.029839329137032893,ForecastPage,24
1718907755.5,33.83,0.0700684504675329,0.09807312490176054,-0.02800467443631873,ForecastPage,24
1718907755.75,33.83,0.0700684504675329,0.09632104914084554,-0.02625259867538515,ForecastPage,24
1718907756.0,33.84,0.09046610874663003,0.09465726098689788,-0.004191152242322853,ForecastPage,24
1718907756.25,33.84,0.09046610874663003,0.09308510926717546,-0.0026190005225825846,ForecastPage,24
1718907756.5,33.84,0.09046610874663003,0.09160586550596395,-0.0011397567613516072,ForecastPage,24
1718907756.75,33.84,0.09046610874663003,0.09021907246504345,0.0002470362795910265,ForecastPage,24
1718907757.0,33.84,0.09046610874663003,0.0889229387016831,0.0015431700429769774,ForecastPage,24
1718907757.25,33.84,0.09046610874663003,0.08771475754173833,0.0027513512029512755,ForecastPage,24
1718907757.5,33.84,0.09046610874663003,0.0865913282999494,0.003874780444773863,ForecastPage,24
1718907757.75,33.84,0.09046610874663003,0.08554935808715736,0.004916750657603518,ForecastPage,24
1718907758.0,33.87,0.15165908358387792,0.08458582412510016,0.0670732594569496,ForecastPage,24
1718907758.25,33.87,0.15165908358387792,0.08369827912439201,0.06796080445770118,ForecastPage,24
1718907758.5,33.87,0.15165908358387792,0.0828850859142855,0.06877399766785226,ForecastPage,24
1718907758.75,33.87,0.15165908358387792,0.08214557201046035,0.06951351157172148,ForecastPage,24
1718907759.0,33.83,0.0700684504675329,0.08148009990979262,-0.011411649443913999,ForecastPage,24
1718907759.25,33.83,0.0700684504675329,0.08089005420708316,-0.010821603741166745,ForecastPage,24
1718907759.5,33.83,0.0700684504675329,0.08037775164432574,-0.010309301178377063,ForecastPage,24
1718907759.75,33.83,0.0700684504675329,0.07994628444925192,-0.009877833983277847,ForecastPage,24
1718907760.0,33.81,0.029273133909367647,0.07959931044215458,-0.050326176534328436,ForecastPage,24
1718907760.25,33.81,0.029273133909367647,0.07934080521331006,-0.0500676713054756,ForecastPage,24
1718907760.5,33.81,0.029273133909367647,0.07917479218953874,-0.049901658281705646,ForecastPage,24
1718907760.75,33.81,0.029273133909367647,0.0791050657385594,-0.049831931830737766,ForecastPage,24
1718907761.0,33.84,0.09046610874663003,0.07913492083182723,0.011331187913235286,ForecastPage,24
1718907761.25,33.84,0.09046610874663003,0.07926690052091408,0.011199208224117373,MarketWaitPage,24
1718907761.5,33.84,0.09046610874663003,0.0795025699509831,0.010963538794008354,MarketWaitPage,24
1718907761.75,33.84,0.09046610874663003,0.07984232318549227,0.010623785559451315,MarketWaitPage,24
1718907762.0,33.84,0.09046610874663003,0.08028522699586808,0.01018088174902089,MarketWaitPage,24
1718907762.25,33.84,0.09046610874663003,0.08082890408889677,0.009637204655932137,MarketWaitPage,24
1718907762.5,33.84,0.09046610874663003,0.08146945699782193,0.00899665174694282,MarketWaitPage,24
1718907762.75,33.84,0.09046610874663003,0.08220143298071507,0.00826467576398284,MarketWaitPage,24
1718907763.0,33.84,0.09046610874663003,0.08301782965975035,0.007448279084879409,MarketWaitPage,24
1718907763.25,33.84,0.09046610874663003,0.08391014070424781,0.00655596804031384,MarketWaitPage,24
1718907763.5,33.84,0.09046610874663003,0.08486844051990264,0.005597668224592299,MarketWaitPage,24
1718907763.75,33.84,0.09046610874663003,0.0858815065735613,0.004584602170869579,MarketWaitPage,24
1718907764.0,33.83,0.0700684504675329,0.086936977581245,-0.016868527115971577,MarketWaitPage,24
1718907764.25,33.83,0.0700684504675329,0.08802154525024614,-0.01795309478502863,RoundResultsPage,24
1718907764.5,33.83,0.0700684504675329,0.08912117654400671,-0.019052726078840045,RoundResultsPage,24
1718907764.75,33.83,0.0700684504675329,0.09022136251223273,-0.02015291204711126,RoundResultsPage,24
1718907765.0,33.84,0.09046610874663003,0.09130738862759129,-0.000841279883411792,RoundResultsPage,24
1718907765.25,33.84,0.09046610874663003,0.09236462037836227,-0.0018985116342153776,RoundResultsPage,24
1718907765.5,33.84,0.09046610874663003,0.09337879670820756,-0.0029126879640865577,RoundResultsPage,24
1718907765.75,33.84,0.09046610874663003,0.09433632290450812,-0.003870214160406202,RoundResultsPage,24
1718907766.0,33.84,0.09046610874663003,0.09522455382965127,-0.004758445085561692,RoundResultsPage,24
1718907766.25,33.84,0.09046610874663003,0.09603205804434164,-0.005565949300257863,RoundResultsPage,24
1718907766.5,33.84,0.09046610874663003,0.09674885343841408,-0.00628274469432985,RoundResultsPage,24
1718907766.75,33.84,0.09046610874663003,0.0973666054996951,-0.006900496755604514,RoundResultsPage,24
1718907767.0,33.87,0.15165908358387792,0.0978787803520083,0.053780303229342186,RoundResultsPage,24
1718907767.25,33.87,0.15165908358387792,0.09828074621698615,0.05337833736438173,RoundResultsPage,24
1718907767.5,33.87,0.15165908358387792,0.09856981902060835,0.05308926456078188,RoundResultsPage,24
1718907767.75,33.87,0.15165908358387792,0.09874525043365374,0.05291383314776302,RoundResultsPage,24
1718907768.0,33.83,0.0700684504675329,0.09880815955413073,-0.028739709089029265,RoundResultsPage,24
1718907768.25,33.83,0.0700684504675329,0.09876141242941834,-0.02869296196428505,RoundResultsPage,24
1718907768.5,33.83,0.0700684504675329,0.09860945631652633,-0.028541005851360084,RoundResultsPage,24
1718907768.75,33.83,0.0700684504675329,0.09835811765579128,-0.02828966719059188,RoundResultsPage,24
1718907769.0,33.84,0.09046610874663003,0.09801437398425562,-0.007548265239926539,RoundResultsPage,24
1718907769.25,33.84,0.09046610874663003,0.09758611041834858,-0.007120001673988151,RoundResultsPage,24
1718907769.5,33.84,0.09046610874663003,0.09708187101661811,-0.006615762272228182,RoundResultsPage,24
1718907769.75,33.84,0.09046610874663003,0.09651061448305999,-0.006044505738642934,RoundResultsPage,24
1718907770.0,33.84,0.09046610874663003,0.09588148247311819,-0.005415373728676733,RoundResultsPage,24
1718907770.25,33.84,0.09046610874663003,0.09520358735821258,-0.004737478613749629,RoundResultsPage,24
1718907770.5,33.84,0.09046610874663003,0.09448582478899974,-0.004019716044518106,RoundResultsPage,24
1718907770.75,33.84,0.09046610874663003,0.09373671484388439,-0.003270606099386588,RoundResultsPage,24
1718907771.0,33.84,0.09046610874663003,0.09296427401537342,-0.002498165270861552,RoundResultsPage,24
1718907771.25,33.84,0.09046610874663003,0.09217591882287142,-0.0017098100783471716,RoundResultsPage,24
1718907771.5,33.84,0.09046610874663003,0.0913784004902165,-0.0009122917456812069,RoundResultsPage,24
1718907771.75,33.84,0.09046610874663003,0.09057776892680548,-0.00011166018226024853,RoundResultsPage,24
1718907772.0,33.84,0.09046610874663003,0.08977936323281564,0.0006867455117385314,RoundResultsPage,24
1718907772.25,33.84,0.09046610874663003,0.08898782513492888,0.001478283609633225,RoundResultsPage,24
1718907772.5,33.84,0.09046610874663003,0.0882071311649535,0.0022589775796154864,RoundResultsPage,24
1718907772.75,33.84,0.09046610874663003,0.08744063902829577,0.003025469716279089,RoundResultsPage,24
1718907773.0,33.84,0.09046610874663003,0.08669114347342238,0.003774965271157373,RoundResultsPage,24
1718907773.25,33.84,0.09046610874663003,0.08596093706094111,0.004505171683642587,RoundResultsPage,24
1718907773.5,33.84,0.09046610874663003,0.085251871528032,0.005214237216554604,RoundResultsPage,24
1718907773.75,33.84,0.09046610874663003,0.08456541592975964,0.005900692814828769,RoundResultsPage,24
1718907774.0,33.84,0.09046610874663003,0.08390270838523875,0.006563400359350313,RoundResultsPage,24
1718907774.25,33.84,0.09046610874663003,0.08326459902869206,0.007201509715896411,RoundResultsPage,24
1718907774.5,33.84,0.09046610874663003,0.08265168262131697,0.007814426123269505,RoundResultsPage,24
1718907774.75,33.84,0.09046610874663003,0.08206432017114988,0.008401788573433232,RoundResultsPage,24
1718907775.0,33.83,0.0700684504675329,0.08150264978015835,-0.01143419931467703,RoundResultsPage,24
1718907775.25,33.83,0.0700684504675329,0.08096658773166197,-0.010898137266186545,RiskPage1,24
1718907775.5,33.83,0.0700684504675329,0.08045582149035588,-0.0103873710248873,RiskPage1,24
1718907775.75,33.83,0.0700684504675329,0.0799697967717621,-0.009901346306300966,RiskPage1,24
1718907776.0,33.84,0.09046610874663003,0.07950770114132069,0.010958407603229988,RiskPage1,24
1718907776.25,33.84,0.09046610874663003,0.07906844675877066,0.011397661985772887,RiskPage1,24
1718907776.5,33.84,0.09046610874663003,0.07865065494985143,0.01181545379468595,RiskPage1,24
1718907776.75,33.84,0.09046610874663003,0.07825264531879596,0.01221346342573681,RiskPage1,24
1718907777.0,33.83,0.0700684504675329,0.07787243213065705,-0.007803981665223907,RiskPage1,24
1718907777.25,33.83,0.0700684504675329,0.07750773066381358,-0.007439280198380368,RiskPage1,24
1718907777.5,33.83,0.0700684504675329,0.0771559760970286,-0.007087525631592227,RiskPage1,24
1718907777.75,33.83,0.0700684504675329,0.07681435718524561,-0.006745906719802727,RiskPage1,24
1718907778.0,33.83,0.0700684504675329,0.07647986645392689,-0.006411415988474028,RiskPage1,24
1718907778.25,33.83,0.0700684504675329,0.07614936790459366,-0.0060809174391273065,RiskPage1,24
1718907778.5,33.83,0.0700684504675329,0.0758196823111972,-0.005751231845713833,RiskPage1,24
1718907778.75,33.83,0.0700684504675329,0.07548768915389958,-0.005419238688395786,RiskPage1,24
1718907779.0,33.83,0.0700684504675329,0.07515044314478687,-0.005081992679259581,RiskPage1,24
1718907779.25,33.83,0.0700684504675329,0.07480530220869226,-0.004736851743138872,RiskPage1,24
1718907779.5,33.83,0.0700684504675329,0.0744500627484478,-0.00438161228286637,RiskPage1,24
1718907779.75,33.83,0.0700684504675329,0.07408309710118005,-0.00401464663556945,RiskPage1,24
1718907780.0,33.83,0.0700684504675329,0.07370348733124579,-0.003635036865605893,RiskPage1,24
1718907780.25,33.83,0.0700684504675329,0.0733111489534254,-0.0032426984877571355,RiskPage1,24
1718907780.5,33.83,0.0700684504675329,0.07290693788115833,-0.0028384874154636242,RiskPage1,24
1718907780.75,33.83,0.0700684504675329,0.07249273388969114,-0.0024242834239726896,RiskPage1,24
1718907781.0,33.84,0.09046610874663003,0.07207149421016305,0.018394614534673007,RiskPage1,24
1718907781.25,33.84,0.09046610874663003,0.07164727155962451,0.018818837185228428,RiskPage2,24
1718907781.5,33.84,0.09046610874663003,0.07122519198349558,0.01924091676137032,RiskPage2,24
1718907781.75,33.84,0.09046610874663003,0.0708113893346838,0.01965471941019105,RiskPage2,24
1718907782.0,33.83,0.0700684504675329,0.0704128949884557,-0.00034444452267298406,RiskPage2,24
1718907782.25,33.83,0.0700684504675329,0.07003748339626702,3.0967069516980514e-05,RiskPage2,24
1718907782.5,33.83,0.0700684504675329,0.06969347618259146,0.00037497428319060826,RiskPage2,24
1718907782.75,33.83,0.0700684504675329,0.06938950954996756,0.0006789409158098813,RiskPage2,24
1718907783.0,33.84,0.09046610874663003,0.06913427166934212,0.021331837075525717,RiskPage2,24
1718907783.25,33.84,0.09046610874663003,0.06893621842517385,0.02152989031968583,RiskPage2,24
1718907783.5,33.84,0.09046610874663003,0.0688032773146101,0.02166283143024062,RiskPage2,24
1718907783.75,33.84,0.09046610874663003,0.06874255042118514,0.02172355832365633,RiskPage2,24
1718907784.0,33.81,0.029273133909367647,0.06876002811687215,-0.039486894209302265,RiskPage2,24
1718907784.25,33.81,0.029273133909367647,0.06886032537120246,-0.03958719146364158,RiskPage2,24
1718907784.5,33.81,0.029273133909367647,0.0690464521262769,-0.03977331821872451,RiskPage2,24
1718907784.75,33.81,0.029273133909367647,0.0693196280390374,-0.040046494131492555,RiskPage2,24
1718907785.0,33.83,0.0700684504675329,0.06967915001226134,0.0003893004534428132,RiskPage2,24
1718907785.25,33.83,0.0700684504675329,0.07012231848372884,-5.3868018028445375e-05,RiskPage2,24
1718907785.5,33.83,0.0700684504675329,0.07064442567044046,-0.0005759752047411193,RiskPage2,24
1718907785.75,33.83,0.0700684504675329,0.07123880614724003,-0.0011703556815385908,RiskPage2,24
1718907786.0,33.83,0.0700684504675329,0.07189694750188173,-0.0018284970361749035,RiskPage2,24
1718907786.25,33.83,0.0700684504675329,0.07260865649180542,-0.0025402060260899554,RiskPage3,24
1718907786.5,33.83,0.0700684504675329,0.07336227419851869,-0.003293823732791695,RiskPage3,24
1718907786.75,33.83,0.0700684504675329,0.07414493216056917,-0.004076481694828294,RiskPage3,24
1718907787.0,33.84,0.09046610874663003,0.07494284038118819,0.015523268363665372,RiskPage3,24
1718907787.25,33.84,0.09046610874663003,0.07574159746781221,0.014724511277058108,RiskPage3,24
1718907787.5,33.84,0.09046610874663003,0.07652651298162286,0.01393959576326492,RiskPage3,24
1718907787.75,33.84,0.09046610874663003,0.0772829323543457,0.013183176390559739,RiskPage3,24
1718907788.0,33.84,0.09046610874663003,0.0779965554332599,0.012469553311662922,RiskPage3,24
1718907788.25,33.84,0.09046610874663003,0.07865374077056676,0.01181236797437269,RiskPage3,24
1718907788.5,33.84,0.09046610874663003,0.07924178907505189,0.011224319669903018,RiskPage3,24
1718907788.75,33.84,0.09046610874663003,0.07974920067230021,0.010716908072668665,RiskPage3,24
1718907789.0,33.83,0.0700684504675329,0.08016590325325063,-0.010097452787366647,RiskPage3,24
1718907789.25,33.83,0.0700684504675329,0.08048344751477461,-0.010414997048880435,RiskPage3,24
1718907789.5,33.83,0.0700684504675329,0.08069516940956924,-0.01062671894366713,RiskPage3,24
1718907789.75,33.83,0.0700684504675329,0.08079631855298092,-0.010727868087073333,RiskPage3,24
1718907790.0,33.83,0.0700684504675329,0.08078415285210437,-0.01071570238619391,RiskPage3,24
1718907790.25,33.83,0.0700684504675329,0.0806579996489711,-0.010589549183060404,RiskPage3,24
1718907790.5,33.83,0.0700684504675329,0.08041928366812845,-0.010350833202219958,RiskPage3,24
1718907790.75,33.83,0.0700684504675329,0.08007152191692962,-0.010003071451025356,RiskPage3,24
1718907791.0,33.84,0.09046610874663003,0.07962028550101559,0.010845823243980014,RiskPage3,24
1718907791.25,33.84,0.09046610874663003,0.07907312818425927,0.011392980560729533,RiskPage4,24
1718907791.5,33.84,0.09046610874663003,0.07843948152900489,0.012026627215976663,RiskPage4,24
1718907791.75,33.84,0.09046610874663003,0.07773051666141269,0.012735592083561672,RiskPage4,24
1718907792.0,33.83,0.0700684504675329,0.07695897313870516,-0.0068905226728346,RiskPage4,24
1718907792.25,33.83,0.0700684504675329,0.07613895602157088,-0.006070505555706124,RiskPage4,24
1718907792.5,33.83,0.0700684504675329,0.07528570301169973,-0.005217252545839597,RiskPage4,24
1718907792.75,33.83,0.0700684504675329,0.07441532433139676,-0.004346873865539963,RiskPage4,24
1718907793.0,33.84,0.09046610874663003,0.07354451885347499,0.016921589891476754,RiskPage4,24
1718907793.25,33.84,0.09046610874663003,0.07269027082528706,0.017775837919663424,RiskPage4,24
1718907793.5,33.84,0.09046610874663003,0.07186953238396775,0.018596576360981894,RiskPage4,24
1718907793.75,33.84,0.09046610874663003,0.07109889793609209,0.019367210808856415,RiskPage4,24
1718907794.0,33.83,0.0700684504675329,0.0703942773409423,-0.00032582687509304445,RiskPage4,24
1718907794.25,33.83,0.0700684504675329,0.06977057560828141,0.0002978748575639574,RiskPage4,24
1718907794.5,33.83,0.0700684504675329,0.06924138737653897,0.0008270630893001413,RiskPage4,24
1718907794.75,33.83,0.0700684504675329,0.0688187146457344,0.0012497358200955879,RiskPage4,24
1718907795.0,33.81,0.029273133909367647,0.06851271599545906,-0.03923958208780656,RiskPage4,24
1718907795.25,33.81,0.029273133909367647,0.06833149475828017,-0.03905836085064307,RiskPage4,24
1718907795.5,33.81,0.029273133909367647,0.0682809323294328,-0.0390077984218141,RiskPage4,24
1718907795.75,33.81,0.029273133909367647,0.06836457102318318,-0.03909143711558529,RiskPage4,24
1718907796.0,33.84,0.09046610874663003,0.0685835487654197,0.021882559979418313,RiskPage4,24
1718907796.25,33.84,0.09046610874663003,0.06893658565874107,0.021529523086074566,RiskPage4,24
1718907796.5,33.84,0.09046610874663003,0.06942002034000644,0.02104608840478793,RiskPage4,24
1718907796.75,33.84,0.09046610874663003,0.07002789231768917,0.02043821642708627,RiskPage4,24
1718907797.0,33.83,0.0700684504675329,0.07075206527469165,-0.0006836148090288291,RiskPage4,24
1718907797.25,33.83,0.0700684504675329,0.07158238566581451,-0.001513935200163019,PreMarketWait,25
1718907797.5,33.83,0.0700684504675329,0.07250687073694911,-0.0024384202713041633,PreMarketWait,25
1718907797.75,33.83,0.0700684504675329,0.07351192021420766,-0.003443469748564071,PreMarketWait,25
1718907798.0,33.84,0.09046610874663003,0.07458254624389833,0.015883562500846382,PreMarketWait,25
1718907798.25,33.84,0.09046610874663003,0.07570261664283208,0.014763492101922024,PreMarketWait,25
1718907798.5,33.84,0.09046610874663003,0.07685510711499452,0.0136110016297741,PreMarketWait,25
1718907798.75,33.84,0.09046610874663003,0.07802235878568364,0.012443749959104113,PreMarketWait,25
1718907799.0,33.83,0.0700684504675329,0.07918633815706635,-0.009117887691352796,PreMarketWait,25
1718907799.25,33.83,0.0700684504675329,0.08032889732567511,-0.010260446859935919,PreMarketWait,25
1718907799.5,33.83,0.0700684504675329,0.0814320329283402,-0.011363582462573676,PreMarketWait,25
1718907799.75,33.83,0.0700684504675329,0.08247814271468135,-0.012409692248886812,PreMarketWait,25
1718907800.0,33.84,0.09046610874663003,0.0834502788389963,0.007015829905923046,PreMarketWait,25
1718907800.25,33.84,0.09046610874663003,0.08433239693341438,0.006133711811531546,PreMarketWait,25
1718907800.5,33.84,0.09046610874663003,0.08510959981971582,0.005356508925254871,PreMarketWait,25
1718907800.75,33.84,0.09046610874663003,0.08576837440153581,0.004697734343457136,PreMarketWait,25
1718907801.0,33.83,0.0700684504675329,0.08629681989312699,-0.01622836942721219,PreMarketWait,25
1718907801.25,33.83,0.0700684504675329,0.08668486509254675,-0.016616414626617098,PreMarketWait,25
1718907801.5,33.83,0.0700684504675329,0.08692447188073019,-0.016856021414790427,PreMarketWait,25
1718907801.75,33.83,0.0700684504675329,0.08700982151517048,-0.016941371049225856,PreMarketWait,25
1718907802.0,33.84,0.09046610874663003,0.08693747961613085,0.0035286291289102663,PreMarketWait,25
1718907802.25,33.84,0.09046610874663003,0.08670653509068857,0.0037595736543465774,MarketGridChoice,25
1718907802.5,33.84,0.09046610874663003,0.08631870771572468,0.004147401029299443,MarketGridChoice,25
1718907802.75,33.84,0.09046610874663003,0.08577841881765524,0.004687689927353208,MarketGridChoice,25
1718907803.0,33.84,0.09046610874663003,0.0850928195267549,0.005373289218233681,MarketGridChoice,25
1718907803.25,33.84,0.09046610874663003,0.08427177148417048,0.006194337260794547,MarketGridChoice,25
1718907803.5,33.84,0.09046610874663003,0.08332777563597682,0.007138333108961489,MarketGridChoice,25
1718907803.75,33.84,0.09046610874663003,0.08227584583082152,0.008190262914087547,MarketGridChoice,25
1718907804.0,33.84,0.09046610874663003,0.08113332530244248,0.009332783442435403,MarketGridChoice,25
1718907804.25,33.84,0.09046610874663003,0.07991964571408113,0.010546463030764267,MarketGridChoice,25
1718907804.5,33.84,0.09046610874663003,0.07865603020930537,0.011810078535506818,MarketGridChoice,25
1718907804.75,33.84,0.09046610874663003,0.07736514378511479,0.013100964959663943,MarketGridChoice,25
1718907805.0,33.83,0.0700684504675329,0.07607069620110542,-0.006002245735457242,MarketGridChoice,25
1718907805.25,33.83,0.0700684504675329,0.07479700447702124,-0.0047285540114064915,MarketGridChoice,25
1718907805.5,33.83,0.0700684504675329,0.07356852372159702,-0.0035000732560156738,MarketGridChoice,25
1718907805.75,33.83,0.0700684504675329,0.07240935650036405,-0.0023409060348160704,MarketGridChoice,25
1718907806.0,33.84,0.09046610874663003,0.07134275213830021,0.01912335660631166,MarketGridChoice,25
1718907806.25,33.84,0.09046610874663003,0.07039060824730753,0.020075500497271533,MarketGridChoice,25
1718907806.5,33.84,0.09046610874663003,0.06957298737002228,0.020893121374524627,MarketGridChoice,25
1718907806.75,33.84,0.09046610874663003,0.06890766193073962,0.021558446813776017,MarketGridChoice,25
1718907807.0,33.81,0.029273133909367647,0.06840970063092419,-0.03913656672370124,MarketGridChoice,25
1718907807.25,33.81,0.029273133909367647,0.06809110892141032,-0.03881797501421673,MarketGridChoice,25
1718907807.5,33.81,0.029273133909367647,0.067960535104079,-0.03868740119691351,MarketGridChoice,25
1718907807.75,33.81,0.029273133909367647,0.06802305187784868,-0.03874991797070952,MarketGridChoice,25
1718907808.0,33.83,0.0700684504675329,0.06828002076492355,0.001788429700357013,MarketGridChoice,25
1718907808.25,33.83,0.0700684504675329,0.0687290439815943,0.0013394064836657234,MarketGridChoice,25
1718907808.5,33.83,0.0700684504675329,0.06936400519902984,0.0007044452662137018,MarketGridChoice,25
1718907808.75,33.83,0.0700684504675329,0.07017519754013539,-0.00010674707490349912,MarketGridChoice,25
1718907809.0,33.83,0.0700684504675329,0.07114953429298361,-0.0010810838277579057,MarketGridChoice,25
1718907809.25,33.83,0.0700684504675329,0.07227083531808108,-0.002202384852855579,MarketGridChoice,25
1718907809.5,33.83,0.0700684504675329,0.07352018004091221,-0.0034517295756805156,MarketGridChoice,25
1718907809.75,33.83,0.0700684504675329,0.07487631626909748,-0.004807865803852888,MarketGridChoice,25
1718907810.0,33.84,0.09046610874663003,0.07631611286189893,0.014149995882462591,MarketGridChoice,25
1718907810.25,33.84,0.09046610874663003,0.07781504351882142,0.012651065225566896,MarketGridChoice,25
1718907810.5,33.84,0.09046610874663003,0.07934768865532092,0.01111842008910104,MarketGridChoice,25
1718907810.75,33.84,0.09046610874663003,0.08088824249787045,0.00957786624659166,MarketGridChoice,25
1718907811.0,33.84,0.09046610874663003,0.08241101313192241,0.008055095612585664,MarketGridChoice,25
1718907811.25,33.84,0.09046610874663003,0.08389090421501023,0.006575204529548606,MarketGridChoice,25
1718907811.5,33.84,0.09046610874663003,0.085303868338367,0.00516224040624623,MarketGridChoice,25
1718907811.75,33.84,0.09046610874663003,0.08662732349071417,0.00383878525395593,MarketGridChoice,25
1718907812.0,33.84,0.09046610874663003,0.08784052565971658,0.0026255830850117155,MarketGridChoice,25
1718907812.25,33.84,0.09046610874663003,0.08892489222450338,0.0015412165202832312,MarketGridChoice,25
1718907812.5,33.84,0.09046610874663003,0.08986427238446137,0.0006018363603824475,MarketGridChoice,25
1718907812.75,33.84,0.09046610874663003,0.09064516238599192,-0.0001790536410932568,MarketGridChoice,25
1718907813.0,33.84,0.09046610874663003,0.09125686471297399,-0.0007907559680240313,MarketGridChoice,25
1718907813.25,33.84,0.09046610874663003,0.09169159167229222,-0.0012254829272956578,MarketGridChoice,25
1718907813.5,33.84,0.09046610874663003,0.09194451491690682,-0.0014784061718694497,MarketGridChoice,25
1718907813.75,33.84,0.09046610874663003,0.09201376339810907,-0.0015476546530376785,MarketGridChoice,25
1718907814.0,33.84,0.09046610874663003,0.09190037302553633,-0.001434264280438552,MarketGridChoice,25
1718907814.25,33.84,0.09046610874663003,0.09160819194354826,-0.0011420831984324574,MarketGridChoice,25
1718907814.5,33.84,0.09046610874663003,0.09114374581502761,-0.000677637069902674,MarketGridChoice,25
1718907814.75,33.84,0.09046610874663003,0.09051606785023916,-4.995910511435345e-05,MarketGridChoice,25
1718907815.0,33.84,0.09046610874663003,0.08973649854139368,0.0007296102037216172,MarketGridChoice,25
1718907815.25,33.84,0.09046610874663003,0.08881846017433759,0.0016476485707589495,MarketGridChoice,25
1718907815.5,33.84,0.09046610874663003,0.08777721119599108,0.0026888975490778526,MarketGridChoice,25
1718907815.75,33.84,0.09046610874663003,0.08662958542422093,0.00383652332081211,MarketGridChoice,25
1718907816.0,33.83,0.0700684504675329,0.08539372089465311,-0.015325270428760623,MarketGridChoice,25
1718907816.25,33.83,0.0700684504675329,0.08408878284013169,-0.014020332374289226,MarketGridChoice,25
1718907816.5,33.83,0.0700684504675329,0.08273468488671877,-0.012666234420931732,MarketGridChoice,25
1718907816.75,33.83,0.0700684504675329,0.08135181203169853,-0.011283361565971008,MarketGridChoice,25
1718907817.0,33.84,0.09046610874663003,0.07996074837875151,0.010505360366011001,MarketGridChoice,25
1718907817.25,33.84,0.09046610874663003,0.07858201201174476,0.011884096732954574,MarketGridChoice,25
1718907817.5,33.84,0.09046610874663003,0.0772357988786149,0.013230309866021774,MarketGridChoice,25
1718907817.75,33.84,0.09046610874663003,0.07594173720537216,0.01452437153920388,MarketGridChoice,25
1718907818.0,33.83,0.0700684504675329,0.07471865379892516,-0.0046502033335034405,MarketGridChoice,25
1718907818.25,33.83,0.0700684504675329,0.07358435360192726,-0.003515903136558015,MarketGridChoice,25
1718907818.5,33.83,0.0700684504675329,0.07255541396574952,-0.002486963500426766,MarketGridChoice,25
1718907818.75,33.83,0.0700684504675329,0.07164699522922795,-0.001578544763944611,MarketGridChoice,25
1718907819.0,33.83,0.0700684504675329,0.07087266927006802,-0.0008042188048162575,MarketGridChoice,25
1718907819.25,33.83,0.0700684504675329,0.07024426770556415,-0.00017581724033574305,MarketGridChoice,25
1718907819.5,33.83,0.0700684504675329,0.06977175136092144,0.0002966991042918797,MarketGridChoice,25
1718907819.75,33.83,0.0700684504675329,0.0694631025111512,0.0006053479540551123,MarketGridChoice,25
1718907820.0,33.83,0.0700684504675329,0.06932424125049717,0.0007442092147098038,MarketGridChoice,25
1718907820.25,33.83,0.0700684504675329,0.06935896716064982,0.0007094833045649097,MarketGridChoice,25
1718907820.5,33.83,0.0700684504675329,0.06956892723906984,0.0004995232261591235,MarketGridChoice,25
1718907820.75,33.83,0.0700684504675329,0.06995361081069969,0.0001148396545492935,MarketGridChoice,25
1718907821.0,33.83,0.0700684504675329,0.07051037187651249,-0.00044192141123843313,MarketGridChoice,25
1718907821.25,33.83,0.0700684504675329,0.07123447904579432,-0.001166028580490937,MarketGridChoice,25
1718907821.5,33.83,0.0700684504675329,0.07211919285118949,-0.0020507423858534143,MarketGridChoice,25
1718907821.75,33.83,0.0700684504675329,0.07315586985372155,-0.003087419388350284,MarketGridChoice,25
1718907822.0,33.83,0.0700684504675329,0.07433409251015835,-0.004265642044750409,MarketGridChoice,25
1718907822.25,33.83,0.0700684504675329,0.07564182330328649,-0.005573372837841433,MarketGridChoice,25
1718907822.5,33.83,0.0700684504675329,0.07706558113964447,-0.006997130674162906,MarketGridChoice,25
1718907822.75,33.83,0.0700684504675329,0.07859063751994591,-0.008522187054429458,MarketGridChoice,25
1718907823.0,33.84,0.09046610874663003,0.08020122951508124,0.010264879229564644,MarketGridChoice,25
1718907823.25,33.84,0.09046610874663003,0.08188078617449923,0.008585322570175562,ForecastPage,25
1718907823.5,33.84,0.09046610874663003,0.08361216469690136,0.006853944047798209,ForecastPage,25
1718907823.75,33.84,0.09046610874663003,0.08537789253930164,0.005088216205417762,ForecastPage,25
1718907824.0,33.84,0.09046610874663003,0.08716041163838581,0.0033056971063476553,ForecastPage,25
1718907824.25,33.84,0.09046610874663003,0.08894232104449762,0.0015237877002434496,ForecastPage,25
1718907824.5,33.84,0.09046610874663003,0.09070661447667155,-0.000240505731929813,ForecastPage,25
1718907824.75,33.84,0.09046610874663003,0.09243690954374882,-0.001970800799013547,ForecastPage,25
1718907825.0,33.84,0.09046610874663003,0.09411766559649741,-0.003651556851775712,ForecastPage,25
1718907825.25,33.84,0.09046610874663003,0.09573438734812778,-0.005268278603426527,ForecastPage,25
1718907825.5,33.84,0.09046610874663003,0.09727381151122681,-0.006807702766552454,ForecastPage,25
1718907825.75,33.84,0.09046610874663003,0.09872407374977647,-0.008257965005134786,ForecastPage,25
1718907826.0,33.84,0.09046610874663003,0.10007485325340713,-0.00960874450880304,ForecastPage,25
1718907826.25,33.84,0.09046610874663003,0.10131749224070857,-0.010851383496146054,ForecastPage,25
1718907826.5,33.84,0.09046610874663003,0.10244508773757195,-0.011978978993053948,ForecastPage,25
1718907826.75,33.84,0.09046610874663003,0.10345255311768617,-0.012986444373214416,ForecastPage,25
1718907827.0,33.87,0.15165908358387792,0.10433664721084608,0.047322436370826865,ForecastPage,25
1718907827.25,33.87,0.15165908358387792,0.10509596936296296,0.04656311421866409,ForecastPage,25
1718907827.5,33.87,0.15165908358387792,0.10573091973832914,0.04592816384325376,ForecastPage,25
1718907827.75,33.87,0.15165908358387792,0.10624362540203211,0.04541545817950897,ForecastPage,25
1718907828.0,33.83,0.0700684504675329,0.10663783421364594,-0.036569383748488914,ForecastPage,25
1718907828.25,33.83,0.0700684504675329,0.10691878008274669,-0.03685032961762571,ForecastPage,25
1718907828.5,33.83,0.0700684504675329,0.10709302438611189,-0.03702457392102364,ForecastPage,25
1718907828.75,33.83,0.0700684504675329,0.10716827905764532,-0.0370998285925861,ForecastPage,25
1718907829.0,33.84,0.09046610874663003,0.1071532169028392,-0.01668710815870783,ForecastPage,25
1718907829.25,33.84,0.09046610874663003,0.10705727411141666,-0.016591165367305795,ForecastPage,25
1718907829.5,33.84,0.09046610874663003,0.10689044894613887,-0.0164243402020436,ForecastPage,25
1718907829.75,33.84,0.09046610874663003,0.10666309944272577,-0.016196990698640668,ForecastPage,25
1718907830.0,33.87,0.15165908358387792,0.10638574193020399,0.04527334165112472,ForecastPage,25
1718907830.25,33.87,0.15165908358387792,0.10606885149250556,0.04559023208882507,ForecastPage,25
1718907830.5,33.87,0.15165908358387792,0.10572266529634562,0.045936418284993064,ForecastPage,25
1718907830.75,33.87,0.15165908358387792,0.10535699007215922,0.04630209350919311,ForecastPage,25
1718907831.0,33.84,0.09046610874663003,0.10498101589206128,-0.014514907147938641,ForecastPage,25
1718907831.25,33.84,0.09046610874663003,0.10460313953996055,-0.014137030795816533,ForecastPage,25
1718907831.5,33.84,0.09046610874663003,0.10423080191757945,-0.013764693173412366,ForecastPage,25
1718907831.75,33.84,0.09046610874663003,0.103870344776563,-0.013404236032372502,ForecastPage,25
1718907832.0,33.84,0.09046610874663003,0.10352689240019777,-0.01306078365598477,ForecastPage,25
1718907832.25,33.84,0.09046610874663003,0.10320426359920085,-0.012738154854967283,ForecastPage,25
1718907832.5,33.84,0.09046610874663003,0.10290491856842429,-0.012438809824172942,ForecastPage,25
1718907832.75,33.84,0.09046610874663003,0.10262994387254692,-0.012163835128281068,ForecastPage,25
1718907833.0,33.84,0.09046610874663003,0.10237907720808062,-0.011912968463803818,ForecastPage,25
1718907833.25,33.84,0.09046610874663003,0.1021507717479126,-0.011684663003628484,ForecastPage,25
1718907833.5,33.84,0.09046610874663003,0.10194229793231771,-0.011476189188029617,ForecastPage,25
1718907833.75,33.84,0.09046610874663003,0.10174987864330648,-0.011283769899017271,ForecastPage,25
1718907834.0,33.84,0.09046610874663003,0.10156885190115773,-0.011102743156869599,ForecastPage,25
1718907834.25,33.84,0.09046610874663003,0.10139385366448649,-0.010927744920200863,ForecastPage,25
1718907834.5,33.84,0.09046610874663003,0.10121901210753055,-0.010752903363247968,ForecastPage,25
1718907834.75,33.84,0.09046610874663003,0.10103814399781948,-0.010572035253539412,ForecastPage,25
1718907835.0,33.87,0.15165908358387792,0.10084494360892984,0.0508141399725971,ForecastPage,25
1718907835.25,33.87,0.15165908358387792,0.10063315507421297,0.051025928507315264,ForecastPage,25
1718907835.5,33.87,0.15165908358387792,0.10039672028897918,0.05126236329255313,ForecastPage,25
1718907835.75,33.87,0.15165908358387792,0.10012989640276386,0.051529187178775346,ForecastPage,25
1718907836.0,33.84,0.09046610874663003,0.09982733949375223,-0.00936123074945177,ForecastPage,25
1718907836.25,33.84,0.09046610874663003,0.09948415393108578,-0.00901804518677482,ForecastPage,25
1718907836.5,33.84,0.09046610874663003,0.09909590986039928,-0.008629801116077543,ForecastPage,25
1718907836.75,33.84,0.09046610874663003,0.09865863384405738,-0.008192525099725562,ForecastPage,25
1718907837.0,33.84,0.09046610874663003,0.09816877969018255,-0.007702670945842177,ForecastPage,25
1718907837.25,33.84,0.09046610874663003,0.097623187785828,-0.007157079041481157,ForecastPage,25
1718907837.5,33.84,0.09046610874663003,0.09701904179502865,-0.0065529330506777644,ForecastPage,25
1718907837.75,33.84,0.09046610874663003,0.09635383144071356,-0.0058877226963612,ForecastPage,25
1718907838.0,33.83,0.0700684504675329,0.09562532933050358,-0.02555687886524953,ForecastPage,25
1718907838.25,33.83,0.0700684504675329,0.09483158848299743,-0.0247631380177473,ForecastPage,25
1718907838.5,33.83,0.0700684504675329,0.09397096543981501,-0.023902514974571173,ForecastPage,25
1718907838.75,33.83,0.0700684504675329,0.09304217170261217,-0.022973721237376298,ForecastPage,25
1718907839.0,33.84,0.09046610874663003,0.0920443538393315,-0.0015782450950071122,ForecastPage,25
1718907839.25,33.84,0.09046610874663003,0.09097720012410866,-0.000511091379792307,ForecastPage,25
1718907839.5,33.84,0.09046610874663003,0.08984106919777267,0.0006250395465375383,ForecastPage,25
1718907839.75,33.84,0.09046610874663003,0.08863713413996749,0.001828974604339683,ForecastPage,25
1718907840.0,33.84,0.09046610874663003,0.0873675336694277,0.003098575074880451,ForecastPage,25
1718907840.25,33.84,0.09046610874663003,0.08603552102138466,0.004430587722929162,ForecastPage,25
1718907840.5,33.84,0.09046610874663003,0.08464560042716233,0.005820508317162314,ForecastPage,25
1718907840.75,33.84,0.09046610874663003,0.08320364104453795,0.0072624676998030695,ForecastPage,25
1718907841.0,33.84,0.09046610874663003,0.08171695864260092,0.008749150101762289,ForecastPage,25
1718907841.25,33.84,0.09046610874663003,0.08019435630218477,0.010271752442206603,ForecastPage,25
1718907841.5,33.84,0.09046610874663003,0.07864611681043848,0.011819991933987004,ForecastPage,25
1718907841.75,33.84,0.09046610874663003,0.07708394125081088,0.0133821674936545,ForecastPage,25
1718907842.0,33.84,0.09046610874663003,0.07552083044933033,0.01494527829518023,ForecastPage,25
1718907842.25,33.84,0.09046610874663003,0.07397090835248477,0.01649520039207556,ForecastPage,25
1718907842.5,33.84,0.09046610874663003,0.0724491889850579,0.018016919759555813,ForecastPage,25
1718907842.75,33.84,0.09046610874663003,0.07097129125745735,0.019494817487212174,ForecastPage,25
1718907843.0,33.83,0.0700684504675329,0.06955310843662812,0.0005153420290012201,ForecastPage,25
1718907843.25,33.83,0.0700684504675329,0.06821044142526343,0.001858009040422692,ForecastPage,25
1718907843.5,33.83,0.0700684504675329,0.06695860696745842,0.003109843498283228,ForecastPage,25
1718907843.75,33.83,0.0700684504675329,0.06581203338024359,0.0042564170855513405,ForecastPage,25
1718907844.0,33.81,0.029273133909367647,0.06478385729043844,-0.0355107233827586,ForecastPage,25
1718907844.25,33.81,0.029273133909367647,0.0638855350633586,-0.0346124011556323,ForecastPage,25
1718907844.5,33.81,0.029273133909367647,0.06312648211589936,-0.033853348208130525,ForecastPage,25
1718907844.75,33.81,0.029273133909367647,0.06251375213863875,-0.033240618230831256,ForecastPage,25
1718907845.0,33.83,0.0700684504675329,0.062051766512634346,0.008016683953373537,ForecastPage,25
1718907845.25,33.83,0.0700684504675329,0.061742102081705795,0.008326348384334315,ForecastPage,25
1718907845.5,33.83,0.0700684504675329,0.06158334316865457,0.008485107297415539,ForecastPage,25
1718907845.75,33.83,0.0700684504675329,0.0615710015355198,0.008497448930578761,ForecastPage,25
1718907846.0,33.83,0.0700684504675329,0.06169750604801367,0.008370944418112447,ForecastPage,25
1718907846.25,33.83,0.0700684504675329,0.06195226218283268,0.008116188283320542,ForecastPage,25
1718907846.5,33.83,0.0700684504675329,0.06232178020307174,0.007746670263108429,ForecastPage,25
1718907846.75,33.83,0.0700684504675329,0.06278986976478051,0.0072785807014265685,ForecastPage,25
1718907847.0,33.83,0.0700684504675329,0.06333789783316297,0.006730552633070906,ForecastPage,25
1718907847.25,33.83,0.0700684504675329,0.06394510600373379,0.006123344462526589,ForecastPage,25
1718907847.5,33.83,0.0700684504675329,0.06458898256746427,0.005479467898822015,ForecastPage,25
1718907847.75,33.83,0.0700684504675329,0.06524568385839213,0.0048227666079190285,ForecastPage,25
1718907848.0,33.81,0.029273133909367647,0.06589049851067676,-0.03661736460250764,ForecastPage,25
1718907848.25,33.81,0.029273133909367647,0.06649834717159163,-0.037225213263401606,ForecastPage,25
1718907848.5,33.81,0.029273133909367647,0.06704430893154154,-0.03777117502333335,ForecastPage,25
1718907848.75,33.81,0.029273133909367647,0.06750416425632358,-0.03823103034809999,ForecastPage,25
1718907849.0,33.84,0.09046610874663003,0.06785494263835656,0.022611166107142415,ForecastPage,25
1718907849.25,33.84,0.09046610874663003,0.06807546171419962,0.022390647031310586,ForecastPage,25
1718907849.5,33.84,0.09046610874663003,0.06814684347546845,0.0223192652700518,ForecastPage,25
1718907849.75,33.84,0.09046610874663003,0.06805299266183995,0.02241311608368972,ForecastPage,25
1718907850.0,33.83,0.0700684504675329,0.06778102260461161,0.0022874278618302095,ForecastPage,25
1718907850.25,33.83,0.0700684504675329,0.06732161469167282,0.002746835774778529,ForecastPage,25
1718907850.5,33.83,0.0700684504675329,0.06666929914759724,0.0033991513188642176,ForecastPage,25
1718907850.75,33.83,0.0700684504675329,0.06582264681957838,0.004245803646893993,ForecastPage,25
1718907851.0,33.83,0.0700684504675329,0.06478436399772201,0.005284086468762218,ForecastPage,25
1718907851.25,33.83,0.0700684504675329,0.06356128488203903,0.006507165584458073,ForecastPage,25
1718907851.5,33.83,0.0700684504675329,0.06216425907774902,0.007904191388762052,ForecastPage,25
1718907851.75,33.83,0.0700684504675329,0.060607934410818326,0.009460516055707932,ForecastPage,25
1718907852.0,33.83,0.0700684504675329,0.05891043836312154,0.011158012103421265,ForecastPage,25
1718907852.25,33.83,0.0700684504675329,0.05709296447958307,0.012975485986977706,ForecastPage,25
1718907852.5,33.83,0.0700684504675329,0.05517927313536957,0.01488917733121055,ForecastPage,25
1718907852.75,33.83,0.0700684504675329,0.05319511899403528,0.01687333147256531,ForecastPage,25
1718907853.0,33.83,0.0700684504675329,0.05116762024752252,0.0189008302190993,ForecastPage,25
1718907853.25,33.83,0.0700684504675329,0.049124587200535794,0.020943863266107535,MarketWaitPage,25
1718907853.5,33.83,0.0700684504675329,0.04709382982279611,0.022974620643868397,MarketWaitPage,25
1718907853.75,33.83,0.0700684504675329,0.04510246540322846,0.02496598506345622,MarketWaitPage,25
1718907854.0,33.79,-0.011522182648812102,0.0431762482429591,-0.054698430892601,MarketWaitPage,25
1718907854.25,33.79,-0.011522182648812102,0.041338943250651884,-0.05286112590027779,MarketWaitPage,25
1718907854.5,33.79,-0.011522182648812102,0.03961176420046494,-0.05113394685007769,MarketWaitPage,25
1718907854.75,33.79,-0.011522182648812102,0.03801289519664763,-0.04953507784625019,MarketWaitPage,25
1718907855.0,33.81,0.029273133909367647,0.03655711061395199,-0.007283976705367436,MarketWaitPage,25
1718907855.25,33.81,0.029273133909367647,0.03525550467005122,-0.005982370761461686,RoundResultsPage,25
1718907855.5,33.81,0.029273133909367647,0.034115337178054386,-0.004842203269461744,RoundResultsPage,25
1718907855.75,33.81,0.029273133909367647,0.03313999729570978,-0.0038668633871153726,RoundResultsPage,25
1718907856.0,33.81,0.029273133909367647,0.03232908254534295,-0.0030559486367475568,RoundResultsPage,25
1718907856.25,33.81,0.029273133909367647,0.031678586237573934,-0.00240545232897779,RoundResultsPage,25
1718907856.5,33.81,0.029273133909367647,0.031181182815570998,-0.0019080489069738505,RoundResultsPage,25
1718907856.75,33.81,0.029273133909367647,0.03082659761295864,-0.0015534637043598473,RoundResultsPage,25
1718907857.0,33.81,0.029273133909367647,0.030602045129594403,-0.0013289112209930462,RoundResultsPage,25
1718907857.25,33.81,0.029273133909367647,0.030492718206015856,-0.0012195842974108218,RoundResultsPage,25
1718907857.5,33.81,0.029273133909367647,0.030482309443661537,-0.0012091755350515654,RoundResultsPage,25
1718907857.75,33.81,0.029273133909367647,0.030553545893452726,-0.0012804119848364732,RoundResultsPage,25
1718907858.0,33.83,0.0700684504675329,0.03068871843562277,0.03937973203116646,RoundResultsPage,25
1718907858.25,33.83,0.0700684504675329,0.030870188408448063,0.03919826205835039,RoundResultsPage,25
1718907858.5,33.83,0.0700684504675329,0.03108085590447652,0.03898759456233251,RoundResultsPage,25
1718907858.75,33.83,0.0700684504675329,0.031304576686745605,0.038763873780074926,RoundResultsPage,25
1718907859.0,33.81,0.029273133909367647,0.031526517753842666,-0.002253383845175566,RoundResultsPage,25
1718907859.25,33.81,0.029273133909367647,0.03173344498204882,-0.0024603110733702957,RoundResultsPage,25
1718907859.5,33.81,0.029273133909367647,0.031913939715917876,-0.0026408058072290783,RoundResultsPage,25
1718907859.75,33.81,0.029273133909367647,0.032058544387947085,-0.0027854104792497687,RoundResultsPage,25
1718907860.0,33.81,0.029273133909367647,0.03215984000925502,-0.002886706100551419,RoundResultsPage,25
1718907860.25,33.81,0.029273133909367647,0.032212460564076326,-0.0029393266553689778,RoundResultsPage,25
1718907860.5,33.81,0.029273133909367647,0.03221305091862523,-0.00293991700991682,RoundResultsPage,25
1718907860.75,33.81,0.029273133909367647,0.03216017582288956,-0.002887041914182803,RoundResultsPage,25
1718907861.0,33.79,-0.011522182648812102,0.0320541879639846,-0.04357637061346191,RoundResultsPage,25
1718907861.25,33.79,-0.011522182648812102,0.03189706285193377,-0.043419245501417916,RoundResultsPage,25
1718907861.5,33.79,-0.011522182648812102,0.03169220763082253,-0.04321439028031567,RoundResultsPage,25
1718907861.75,33.79,-0.011522182648812102,0.03144424980248364,-0.042966432451987266,RoundResultsPage,25
1718907862.0,33.83,0.0700684504675329,0.031158810495376058,0.03890963997145437,RoundResultsPage,25
1718907862.25,33.83,0.0700684504675329,0.03084226556259441,0.03922618490422585,RoundResultsPage,25
1718907862.5,33.83,0.0700684504675329,0.03050149674767188,0.03956695371914018,RoundResultsPage,25
1718907862.75,33.83,0.0700684504675329,0.030143634666206467,0.039924815800600276,RoundResultsPage,25
1718907863.0,33.81,0.029273133909367647,0.02977579552518975,-0.0005026616165501527,RoundResultsPage,25
1718907863.25,33.81,0.029273133909367647,0.029404814267487492,-0.00013168035884611462,RoundResultsPage,25
1718907863.5,33.81,0.029273133909367647,0.029036977971475753,0.00023615593717122435,RoundResultsPage,25
1718907863.75,33.81,0.029273133909367647,0.028677764592908328,0.0005953693157481448,RoundResultsPage,25
1718907864.0,33.81,0.029273133909367647,0.028331593286586108,0.0009415406220837337,RoundResultsPage,25
1718907864.25,33.81,0.029273133909367647,0.028001593451150657,0.001271540457536302,RoundResultsPage,25
1718907864.5,33.81,0.029273133909367647,0.02768940023713639,0.0015837336715711866,RoundResultsPage,25
1718907864.75,33.81,0.029273133909367647,0.027394984523350062,0.001878149385381262,RoundResultsPage,25
1718907865.0,33.81,0.029273133909367647,0.027116525290198597,0.00215660861855915,RoundResultsPage,25
1718907865.25,33.81,0.029273133909367647,0.02685033189177447,0.002422802017011812,RoundResultsPage,25
1718907865.5,33.81,0.029273133909367647,0.026590822939660218,0.0026823109691560413,RoundResultsPage,25
1718907865.75,33.81,0.029273133909367647,0.02633056734594126,0.0029425665629056693,RoundResultsPage,25
1718907866.0,33.79,-0.011522182648812102,0.026060391513833398,-0.03758257416313566,RoundResultsPage,25
1718907866.25,33.79,-0.011522182648812102,0.025769554695728104,-0.037291737345000686,RiskPage1,25
1718907866.5,33.79,-0.011522182648812102,0.025445992158611548,-0.036968174807855914,RiskPage1,25
1718907866.75,33.79,-0.011522182648812102,0.02507662304612086,-0.03659880569533881,RiskPage1,25
1718907867.0,33.81,0.029273133909367647,0.02464771682055815,0.00462541708842815,RiskPage1,25
1718907867.25,33.81,0.029273133909367647,0.024145309109942396,0.00512782479906658,RiskPage1,25
1718907867.5,33.81,0.029273133909367647,0.023555654936108398,0.0057174789729215626,RiskPage1,25
1718907867.75,33.81,0.029273133909367647,0.02286570491825552,0.006407428990793847,RiskPage1,25
1718907868.0,33.81,0.029273133909367647,0.022063588325529467,0.007209545583537798,RiskPage1,25
1718907868.25,33.81,0.029273133909367647,0.021139085891339962,0.008134048017743714,RiskPage1,25
1718907868.5,33.81,0.029273133909367647,0.02008407511774925,0.009189058791349358,RiskPage1,25
1718907868.75,33.81,0.029273133909367647,0.01889293135669866,0.010380202552413374,RiskPage1,25
1718907869.0,33.81,0.029273133909367647,0.017562869199048016,0.011710264710075868,RiskPage1,25
1718907869.25,33.81,0.029273133909367647,0.016094210564035927,0.013178923345098176,RiskPage1,25
1718907869.5,33.81,0.029273133909367647,0.014490568283383184,0.014782565625759452,RiskPage1,25
1718907869.75,33.81,0.029273133909367647,0.012758936828499904,0.01651419708064957,RiskPage1,25
1718907870.0,33.81,0.029273133909367647,0.010909685037610362,0.018363448871544296,RiskPage1,25
1718907870.25,33.81,0.029273133909367647,0.00895644915115814,0.020316684758000095,RiskPage1,25
1718907870.5,33.81,0.029273133909367647,0.0069159280340092355,0.02235720587515105,RiskPage1,25
1718907870.75,33.81,0.029273133909367647,0.004807586012254315,0.024465547896906525,RiskPage1,25
1718907871.0,33.79,-0.011522182648812102,0.002653272125672099,-0.014175454774691964,RiskPage1,25
1718907871.25,33.79,-0.011522182648812102,0.0004767676256156634,-0.011998950274638036,RiskPage1,25
1718907871.5,33.79,-0.011522182648812102,-0.0016967239376206114,-0.00982545871140577,RiskPage1,25
1718907871.75,33.79,-0.011522182648812102,-0.0038411278380406843,-0.007681054810991092,RiskPage1,25
1718907872.0,33.79,-0.011522182648812102,-0.0059300731958297145,-0.0055921094532086785,RiskPage1,25
1718907872.25,33.79,-0.011522182648812102,-0.007937474229147026,-0.0035847084198990086,RiskPage2,25
1718907872.5,33.79,-0.011522182648812102,-0.009838100419008055,-0.001684082230046442,RiskPage2,25
1718907872.75,33.79,-0.011522182648812102,-0.011608119259787959,8.593661072436518e-05,RiskPage2,25
1718907873.0,33.77,-0.05231749920697736,-0.013225596826041762,-0.039091902381196614,RiskPage2,25
1718907873.25,33.77,-0.05231749920697736,-0.014670943456435045,-0.03764655575081299,RiskPage2,25
1718907873.5,33.77,-0.05231749920697736,-0.015927294382084345,-0.036390204825172995,RiskPage2,25
1718907873.75,33.77,-0.05231749920697736,-0.016980818026824343,-0.03533668118044119,RiskPage2,25
1718907874.0,33.79,-0.011522182648812102,-0.01782094783669541,0.006298765187588998,RiskPage2,25
1718907874.25,33.79,-0.011522182648812102,-0.01844053663599462,0.006918353986885294,RiskPage2,25
1718907874.5,33.79,-0.011522182648812102,-0.018835935390201237,0.007313752741093377,RiskPage2,25
1718907874.75,33.79,-0.011522182648812102,-0.01900700062618838,0.007484817977087369,RiskPage2,25
1718907875.0,33.81,0.029273133909367647,-0.018957036433031493,0.04823017034212331,RiskPage2,25
1718907875.25,33.81,0.029273133909367647,-0.018692677859572772,0.047965811768684474,RiskPage2,25
1718907875.5,33.81,0.029273133909367647,-0.01822372265505846,0.04749685656419702,RiskPage2,25
1718907875.75,33.81,0.029273133909367647,-0.017562917776944614,0.04683605168611677,RiskPage2,25
1718907876.0,33.77,-0.05231749920697736,-0.01672570612140785,-0.035591793085725285,RiskPage2,25
1718907876.25,33.77,-0.05231749920697736,-0.015729937812858693,-0.03658756139422956,RiskPage2,25
1718907876.5,33.77,-0.05231749920697736,-0.01459554945714085,-0.037721949749898474,RiskPage2,25
1718907876.75,33.77,-0.05231749920697736,-0.013344214308553953,-0.03897328489843359,RiskPage2,25
1718907877.0,33.79,-0.011522182648812102,-0.011998966467714145,0.00047678381894533314,RiskPage2,25
1718907877.25,33.79,-0.011522182648812102,-0.010583802972301222,-0.0009383796764135081,RiskPage3,25
1718907877.5,33.79,-0.011522182648812102,-0.009123268774503075,-0.0023989138741579916,RiskPage3,25
1718907877.75,33.79,-0.011522182648812102,-0.007642030871058388,-0.0038801517775504278,RiskPage3,25
1718907878.0,33.79,-0.011522182648812102,-0.006164449051032278,-0.005357733597526655,RiskPage3,25
1718907878.25,33.79,-0.011522182648812102,-0.0047141517136572485,-0.006808030934855058,RiskPage3,25
1718907878.5,33.79,-0.011522182648812102,-0.003313625908986062,-0.008208556739483681,RiskPage3,25
1718907878.75,33.79,-0.011522182648812102,-0.001983831124267702,-0.009538351524164265,RiskPage3,25
1718907879.0,33.81,0.029273133909367647,-0.0007438463389681538,0.030016980248748312,RiskPage3,25
1718907879.25,33.81,0.029273133909367647,0.0003894405447722334,0.02888369336503438,RiskPage3,25
1718907879.5,33.81,0.029273133909367647,0.0014015926638809649,0.027871541245945732,RiskPage3,25
1718907879.75,33.81,0.029273133909367647,0.0022808266590161183,0.02699230725082388,RiskPage3,25
1718907880.0,33.79,-0.011522182648812102,0.0030181525094328827,-0.014540335157766447,RiskPage3,25
1718907880.25,33.79,-0.011522182648812102,0.003607447641573386,-0.015129630289908064,RiskPage3,25
1718907880.5,33.79,-0.011522182648812102,0.004045464346050755,-0.015567646994393778,RiskPage3,25
1718907880.75,33.79,-0.011522182648812102,0.004331771588319033,-0.01585395423667731,RiskPage3,25
1718907881.0,33.81,0.029273133909367647,0.004468634162063316,0.02480449974773657,RiskPage3,25
1718907881.25,33.81,0.029273133909367647,0.0044608337979598674,0.02481230011181286,RiskPage3,25
1718907881.5,33.81,0.029273133909367647,0.00431543835715309,0.02495769555258768,RiskPage3,25
1718907881.75,33.81,0.029273133909367647,0.004041526665867527,0.02523160724383721,RiskPage3,25
1718907882.0,33.79,-0.011522182648812102,0.0036498778840140366,-0.015172060532528519,RiskPage3,25
1718907882.25,33.79,-0.011522182648812102,0.00315263546050157,-0.014674818109058385,RiskPage4,25
1718907882.5,33.79,-0.011522182648812102,0.002562956564284405,-0.014085139212885747,RiskPage4,25
1718907882.75,33.79,-0.011522182648812102,0.001894658244760448,-0.013416840893407748,RiskPage4,25
1718907883.0,33.79,-0.011522182648812102,0.0011618713787246914,-0.01268405402741855,RiskPage4,25
1718907883.25,33.79,-0.011522182648812102,0.0003787127008968403,-0.011900895349636991,RiskPage4,25
1718907883.5,33.79,-0.011522182648812102,-0.00044101603845162835,-0.011081166610333664,RiskPage4,25
1718907883.75,33.79,-0.011522182648812102,-0.0012840943822983153,-0.010238088266530092,RiskPage4,25
1718907884.0,33.79,-0.011522182648812102,-0.002138109435827185,-0.009384073213041475,RiskPage4,25
1718907884.25,33.79,-0.011522182648812102,-0.002991638635169046,-0.008530544013736237,RiskPage4,25
1718907884.5,33.79,-0.011522182648812102,-0.0038343876364755522,-0.007687795012462032,RiskPage4,25
1718907884.75,33.79,-0.011522182648812102,-0.004657283958653932,-0.006864898690311036,RiskPage4,25
1718907885.0,33.79,-0.011522182648812102,-0.005452528862274629,-0.006069653786712311,RiskPage4,25
1718907885.25,33.79,-0.011522182648812102,-0.006213611545152178,-0.005308571103850913,RiskPage4,25
1718907885.5,33.79,-0.011522182648812102,-0.006935291002134634,-0.004586891646878471,RiskPage4,25
1718907885.75,33.79,-0.011522182648812102,-0.007613551760724357,-0.003908630888292391,RiskPage4,25
1718907886.0,33.81,0.029273133909367647,-0.008245540101261722,0.03751867401042763,RiskPage4,25
1718907886.25,33.81,0.029273133909367647,-0.008829487247569672,0.03810262115674515,RiskPage4,25
1718907886.5,33.81,0.029273133909367647,-0.009364625341997057,0.03863775925118865,RiskPage4,25
1718907886.75,33.81,0.029273133909367647,-0.009851100819849586,0.03912423472906343,RiskPage4,25
1718907887.0,33.79,-0.011522182648812102,-0.01028988817842588,-0.00123229447051236,RiskPage4,25
1718907887.25,33.79,-0.011522182648812102,-0.010682705297333507,-0.0008394773515726234,RiskPage4,25
1718907887.5,33.79,-0.011522182648812102,-0.011031929678305961,-0.000490252970564712,RiskPage4,25
1718907887.75,33.79,-0.011522182648812102,-0.011340513508233542,-0.00018166914059949447,RiskPage4,25
1718907888.0,33.77,-0.05231749920697736,-0.011611894525229361,-0.04070560468173032,RiskPage4,25
1718907888.25,33.77,-0.05231749920697736,-0.011849899411338379,-0.040467599795582856,PreMarketWait,26
1718907888.5,33.77,-0.05231749920697736,-0.012058636883250547,-0.04025886232363341,PreMarketWait,26
1718907888.75,33.77,-0.05231749920697736,-0.012242378754420163,-0.040075120452428586,PreMarketWait,26
1718907889.0,33.79,-0.011522182648812102,-0.012405428857095583,0.0008832462084445783,PreMarketWait,26
1718907889.25,33.79,-0.011522182648812102,-0.012551981608553083,0.0010297989599314834,PreMarketWait,26
1718907889.5,33.79,-0.011522182648812102,-0.012685973890462544,0.001163791241867062,PreMarketWait,26
1718907889.75,33.79,-0.011522182648812102,-0.01281093549394499,0.001288752845372219,PreMarketWait,26
1718907890.0,33.81,0.029273133909367647,-0.012929844439171381,0.042202978348797666,PreMarketWait,26
1718907890.25,33.81,0.029273133909367647,-0.013044993876250919,0.042318127785893174,PreMarketWait,26
1718907890.5,33.81,0.029273133909367647,-0.013157876978499796,0.04243101088815462,PreMarketWait,26
1718907890.75,33.81,0.029273133909367647,-0.013269095305354575,0.04254222921501833,PreMarketWait,26
1718907891.0,33.77,-0.05231749920697736,-0.013378294690881616,-0.03893920451579471,PreMarketWait,26
1718907891.25,33.77,-0.05231749920697736,-0.013484131046860174,-0.038833368159815695,PreMarketWait,26
1718907891.5,33.77,-0.05231749920697736,-0.01358426684470117,-0.03873323236197894,PreMarketWait,26
1718907891.75,33.77,-0.05231749920697736,-0.01367539770235539,-0.03864210150433363,PreMarketWait,26
1718907892.0,33.81,0.029273133909367647,-0.013753307557520031,0.04302644146716283,PreMarketWait,26
1718907892.25,33.81,0.029273133909367647,-0.013812950288240219,0.04308608419786608,PreMarketWait,26
1718907892.5,33.81,0.029273133909367647,-0.013848555156389641,0.04312168906599538,PreMarketWait,26
1718907892.75,33.81,0.029273133909367647,-0.013853752909366208,0.04312688681894902,PreMarketWait,26
1718907893.0,33.77,-0.05231749920697736,-0.013821718714310783,-0.038495780492476886,PreMarketWait,26
1718907893.25,33.77,-0.05231749920697736,-0.013745327424147281,-0.03857217178266826,PreMarketWait,26
1718907893.5,33.77,-0.05231749920697736,-0.013617316215128553,-0.038700182991716896,PreMarketWait,26
1718907893.75,33.77,-0.05231749920697736,-0.013430449620991358,-0.03888704958588549,PreMarketWait,26
1718907894.0,33.79,-0.011522182648812102,-0.013177682526519827,0.00165549987777611,PreMarketWait,26
1718907894.25,33.79,-0.011522182648812102,-0.012852317703862044,0.0013301350550864559,MarketGridChoice,26
1718907894.5,33.79,-0.011522182648812102,-0.012448155769386958,0.0009259731205807052,MarketGridChoice,26
1718907894.75,33.79,-0.011522182648812102,-0.01195963675234784,0.00043745410351303006,MarketGridChoice,26
1718907895.0,33.79,-0.011522182648812102,-0.011381973587077791,-0.00014020906178264982,MarketGridChoice,26
1718907895.25,33.79,-0.011522182648812102,-0.0107112786396751,-0.0008109040092073279,MarketGridChoice,26
1718907895.5,33.79,-0.011522182648812102,-0.009944684804184993,-0.0015774978447151667,MarketGridChoice,26
1718907895.75,33.79,-0.011522182648812102,-0.009080462738986616,-0.0024417199099265037,MarketGridChoice,26
1718907896.0,33.81,0.029273133909367647,-0.008118135460779507,0.03739126937003841,MarketGridChoice,26
1718907896.25,33.81,0.029273133909367647,-0.007058590772562994,0.03633172468181978,MarketGridChoice,26
1718907896.5,33.81,0.029273133909367647,-0.005904190885459687,0.03517732479472006,MarketGridChoice,26
1718907896.75,33.81,0.029273133909367647,-0.004658877151750144,0.03393201106101957,MarketGridChoice,26
1718907897.0,33.79,-0.011522182648812102,-0.0033282661773179306,-0.008193916471578487,MarketGridChoice,26
1718907897.25,33.79,-0.011522182648812102,-0.0019197319261431264,-0.009602450722735335,MarketGridChoice,26
1718907897.5,33.79,-0.011522182648812102,-0.00044246701932214625,-0.01107971562953516,MarketGridChoice,26
1718907897.75,33.79,-0.011522182648812102,0.0010924844926037726,-0.01261466714143759,MarketGridChoice,26
1718907898.0,33.79,-0.011522182648812102,0.002672230874322827,-0.014194413523131657,MarketGridChoice,26
1718907898.25,33.79,-0.011522182648812102,0.0042820805064369555,-0.015804263155220107,MarketGridChoice,26
1718907898.5,33.79,-0.011522182648812102,0.0059056401344390035,-0.017427822783196552,MarketGridChoice,26
1718907898.75,33.79,-0.011522182648812102,0.007524968199391118,-0.019047150848123858,MarketGridChoice,26
1718907899.0,33.79,-0.011522182648812102,0.009120785626874812,-0.020642968275584195,MarketGridChoice,26
1718907899.25,33.79,-0.011522182648812102,0.010672743828464325,-0.022194926477152373,MarketGridChoice,26
1718907899.5,33.79,-0.011522182648812102,0.012159746829868343,-0.023681929478537537,MarketGridChoice,26
1718907899.75,33.79,-0.011522182648812102,0.013560321544632528,-0.02508250419328567,MarketGridChoice,26
1718907900.0,33.81,0.029273133909367647,0.014853027439060532,0.01442010647047915,MarketGridChoice,26
1718907900.25,33.81,0.029273133909367647,0.016016894370901157,0.013256239538648601,MarketGridChoice,26
1718907900.5,33.81,0.029273133909367647,0.017031875416978825,0.012241258492578,MarketGridChoice,26
1718907900.75,33.81,0.029273133909367647,0.017879300187931654,0.01139383372162921,MarketGridChoice,26
1718907901.0,33.81,0.029273133909367647,0.018542313550908004,0.010730820358653846,MarketGridChoice,26
1718907901.25,33.81,0.029273133909367647,0.01900628485090213,0.01026684905865767,MarketGridChoice,26
1718907901.5,33.81,0.029273133909367647,0.019259173578356627,0.01001396033119818,MarketGridChoice,26
1718907901.75,33.81,0.029273133909367647,0.01929183887932752,0.009981295030219559,MarketGridChoice,26
1718907902.0,33.81,0.029273133909367647,0.019098282240480432,0.010174851669056488,MarketGridChoice,26
1718907902.25,33.81,0.029273133909367647,0.018675815002350018,0.010597318907174707,MarketGridChoice,26
1718907902.5,33.81,0.029273133909367647,0.01802514496235544,0.011247988947155486,MarketGridChoice,26
1718907902.75,33.81,0.029273133909367647,0.017150379127984852,0.012122754781511164,MarketGridChoice,26
1718907903.0,33.81,0.029273133909367647,0.016058942574539412,0.013214191334941085,MarketGridChoice,26
1718907903.25,33.81,0.029273133909367647,0.014761416253222649,0.014511717656242186,MarketGridChoice,26
1718907903.5,33.81,0.029273133909367647,0.013271299382598689,0.016001834526850736,MarketGridChoice,26
1718907903.75,33.81,0.029273133909367647,0.011604704631920204,0.017668429277514386,MarketGridChoice,26
1718907904.0,33.79,-0.011522182648812102,0.00977999655323332,-0.0213021792019925,MarketGridChoice,26
1718907904.25,33.79,-0.011522182648812102,0.0078173855188424,-0.01933956816761464,MarketGridChoice,26
1718907904.5,33.79,-0.011522182648812102,0.005738490654783195,-0.01726067330356738,MarketGridChoice,26
1718907904.75,33.79,-0.011522182648812102,0.0035658858434333297,-0.015088068492228157,MarketGridChoice,26
1718907905.0,33.79,-0.011522182648812102,0.0013226427760672135,-0.012844825424871137,MarketGridChoice,26
1718907905.25,33.79,-0.011522182648812102,-0.0009681156772565851,-0.010554066971554638,MarketGridChoice,26
1718907905.5,33.79,-0.011522182648812102,-0.0032836397338672396,-0.008238542914949264,MarketGridChoice,26
1718907905.75,33.79,-0.011522182648812102,-0.005601944143024763,-0.0059202385057948274,MarketGridChoice,26
1718907906.0,33.79,-0.011522182648812102,-0.007902158172266105,-0.003620024476554285,MarketGridChoice,26
1718907906.25,33.79,-0.011522182648812102,-0.010164827433320176,-0.0013573552154986686,MarketGridChoice,26
1718907906.5,33.79,-0.011522182648812102,-0.012372162794671134,0.000849980145856178,MarketGridChoice,26
1718907906.75,33.79,-0.011522182648812102,-0.014508233515269269,0.0029860508664605254,MarketGridChoice,26
1718907907.0,33.79,-0.011522182648812102,-0.01655910350394354,0.005036920855143301,MarketGridChoice,26
1718907907.25,33.79,-0.011522182648812102,-0.018512911227535768,0.006990728578746288,MarketGridChoice,26
1718907907.5,33.79,-0.011522182648812102,-0.02035989524434709,0.008837712595570554,MarketGridChoice,26
1718907907.75,33.79,-0.011522182648812102,-0.022092368635277252,0.010570185986515719,MarketGridChoice,26
1718907908.0,33.77,-0.05231749920697736,-0.023704646769569425,-0.028612852437340477,MarketGridChoice,26
1718907908.25,33.77,-0.05231749920697736,-0.025192933917158166,-0.027124565289733116,MarketGridChoice,26
1718907908.5,33.77,-0.05231749920697736,-0.026555175248456398,-0.02576232395841463,MarketGridChoice,26
1718907908.75,33.77,-0.05231749920697736,-0.02779088176073097,-0.02452661744611817,MarketGridChoice,26
1718907909.0,33.79,-0.011522182648812102,-0.02890093659210302,0.017378753943442737,MarketGridChoice,26
1718907909.25,33.79,-0.011522182648812102,-0.02988739190876729,0.018365209260132423,MarketGridChoice,26
1718907909.5,33.79,-0.011522182648812102,-0.030753265909854288,0.019231083261246642,MarketGridChoice,26
1718907909.75,33.79,-0.011522182648812102,-0.03150234933177183,0.019980166683193093,MarketGridChoice,26
1718907910.0,33.79,-0.011522182648812102,-0.0321390300670811,0.020616847418532723,MarketGridChoice,26
1718907910.25,33.79,-0.011522182648812102,-0.0326681431596011,0.021145960511084267,MarketGridChoice,26
1718907910.5,33.79,-0.011522182648812102,-0.03309485160208389,0.021572668953599404,MarketGridChoice,26
1718907910.75,33.79,-0.011522182648812102,-0.03342456120280635,0.021902378554354666,MarketGridChoice,26
1718907911.0,33.77,-0.05231749920697736,-0.03366287048353875,-0.018654628723045255,MarketGridChoice,26
1718907911.25,33.77,-0.05231749920697736,-0.03381555431032823,-0.01850194489622301,MarketGridChoice,26
1718907911.5,33.77,-0.05231749920697736,-0.03388857791576604,-0.018428921290752714,MarketGridChoice,26
1718907911.75,33.77,-0.05231749920697736,-0.033888136281695666,-0.018429362924790898,MarketGridChoice,26
1718907912.0,33.79,-0.011522182648812102,-0.033820712574880216,0.02229852992659089,MarketGridChoice,26
1718907912.25,33.79,-0.011522182648812102,-0.033693148437485,0.022170965789227504,MarketGridChoice,26
1718907912.5,33.79,-0.011522182648812102,-0.033512718341976444,0.021990535693750604,MarketGridChoice,26
1718907912.75,33.79,-0.011522182648812102,-0.03328719983957693,0.021765017191382283,MarketGridChoice,26
1718907913.0,33.77,-0.05231749920697736,-0.03302493133719906,-0.019292567869130688,MarketGridChoice,26
1718907913.25,33.77,-0.05231749920697736,-0.032734849090002224,-0.019582650116299123,MarketGridChoice,26
1718907913.5,33.77,-0.05231749920697736,-0.032426495515448066,-0.019891003690827365,MarketGridChoice,26
1718907913.75,33.77,-0.05231749920697736,-0.03210999183846473,-0.020207507367787928,MarketGridChoice,26
1718907914.0,33.77,-0.05231749920697736,-0.03179596952117376,-0.020521529685059797,MarketGridChoice,26
1718907914.25,33.77,-0.05231749920697736,-0.031495456877349684,-0.020822042328868837,MarketGridChoice,26
1718907914.5,33.77,-0.05231749920697736,-0.031219719603803556,-0.021097779602404276,MarketGridChoice,26
1718907914.75,33.77,-0.05231749920697736,-0.030980056513248887,-0.021337442692952797,MarketGridChoice,26
1718907915.0,33.79,-0.011522182648812102,-0.030787554341767703,0.01926537169373284,MarketGridChoice,26
1718907915.25,33.79,-0.011522182648812102,-0.030652807941786833,0.01913062529374901,ForecastPage,26
1718907915.5,33.79,-0.011522182648812102,-0.03058561428523101,0.01906343163718575,ForecastPage,26
1718907915.75,33.79,-0.011522182648812102,-0.03059465036015821,0.01907246771210112,ForecastPage,26
1718907916.0,33.77,-0.05231749920697736,-0.030687146192243362,-0.021630353013995126,ForecastPage,26
1718907916.25,33.77,-0.05231749920697736,-0.03086856489282907,-0.021448934313429792,ForecastPage,26
1718907916.5,33.77,-0.05231749920697736,-0.031142301920997616,-0.021175197285285607,ForecastPage,26
1718907916.75,33.77,-0.05231749920697736,-0.03150941574080104,-0.020808083465510132,ForecastPage,26
1718907917.0,33.79,-0.011522182648812102,-0.03196840178815027,0.020446219139973416,ForecastPage,26
1718907917.25,33.79,-0.011522182648812102,-0.03251502108128527,0.020992838433075194,ForecastPage,26
1718907917.5,33.79,-0.011522182648812102,-0.03314219380133687,0.021620011153091957,ForecastPage,26
1718907917.75,33.79,-0.011522182648812102,-0.03383996662492596,0.022317783976645203,ForecastPage,26
1718907918.0,33.79,-0.011522182648812102,-0.03459556046347962,0.023073377815162634,ForecastPage,26
1718907918.25,33.79,-0.011522182648812102,-0.03539350260267139,0.02387131995431835,ForecastPage,26
1718907918.5,33.79,-0.011522182648812102,-0.036215844171558306,0.024693661523169826,ForecastPage,26
1718907918.75,33.79,-0.011522182648812102,-0.037042460586407304,0.025520277937984337,ForecastPage,26
1718907919.0,33.77,-0.05231749920697736,-0.03785142931342273,-0.01446606989319884,ForecastPage,26
1718907919.25,33.77,-0.05231749920697736,-0.038619476189025614,-0.013698023017628149,ForecastPage,26
1718907919.5,33.77,-0.05231749920697736,-0.03932247882829125,-0.012995020378393571,ForecastPage,26
1718907919.75,33.77,-0.05231749920697736,-0.03993601350673553,-0.012381485699979131,ForecastPage,26
1718907920.0,33.77,-0.05231749920697736,-0.040435930412323094,-0.011881568794420056,ForecastPage,26
1718907920.25,33.77,-0.05231749920697736,-0.04079894134138234,-0.011518557865387724,ForecastPage,26
1718907920.5,33.77,-0.05231749920697736,-0.04100320369087223,-0.011314295515922808,ForecastPage,26
1718907920.75,33.77,-0.05231749920697736,-0.041028884878622225,-0.011288614328195444,ForecastPage,26
1718907921.0,33.79,-0.011522182648812102,-0.04085869199031369,0.029336509341641413,ForecastPage,26
1718907921.25,33.79,-0.011522182648812102,-0.040478352399041566,0.0289561697503526,ForecastPage,26
1718907921.5,33.79,-0.011522182648812102,-0.039877032241742875,0.028354849593040583,ForecastPage,26
1718907921.75,33.79,-0.011522182648812102,-0.039047680924366994,0.02752549827565471,ForecastPage,26
1718907922.0,33.75,-0.0931128157651571,-0.037987291299556636,-0.05512552446550753,ForecastPage,26
1718907922.25,33.75,-0.0931128157651571,-0.0366970669365038,-0.056415748828564295,ForecastPage,26
1718907922.5,33.75,-0.0931128157651571,-0.03518249014319497,-0.057930325621874106,ForecastPage,26
1718907922.75,33.75,-0.0931128157651571,-0.033453287216791326,-0.05965952854827559,ForecastPage,26
1718907923.0,33.79,-0.011522182648812102,-0.031523290752227005,0.02000110810351076,ForecastPage,26
1718907923.25,33.79,-0.011522182648812102,-0.029410202509898918,0.01788801986119224,ForecastPage,26
1718907923.5,33.79,-0.011522182648812102,-0.027135263973870463,0.015613081325177552,ForecastPage,26
1718907923.75,33.79,-0.011522182648812102,-0.02472284495159528,0.013200662302920385,ForecastPage,26
1718907924.0,33.79,-0.011522182648812102,-0.022199963110815884,0.01067778046216304,ForecastPage,26
1718907924.25,33.79,-0.011522182648812102,-0.019595749117230717,0.008073566468603521,ForecastPage,26
1718907924.5,33.79,-0.011522182648812102,-0.016940873061960394,0.005418690413361824,ForecastPage,26
1718907924.75,33.79,-0.011522182648812102,-0.014266948253292675,0.002744765604724959,ForecastPage,26
1718907925.0,33.79,-0.011522182648812102,-0.011605928306422646,8.374565788719923e-05,ForecastPage,26
1718907925.25,33.79,-0.011522182648812102,-0.008989512895929003,-0.002532669752573574,ForecastPage,26
1718907925.5,33.79,-0.011522182648812102,-0.00644857661332531,-0.005073606035144583,ForecastPage,26
1718907925.75,33.79,-0.011522182648812102,-0.004012634146562473,-0.007509548501875641,ForecastPage,26
1718907926.0,33.81,0.029273133909367647,-0.0017093534959809445,0.030982487405752858,ForecastPage,26
1718907926.25,33.81,0.029273133909367647,0.0004358728326932278,0.028837261077106983,ForecastPage,26
1718907926.5,33.81,0.029273133909367647,0.002400290765088662,0.026872843144737403,ForecastPage,26
1718907926.75,33.81,0.029273133909367647,0.004164076132981957,0.025109057776867047,ForecastPage,26
1718907927.0,33.79,-0.011522182648812102,0.0057105515765407235,-0.017232734224851887,ForecastPage,26
1718907927.25,33.79,-0.011522182648812102,0.007026328280620606,-0.018548510928915966,ForecastPage,26
1718907927.5,33.79,-0.011522182648812102,0.008101374320036173,-0.0196235569683197,ForecastPage,26
1718907927.75,33.79,-0.011522182648812102,0.008929013441238271,-0.020451196089513977,ForecastPage,26
1718907928.0,33.81,0.029273133909367647,0.009505859754896942,0.01976727415501109,ForecastPage,26
1718907928.25,33.81,0.029273133909367647,0.009831695066433064,0.019441438843475458,ForecastPage,26
1718907928.5,33.81,0.029273133909367647,0.009909296513649243,0.019363837396256564,ForecastPage,26
1718907928.75,33.81,0.029273133909367647,0.009744222906324342,0.019528911003575688,ForecastPage,26
1718907929.0,33.79,-0.011522182648812102,0.009344568712691228,-0.020866751360979794,ForecastPage,26
1718907929.25,33.79,-0.011522182648812102,0.008720694971943908,-0.020242877620244463,ForecastPage,26
1718907929.5,33.79,-0.011522182648812102,0.007884946432226552,-0.019407129080542183,ForecastPage,26
1718907929.75,33.79,-0.011522182648812102,0.006851363822638822,-0.01837354647097242,ForecastPage,26
1718907930.0,33.79,-0.011522182648812102,0.005635399328264645,-0.017157581976618746,ForecastPage,26
1718907930.25,33.79,-0.011522182648812102,0.004253642098103274,-0.015775824746479927,ForecastPage,26
1718907930.5,33.79,-0.011522182648812102,0.0027235590981105153,-0.014245741746511158,ForecastPage,26
1718907930.75,33.79,-0.011522182648812102,0.0010632549833933162,-0.012585437631818689,ForecastPage,26
1718907931.0,33.81,0.029273133909367647,-0.0007087469301145889,0.02998188083984426,ForecastPage,26
1718907931.25,33.81,0.029273133909367647,-0.0025737019096510705,0.03184683581935681,ForecastPage,26
1718907931.5,33.81,0.029273133909367647,-0.004512819652981491,0.03378595356266463,ForecastPage,26
1718907931.75,33.81,0.029273133909367647,-0.006507419810352539,0.0357805537200147,ForecastPage,26
1718907932.0,33.77,-0.05231749920697736,-0.008539068573497885,-0.043778430633204274,ForecastPage,26
1718907932.25,33.77,-0.05231749920697736,-0.01058969781225797,-0.04172780139446195,ForecastPage,26
1718907932.5,33.77,-0.05231749920697736,-0.012641708285440983,-0.03967579092129508,ForecastPage,26
1718907932.75,33.77,-0.05231749920697736,-0.014678058620889573,-0.037639440585860766,ForecastPage,26
1718907933.0,33.81,0.029273133909367647,-0.016682342094323604,0.045955476003906294,ForecastPage,26
1718907933.25,33.81,0.029273133909367647,-0.01863885362386463,0.04791198753343823,ForecastPage,26
1718907933.5,33.81,0.029273133909367647,-0.02053264962025034,0.04980578352981813,ForecastPage,26
1718907933.75,33.81,0.029273133909367647,-0.022349603193613243,0.05162273710317861,ForecastPage,26
1718907934.0,33.77,-0.05231749920697736,-0.02407645665913313,-0.028241042547645923,ForecastPage,26
1718907934.25,33.77,-0.05231749920697736,-0.025700872439783255,-0.02661662676699289,ForecastPage,26
1718907934.5,33.77,-0.05231749920697736,-0.027211482608763472,-0.025106016598008086,ForecastPage,26
1718907934.75,33.77,-0.05231749920697736,-0.028597936738552092,-0.023719562468213627,ForecastPage,26
1718907935.0,33.77,-0.05231749920697736,-0.02985094761338842,-0.022466551593370427,ForecastPage,26
1718907935.25,33.77,-0.05231749920697736,-0.030962334738963315,-0.021355164467787686,ForecastPage,26
1718907935.5,33.77,-0.05231749920697736,-0.03192506632825828,-0.020392432878483815,ForecastPage,26
1718907935.75,33.77,-0.05231749920697736,-0.032733301361667876,-0.01958419784506405,ForecastPage,26
1718907936.0,33.79,-0.011522182648812102,-0.03338243419833344,0.021860251549778477,ForecastPage,26
1718907936.25,33.79,-0.011522182648812102,-0.03386914484745819,0.022346962198916926,ForecastPage,26
1718907936.5,33.79,-0.011522182648812102,-0.0341914582130026,0.022669275564477447,ForecastPage,26
1718907936.75,33.79,-0.011522182648812102,-0.03434881527586073,0.02282663262735447,ForecastPage,26
1718907937.0,33.79,-0.011522182648812102,-0.03434215823327673,0.022819975584792502,ForecastPage,26
1718907937.25,33.79,-0.011522182648812102,-0.03417403013450454,0.022651847486045693,ForecastPage,26
1718907937.5,33.79,-0.011522182648812102,-0.03384868767579584,0.02232650502736575,ForecastPage,26
1718907937.75,33.79,-0.011522182648812102,-0.03337222373560969,0.021850041087211614,ForecastPage,26
1718907938.0,33.77,-0.05231749920697736,-0.03275269414920365,-0.019564805057324677,ForecastPage,26
1718907938.25,33.77,-0.05231749920697736,-0.03200024134719076,-0.020317257859299945,ForecastPage,26
1718907938.5,33.77,-0.05231749920697736,-0.0311272060040471,-0.02119029320240369,ForecastPage,26
1718907938.75,33.77,-0.05231749920697736,-0.03014821690115036,-0.022169282305258414,ForecastPage,26
1718907939.0,33.79,-0.011522182648812102,-0.02908024886385733,0.01755806621565777,ForecastPage,26
1718907939.25,33.79,-0.011522182648812102,-0.027942638846852722,0.01642045619869899,ForecastPage,26
1718907939.5,33.79,-0.011522182648812102,-0.02675705091174254,0.015234868263636337,ForecastPage,26
1718907939.75,33.79,-0.011522182648812102,-0.025547381852860547,0.014025199204803203,ForecastPage,26
1718907940.0,33.77,-0.05231749920697736,-0.024339600520800746,-0.027977898685372236,ForecastPage,26
1718907940.25,33.77,-0.05231749920697736,-0.02316151548411581,-0.029155983722007454,ForecastPage,26
1718907940.5,33.77,-0.05231749920697736,-0.02204246762439338,-0.03027503158168071,ForecastPage,26
1718907940.75,33.77,-0.05231749920697736,-0.021012946634210012,-0.03130455257181604,ForecastPage,26
1718907941.0,33.79,-0.011522182648812102,-0.020104133164951736,0.008581950517137386,ForecastPage,26
1718907941.25,33.79,-0.011522182648812102,-0.019347371438626696,0.007825188790856835,ForecastPage,26
1718907941.5,33.79,-0.011522182648812102,-0.01877358030937313,0.00725139766164546,ForecastPage,26
1718907941.75,33.79,-0.011522182648812102,-0.018412613841083718,0.006890431193395508,ForecastPage,26
1718907942.0,33.77,-0.05231749920697736,-0.018292585313869875,-0.034024913891947346,ForecastPage,26
1718907942.25,33.77,-0.05231749920697736,-0.018439171118584955,-0.033878328087199684,ForecastPage,26
1718907942.5,33.77,-0.05231749920697736,-0.0188749132342094,-0.03344258597154661,ForecastPage,26
1718907942.75,33.77,-0.05231749920697736,-0.01961854089145692,-0.03269895831427451,ForecastPage,26
1718907943.0,33.79,-0.011522182648812102,-0.020684333527331487,0.009162150879786012,ForecastPage,26
1718907943.25,33.79,-0.011522182648812102,-0.02208154806228183,0.010559365414753531,ForecastPage,26
1718907943.5,33.79,-0.011522182648812102,-0.02381393365742735,0.012291751009913131,ForecastPage,26
1718907943.75,33.79,-0.011522182648812102,-0.025879356211713812,0.014357173564211035,ForecastPage,26
1718907944.0,33.81,0.029273133909367647,-0.028269552784289873,0.05754268669497612,ForecastPage,26
1718907944.25,33.81,0.029273133909367647,-0.0309700328261479,0.06024316673684173,ForecastPage,26
1718907944.5,33.81,0.029273133909367647,-0.03396013863496825,0.06323327254566824,ForecastPage,26
1718907944.75,33.81,0.029273133909367647,-0.03721327197137774,0.06648640588208253,ForecastPage,26
1718907945.0,33.77,-0.05231749920697736,-0.04069728756999384,-0.011620211635643064,ForecastPage,26
1718907945.25,33.77,-0.05231749920697736,-0.04437504773333925,-0.007942451472296018,MarketWaitPage,26
1718907945.5,33.77,-0.05231749920697736,-0.04820512576961441,-0.004112373436020961,MarketWaitPage,26
1718907945.75,33.77,-0.05231749920697736,-0.052142640168020865,-0.00017485903761624115,MarketWaitPage,26
1718907946.0,33.77,-0.05231749920697736,-0.05614019642997537,0.003822697224335123,MarketWaitPage,26
1718907946.25,33.77,-0.05231749920697736,-0.0601489095716504,0.007831410366006004,MarketWaitPage,26
1718907946.5,33.77,-0.05231749920697736,-0.06411947754134757,0.011801978335698524,MarketWaitPage,26
1718907946.75,33.77,-0.05231749920697736,-0.06800327415875929,0.01568577495310567,MarketWaitPage,26
1718907947.0,33.73,-0.13390813232333687,-0.07175342968869901,-0.06215470263331791,MarketWaitPage,26
1718907947.25,33.73,-0.13390813232333687,-0.07532586783775849,-0.0585822644842607,RoundResultsPage,26
1718907947.5,33.73,-0.13390813232333687,-0.0786802698395949,-0.05522786248242408,RoundResultsPage,26
1718907947.75,33.73,-0.13390813232333687,-0.08178093935142154,-0.052127192970593726,RoundResultsPage,26
1718907948.0,33.75,-0.0931128157651571,-0.08459754597891454,-0.008515269784912745,RoundResultsPage,26
1718907948.25,33.75,-0.0931128157651571,-0.08710573008806533,-0.006007085675748085,RoundResultsPage,26
1718907948.5,33.75,-0.0931128157651571,-0.08928755675283284,-0.003825259010960008,RoundResultsPage,26
1718907948.75,33.75,-0.0931128157651571,-0.09113181181537959,-0.0019810039483852127,RoundResultsPage,26
1718907949.0,33.77,-0.05231749920697736,-0.09263413776340886,0.040316638557859955,RoundResultsPage,26
1718907949.25,33.77,-0.05231749920697736,-0.0937970112348754,0.04147951202937092,RoundResultsPage,26
1718907949.5,33.77,-0.05231749920697736,-0.09462956733963546,0.04231206813418327,RoundResultsPage,26
1718907949.75,33.77,-0.05231749920697736,-0.09514727864545729,0.042829779440064344,RoundResultsPage,26
1718907950.0,33.73,-0.13390813232333687,-0.09537149872851113,-0.038536633593176495,RoundResultsPage,26
1718907950.25,33.73,-0.13390813232333687,-0.09532888185633952,-0.03857925046527933,RoundResultsPage,26
1718907950.5,33.73,-0.13390813232333687,-0.09505069193067849,-0.038857440390869386,RoundResultsPage,26
1718907950.75,33.73,-0.13390813232333687,-0.09457201550798056,-0.03933611681349569,RoundResultsPage,26
1718907951.0,33.75,-0.0931128157651571,-0.09393089564268797,0.0008180798794623825,RoundResultsPage,26
1718907951.25,33.75,-0.0931128157651571,-0.09316740539021022,5.4589627053719565e-05,RoundResultsPage,26
1718907951.5,33.75,-0.0931128157651571,-0.09232268185203257,-0.0007901339110577763,RoundResultsPage,26
1718907951.75,33.75,-0.0931128157651571,-0.09143794338645664,-0.001674872376571654,RoundResultsPage,26
1718907952.0,33.75,-0.0931128157651571,-0.09055351382778347,-0.002559301935187797,RoundResultsPage,26
1718907952.25,33.75,-0.0931128157651571,-0.08970787811769348,-0.0034049376452265634,RoundResultsPage,26
1718907952.5,33.75,-0.0931128157651571,-0.08893679358925695,-0.004176022173618331,RoundResultsPage,26
1718907952.75,33.75,-0.0931128157651571,-0.08827248022775026,-0.004840335535087023,RoundResultsPage,26
1718907953.0,33.77,-0.05231749920697736,-0.08774291154389403,0.03542541233926751,RoundResultsPage,26
1718907953.25,33.77,-0.05231749920697736,-0.08737122521453036,0.035053726009927844,RoundResultsPage,26
1718907953.5,33.77,-0.05231749920697736,-0.08717526936301268,0.03485777015842717,RoundResultsPage,26
1718907953.75,33.77,-0.05231749920697736,-0.0871672962943823,0.034849797089806824,RoundResultsPage,26
1718907954.0,33.77,-0.05231749920697736,-0.08735381076867303,0.03503631156410067,RoundResultsPage,26
1718907954.25,33.77,-0.05231749920697736,-0.0877355746783838,0.035418075473807716,RoundResultsPage,26
1718907954.5,33.77,-0.05231749920697736,-0.08830776455709742,0.03599026535251089,RoundResultsPage,26
1718907954.75,33.77,-0.05231749920697736,-0.08906027299215082,0.036742773787547325,RoundResultsPage,26
1718907955.0,33.73,-0.13390813232333687,-0.08997814006792391,-0.04392999225306239,RoundResultsPage,26
1718907955.25,33.73,-0.13390813232333687,-0.09104209674848543,-0.04286603557253022,RoundResultsPage,26
1718907955.5,33.73,-0.13390813232333687,-0.09222919891020095,-0.04167893341084954,RoundResultsPage,26
1718907955.75,33.73,-0.13390813232333687,-0.09351352876361936,-0.040394603557470744,RoundResultsPage,26
1718907956.0,33.75,-0.0931128157651571,-0.09486693971767746,0.0017541239547236437,RoundResultsPage,26
1718907956.25,33.75,-0.0931128157651571,-0.0962598212207854,0.0031470054577853943,RoundResultsPage,26
1718907956.5,33.75,-0.0931128157651571,-0.09766186151566127,0.004549045752613473,RoundResultsPage,26
1718907956.75,33.75,-0.0931128157651571,-0.0990427882870105,0.0059299725239144035,RoundResultsPage,26
1718907957.0,33.73,-0.13390813232333687,-0.10037306963835671,-0.03353506268296706,RoundResultsPage,26
1718907957.25,33.73,-0.13390813232333687,-0.10162456057644825,-0.03228357174492236,RoundResultsPage,26
1718907957.5,33.73,-0.13390813232333687,-0.10277108315189093,-0.031137049169524478,RoundResultsPage,26
1718907957.75,33.73,-0.13390813232333687,-0.10378893155892947,-0.030119200762527484,RoundResultsPage,26
1718907958.0,33.75,-0.0931128157651571,-0.104657296743116,0.011544480979801937,RoundResultsPage,26
1718907958.25,33.75,-0.0931128157651571,-0.1053586082362657,0.012245792472920923,RiskPage1,26
1718907958.5,33.75,-0.0931128157651571,-0.1058787938172979,0.012765978053929743,RiskPage1,26
1718907958.75,33.75,-0.0931128157651571,-0.1062074599794127,0.013094644216029513,RiskPage1,26
1718907959.0,33.75,-0.0931128157651571,-0.10633799793330749,0.013225182169918408,RiskPage1,26
1718907959.25,33.75,-0.0931128157651571,-0.10626762095544855,0.013154805192063267,RiskPage1,26
1718907959.5,33.75,-0.0931128157651571,-0.10599733934655117,0.012884523583179779,RiskPage1,26
1718907959.75,33.75,-0.0931128157651571,-0.10553187919452604,0.012419063431178805,RiskPage1,26
1718907960.0,33.75,-0.0931128157651571,-0.10487955065408364,0.011766734890770698,RiskPage1,26
1718907960.25,33.75,-0.0931128157651571,-0.10405207068272371,0.010939254919454577,RiskPage1,26
1718907960.5,33.75,-0.0931128157651571,-0.10306434423046905,0.009951528467252082,RiskPage1,26
1718907960.75,33.75,-0.0931128157651571,-0.10193420688646046,0.008821391123302443,RiskPage1,26
1718907961.0,33.75,-0.0931128157651571,-0.10068213105319111,0.00756931529009691,RiskPage1,26
1718907961.25,33.75,-0.0931128157651571,-0.09933089695654677,0.006218081193519024,RiskPage1,26
1718907961.5,33.75,-0.0931128157651571,-0.0979052293072058,0.00479241354424483,RiskPage1,26
1718907961.75,33.75,-0.0931128157651571,-0.09643140029759593,0.003318584534699789,RiskPage1,26
1718907962.0,33.73,-0.13390813232333687,-0.09493679992907472,-0.03897133239194052,RiskPage1,26
1718907962.25,33.73,-0.13390813232333687,-0.09344947548172415,-0.04045865683923656,RiskPage1,26
1718907962.5,33.73,-0.13390813232333687,-0.09199764330049065,-0.04191048902042314,RiskPage1,26
1718907962.75,33.73,-0.13390813232333687,-0.09060917795508383,-0.043298954365791745,RiskPage1,26
1718907963.0,33.75,-0.0931128157651571,-0.08931108612462438,-0.003801729638042449,RiskPage1,26
1718907963.25,33.75,-0.0931128157651571,-0.08812897504542277,-0.004983840717224106,RiskPage1,26
1718907963.5,33.75,-0.0931128157651571,-0.087086527750467,-0.006026288012168469,RiskPage1,26
1718907963.75,33.75,-0.0931128157651571,-0.08620499931796219,-0.006907816444669637,RiskPage1,26
1718907964.0,33.77,-0.05231749920697736,-0.08550274967844805,0.03318525047399281,RiskPage1,26
1718907964.25,33.77,-0.05231749920697736,-0.08499482903237347,0.032677329827909225,RiskPage2,26
1718907964.5,33.77,-0.05231749920697736,-0.08469263151298828,0.03237513230851004,RiskPage2,26
1718907964.75,33.77,-0.05231749920697736,-0.08460363138325518,0.03228613217875867,RiskPage2,26
1718907965.0,33.75,-0.0931128157651571,-0.08473121385687082,-0.008381601905827367,RiskPage2,26
1718907965.25,33.75,-0.0931128157651571,-0.08507460974644108,-0.008038206016282221,RiskPage2,26
1718907965.5,33.75,-0.0931128157651571,-0.08562893978753452,-0.007483875975216596,RiskPage2,26
1718907965.75,33.75,-0.0931128157651571,-0.0863853708841598,-0.006727444878621201,RiskPage2,26
1718907966.0,33.77,-0.05231749920697736,-0.08733138282580893,0.03501388362117645,RiskPage2,26
1718907966.25,33.77,-0.05231749920697736,-0.08845114031010756,0.03613364110544337,RiskPage2,26
1718907966.5,33.77,-0.05231749920697736,-0.08972596138199891,0.03740846217730338,RiskPage2,26
1718907966.75,33.77,-0.05231749920697736,-0.09113486968901677,0.03881737048429096,RiskPage2,26
1718907967.0,33.75,-0.0931128157651571,-0.09265521433924294,-0.00045760142369128884,RiskPage2,26
1718907967.25,33.75,-0.0931128157651571,-0.09426333781560375,0.0011505220526427922,RiskPage2,26
1718907967.5,33.75,-0.0931128157651571,-0.09593526960007379,0.002822453837088245,RiskPage2,26
1718907967.75,33.75,-0.0931128157651571,-0.09764742115862539,0.004534605395617493,RiskPage2,26
1718907968.0,33.73,-0.13390813232333687,-0.09937725694803967,-0.03453087537316809,RiskPage2,26
1718907968.25,33.73,-0.13390813232333687,-0.10110391626482995,-0.03280421605639577,RiskPage2,26
1718907968.5,33.73,-0.13390813232333687,-0.10280876212063789,-0.03109937020060368,RiskPage2,26
1718907968.75,33.73,-0.13390813232333687,-0.1044758358797422,-0.02943229644151326,RiskPage2,26
1718907969.0,33.73,-0.13390813232333687,-0.10609220003584685,-0.027815932285420696,RiskPage2,26
1718907969.25,33.73,-0.13390813232333687,-0.10764815605863423,-0.026259976262643613,RiskPage3,26
1718907969.5,33.73,-0.13390813232333687,-0.1091373294646516,-0.024770802856634622,RiskPage3,26
1718907969.75,33.73,-0.13390813232333687,-0.11055661989201995,-0.023351512429272428,RiskPage3,26
1718907970.0,33.73,-0.13390813232333687,-0.11190601971296286,-0.022002112608333062,RiskPage3,26
1718907970.25,33.73,-0.13390813232333687,-0.11318831034225829,-0.02071982197903805,RiskPage3,26
1718907970.5,33.73,-0.13390813232333687,-0.11440865064750493,-0.01949948167378812,RiskPage3,26
1718907970.75,33.73,-0.13390813232333687,-0.11557407650652007,-0.018334055814765264,RiskPage3,26
1718907971.0,33.75,-0.0931128157651571,-0.11669293436982005,0.02358011860672721,RiskPage3,26
1718907971.25,33.75,-0.0931128157651571,-0.11777427446989562,0.024661458706821047,RiskPage3,26
1718907971.5,33.75,-0.0931128157651571,-0.11882723090056865,0.025714415137518147,RiskPage3,26
1718907971.75,33.75,-0.0931128157651571,-0.11986041605188796,0.026747600288867593,RiskPage3,26
1718907972.0,33.75,-0.0931128157651571,-0.12088135580065514,0.027768540037671163,RiskPage3,26
1718907972.25,33.75,-0.0931128157651571,-0.12189598949989978,0.028783173736958496,RiskPage3,26
1718907972.5,33.75,-0.0931128157651571,-0.12290825534688578,0.029795439583993232,RiskPage3,26
1718907972.75,33.75,-0.0931128157651571,-0.12391977735751909,0.030806961594680854,RiskPage3,26
1718907973.0,33.75,-0.0931128157651571,-0.12492966518080607,0.03181684941802703,RiskPage3,26
1718907973.25,33.75,-0.0931128157651571,-0.12593443260905596,0.03282161684634004,RiskPage3,26
1718907973.5,33.75,-0.0931128157651571,-0.12692803514650003,0.03381521938384985,RiskPage3,26
1718907973.75,33.75,-0.0931128157651571,-0.1279020216690475,0.034789205906464074,RiskPage3,26
1718907974.0,33.71,-0.1747034488815021,-0.12884579032783713,-0.04585765855102514,RiskPage3,26
1718907974.25,33.71,-0.1747034488815021,-0.12974693470784704,-0.04495651417095165,RiskPage4,26
1718907974.5,33.71,-0.1747034488815021,-0.13059166311469944,-0.04411178576404018,RiskPage4,26
1718907974.75,33.71,-0.1747034488815021,-0.13136527191247427,-0.04333817696621254,RiskPage4,26
1718907975.0,33.73,-0.13390813232333687,-0.1320526531104835,-0.0018554792099928427,RiskPage4,26
1718907975.25,33.73,-0.13390813232333687,-0.13263881676016195,-0.0012693155602777478,RiskPage4,26
1718907975.5,33.73,-0.13390813232333687,-0.1331094099058819,-0.0007987224145307205,RiskPage4,26
1718907975.75,33.73,-0.13390813232333687,-0.13345121553007275,-0.00045691679032302396,RiskPage4,26
1718907976.0,33.73,-0.13390813232333687,-0.13365261688967436,-0.0002555154307147256,RiskPage4,26
1718907976.25,33.73,-0.13390813232333687,-0.13370401469635523,-0.00020411762403668363,RiskPage4,26
1718907976.5,33.73,-0.13390813232333687,-0.13359818666843343,-0.00030994565196987983,RiskPage4,26
1718907976.75,33.73,-0.13390813232333687,-0.13333058104827386,-0.0005775512721481971,RiskPage4,26
1718907977.0,33.73,-0.13390813232333687,-0.13289953772511456,-0.0010085945953322052,RiskPage4,26
1718907977.25,33.73,-0.13390813232333687,-0.13230643262530423,-0.0016016996951715677,RiskPage4,26
1718907977.5,33.73,-0.13390813232333687,-0.13155574302608763,-0.002352389294419697,RiskPage4,26
1718907977.75,33.73,-0.13390813232333687,-0.13065503341059093,-0.0032530989099486913,RiskPage4,26
1718907978.0,33.73,-0.13390813232333687,-0.12961486340325235,-0.004293268917318636,RiskPage4,26
1718907978.25,33.73,-0.13390813232333687,-0.1284486211953291,-0.005459511125270722,RiskPage4,26
1718907978.5,33.73,-0.13390813232333687,-0.12717228767251199,-0.006735844648112846,RiskPage4,26
1718907978.75,33.73,-0.13390813232333687,-0.12580413816740188,-0.008103994153243064,RiskPage4,26
1718907979.0,33.73,-0.13390813232333687,-0.12436439034666708,-0.009543741973992076,RiskPage4,26
1718907979.25,33.73,-0.13390813232333687,-0.12287480816457048,-0.01103332415609605,PreMarketWait,27
1718907979.5,33.73,-0.13390813232333687,-0.12135827301899092,-0.012549859301675483,PreMarketWait,27
1718907979.75,33.73,-0.13390813232333687,-0.11983833416912147,-0.014069798151536885,PreMarketWait,27
1718907980.0,33.75,-0.0931128157651571,-0.11833875103959958,0.025225935277137065,PreMarketWait,27
1718907980.25,33.75,-0.0931128157651571,-0.11688304015832728,0.023770224395888745,PreMarketWait,27
1718907980.5,33.75,-0.0931128157651571,-0.11549403907219058,0.02238122330978329,PreMarketWait,27
1718907980.75,33.75,-0.0931128157651571,-0.1141934986045439,0.021080682842174143,PreMarketWait,27
1718907981.0,33.75,-0.0931128157651571,-0.1130017132731378,0.019888897510810646,PreMarketWait,27
1718907981.25,33.75,-0.0931128157651571,-0.1119371976695792,0.01882438190729852,PreMarketWait,27
1718907981.5,33.75,-0.0931128157651571,-0.1110164142686477,0.01790359850641623,PreMarketWait,27
1718907981.75,33.75,-0.0931128157651571,-0.11025355567698558,0.017140739914805057,PreMarketWait,27
1718907982.0,33.73,-0.13390813232333687,-0.10966038193943044,-0.024247750380878216,PreMarketWait,27
1718907982.25,33.73,-0.13390813232333687,-0.10924611138025148,-0.024662020940005996,PreMarketWait,27
1718907982.5,33.73,-0.13390813232333687,-0.10901736172235775,-0.024890770597849568,PreMarketWait,27
1718907982.75,33.73,-0.13390813232333687,-0.10897813700367974,-0.024929995316478555,PreMarketWait,27
1718907983.0,33.75,-0.0931128157651571,-0.1091298551151769,0.016017039353246408,PreMarketWait,27
1718907983.25,33.75,-0.0931128157651571,-0.10947141054265488,0.0163585947807718,PreMarketWait,27
1718907983.5,33.75,-0.0931128157651571,-0.10999926696298695,0.0168864512011508,PreMarketWait,27
1718907983.75,33.75,-0.0931128157651571,-0.11070757458053622,0.017594758818746545,PreMarketWait,27
1718907984.0,33.73,-0.13390813232333687,-0.11158830740832988,-0.022319824911593684,PreMarketWait,27
1718907984.25,33.73,-0.13390813232333687,-0.11263141610528977,-0.02127671621458895,MarketGridChoice,27
1718907984.5,33.73,-0.13390813232333687,-0.1138249925441678,-0.020083139775667638,MarketGridChoice,27
1718907984.75,33.73,-0.13390813232333687,-0.11515544307822224,-0.01875268924157216,MarketGridChoice,27
1718907985.0,33.73,-0.13390813232333687,-0.11660766851670688,-0.017300463803049445,MarketGridChoice,27
1718907985.25,33.73,-0.13390813232333687,-0.11816525004663292,-0.015742882273088808,MarketGridChoice,27
1718907985.5,33.73,-0.13390813232333687,-0.11981064161958022,-0.014097490700110621,MarketGridChoice,27
1718907985.75,33.73,-0.13390813232333687,-0.1215253704925046,-0.012382761827159227,MarketGridChoice,27
1718907986.0,33.75,-0.0931128157651571,-0.12329024850132345,0.030177432739862474,MarketGridChoice,27
1718907986.25,33.75,-0.0931128157651571,-0.12508559709973793,0.0319727813382962,MarketGridChoice,27
1718907986.5,33.75,-0.0931128157651571,-0.1268914890881438,0.033778673326717565,MarketGridChoice,27
1718907986.75,33.75,-0.0931128157651571,-0.12868800922325058,0.03557519346183641,MarketGridChoice,27
1718907987.0,33.73,-0.13390813232333687,-0.13045553456634137,-0.0034525977532434034,MarketGridChoice,27
1718907987.25,33.73,-0.13390813232333687,-0.13217503363138888,-0.0017330986881888728,MarketGridChoice,27
1718907987.5,33.73,-0.13390813232333687,-0.13382838134581854,-7.975097375329324e-05,MarketGridChoice,27
1718907987.75,33.73,-0.13390813232333687,-0.1353986847655272,0.0014905524459613313,MarketGridChoice,27
1718907988.0,33.73,-0.13390813232333687,-0.13687061257595304,0.0029624802563944256,MarketGridChoice,27
1718907988.25,33.73,-0.13390813232333687,-0.13823071977295237,0.004322587453403561,MarketGridChoice,27
1718907988.5,33.73,-0.13390813232333687,-0.13946775759948468,0.00555962527994956,MarketGridChoice,27
1718907988.75,33.73,-0.13390813232333687,-0.1405729578357635,0.006664825516247138,MarketGridChoice,27
1718907989.0,33.73,-0.13390813232333687,-0.14154027991846452,0.007632147598972821,MarketGridChoice,27
1718907989.25,33.73,-0.13390813232333687,-0.14236660912553206,0.008458476806071416,MarketGridChoice,27
1718907989.5,33.73,-0.13390813232333687,-0.14305189424602263,0.009143761926599448,MarketGridChoice,27
1718907989.75,33.73,-0.13390813232333687,-0.14359921380964774,0.009691081490267827,MarketGridChoice,27
1718907990.0,33.71,-0.1747034488815021,-0.1440147611384851,-0.030688687739012215,MarketGridChoice,27
1718907990.25,33.71,-0.1747034488815021,-0.14430774026924995,-0.030395708608196636,MarketGridChoice,27
1718907990.5,33.71,-0.1747034488815021,-0.14449016723506453,-0.030213281642330263,MarketGridChoice,27
1718907990.75,33.71,-0.1747034488815021,-0.14457657430914692,-0.03012687456819698,MarketGridChoice,27
1718907991.0,33.71,-0.1747034488815021,-0.1445836185446495,-0.030119830332646372,MarketGridChoice,27
1718907991.25,33.71,-0.1747034488815021,-0.14452960015066477,-0.030173848726587644,MarketGridChoice,27
1718907991.5,33.71,-0.1747034488815021,-0.14443390070460074,-0.030269548172614003,MarketGridChoice,27
1718907991.75,33.71,-0.1747034488815021,-0.14431635565337286,-0.030387093223810755,MarketGridChoice,27
1718907992.0,33.73,-0.13390813232333687,-0.1441965797224572,0.010288447403463082,MarketGridChoice,27
1718907992.25,33.73,-0.13390813232333687,-0.14409326745537185,0.010185135136394931,MarketGridChoice,27
1718907992.5,33.73,-0.13390813232333687,-0.14402349388525226,0.010115361566285272,MarketGridChoice,27
1718907992.75,33.73,-0.13390813232333687,-0.14400204207748252,0.010093909758517863,MarketGridChoice,27
1718907993.0,33.73,-0.13390813232333687,-0.14404078483768354,0.010132652518713328,MarketGridChoice,27
1718907993.25,33.73,-0.13390813232333687,-0.14414814720541444,0.0102400148864305,MarketGridChoice,27
1718907993.5,33.73,-0.13390813232333687,-0.1443286744807151,0.01042054216170907,MarketGridChoice,27
1718907993.75,33.73,-0.13390813232333687,-0.14458272753226112,0.010674595213224695,MarketGridChoice,27
1718907994.0,33.75,-0.0931128157651571,-0.14490632310361237,0.05179350734271734,MarketGridChoice,27
1718907994.25,33.75,-0.0931128157651571,-0.14529113186690362,0.05217831610596271,MarketGridChoice,27
1718907994.5,33.75,-0.0931128157651571,-0.14572464118860404,0.05261182542761027,MarketGridChoice,27
1718907994.75,33.75,-0.0931128157651571,-0.14619048313323776,0.05307766737218472,MarketGridChoice,27
1718907995.0,33.73,-0.13390813232333687,-0.14666892138183565,0.012760789062537796,MarketGridChoice,27
1718907995.25,33.73,-0.13390813232333687,-0.14713748381894198,0.013229351499573765,MarketGridChoice,27
1718907995.5,33.73,-0.13390813232333687,-0.14757172094660215,0.013663588627158895,MarketGridChoice,27
1718907995.75,33.73,-0.13390813232333687,-0.14794606442114464,0.01403793210162248,MarketGridChoice,27
1718907996.0,33.71,-0.1747034488815021,-0.14823475522635793,-0.026468693651411152,MarketGridChoice,27
1718907996.25,33.71,-0.1747034488815021,-0.1484128075529534,-0.02629064132489873,MarketGridChoice,27
1718907996.5,33.71,-0.1747034488815021,-0.14845697251672474,-0.02624647636120979,MarketGridChoice,27
1718907996.75,33.71,-0.1747034488815021,-0.14834666549879202,-0.026356783379221742,MarketGridChoice,27
1718907997.0,33.71,-0.1747034488815021,-0.14806482212133878,-0.026638626756748544,MarketGridChoice,27
1718907997.25,33.71,-0.1747034488815021,-0.14759865057686536,-0.02710479830128735,MarketGridChoice,27
1718907997.5,33.71,-0.1747034488815021,-0.14694025202666744,-0.027763196851540203,MarketGridChoice,27
1718907997.75,33.71,-0.1747034488815021,-0.14608708584901967,-0.0286163630292306,MarketGridChoice,27
1718907998.0,33.71,-0.1747034488815021,-0.14504226240546214,-0.02966118647281711,MarketGridChoice,27
1718907998.25,33.71,-0.1747034488815021,-0.1438146524542124,-0.030888796424081395,MarketGridChoice,27
1718907998.5,33.71,-0.1747034488815021,-0.14241880911780827,-0.032284639760485095,MarketGridChoice,27
1718907998.75,33.71,-0.1747034488815021,-0.14087470514619982,-0.033828743732077615,MarketGridChoice,27
1718907999.0,33.73,-0.13390813232333687,-0.13920729483767036,0.0052991625175900295,MarketGridChoice,27
1718907999.25,33.73,-0.13390813232333687,-0.13744591611326368,0.003537783793231483,MarketGridChoice,27
1718907999.5,33.73,-0.13390813232333687,-0.13562355361635925,0.0017154212963913186,MarketGridChoice,27
1718907999.75,33.73,-0.13390813232333687,-0.13377598809002825,-0.00013214422986004577,MarketGridChoice,27
1718908000.0,33.75,-0.0931128157651571,-0.13194086049753168,0.03882804473591697,MarketGridChoice,27
1718908000.25,33.75,-0.0931128157651571,-0.13015668130471136,0.03704386554320318,MarketGridChoice,27
1718908000.5,33.75,-0.0931128157651571,-0.12846181602477671,0.03534900026338554,MarketGridChoice,27
1718908000.75,33.75,-0.0931128157651571,-0.1268934775964658,0.033780661835199385,MarketGridChoice,27
1718908001.0,33.73,-0.13390813232333687,-0.12548675456377542,-0.008421377755541179,MarketGridChoice,27
1718908001.25,33.73,-0.13390813232333687,-0.12427370156446185,-0.009634430754723596,MarketGridChoice,27
1718908001.5,33.73,-0.13390813232333687,-0.12328251557588621,-0.010625616743169752,MarketGridChoice,27
1718908001.75,33.73,-0.13390813232333687,-0.12253681795570018,-0.011371314363231137,MarketGridChoice,27
1718908002.0,33.75,-0.0931128157651571,-0.1220550587212878,0.028942242960653144,MarketGridChoice,27
1718908002.25,33.75,-0.0931128157651571,-0.12185005580669606,0.02873724004616809,MarketGridChoice,27
1718908002.5,33.75,-0.0931128157651571,-0.1219286782179087,0.02881586245747509,MarketGridChoice,27
1718908002.75,33.75,-0.0931128157651571,-0.12229167806666671,0.029178862306313322,MarketGridChoice,27
1718908003.0,33.73,-0.13390813232333687,-0.12293367244378652,-0.010974459874682072,MarketGridChoice,27
1718908003.25,33.73,-0.13390813232333687,-0.12384327212118025,-0.010064860197240826,MarketGridChoice,27
1718908003.5,33.73,-0.13390813232333687,-0.12500335033280746,-0.00890478198558422,MarketGridChoice,27
1718908003.75,33.73,-0.13390813232333687,-0.12639144156459617,-0.007516690753784805,MarketGridChoice,27
1718908004.0,33.73,-0.13390813232333687,-0.12798025750993133,-0.005927874808457783,MarketGridChoice,27
1718908004.25,33.73,-0.13390813232333687,-0.1297383051644472,-0.004169827153968618,MarketGridChoice,27
1718908004.5,33.73,-0.13390813232333687,-0.13163059041596648,-0.002277541902493751,MarketGridChoice,27
1718908004.75,33.73,-0.13390813232333687,-0.1336193893728321,-0.0002887429456890217,MarketGridChoice,27
1718908005.0,33.73,-0.13390813232333687,-0.13566506900281305,0.001756936684215879,MarketGridChoice,27
1718908005.25,33.73,-0.13390813232333687,-0.13772693837222008,0.0038188060535331095,ForecastPage,27
1718908005.5,33.73,-0.13390813232333687,-0.13976411184346504,0.005855979524675984,ForecastPage,27
1718908005.75,33.73,-0.13390813232333687,-0.14173636598888945,0.007828233669987555,ForecastPage,27
1718908006.0,33.71,-0.1747034488815021,-0.14360497270686481,-0.031098476170324116,ForecastPage,27
1718908006.25,33.71,-0.1747034488815021,-0.14533349209542923,-0.02936995678188823,ForecastPage,27
1718908006.5,33.71,-0.1747034488815021,-0.146888510063608,-0.027814938813841984,ForecastPage,27
1718908006.75,33.71,-0.1747034488815021,-0.14824030742953426,-0.026463141448049118,ForecastPage,27
1718908007.0,33.73,-0.13390813232333687,-0.14936344929623302,0.015455316976684036,ForecastPage,27
1718908007.25,33.73,-0.13390813232333687,-0.15023728566617375,0.01632915334649969,ForecastPage,27
1718908007.5,33.73,-0.13390813232333687,-0.15084635636452468,0.01693822404473417,ForecastPage,27
1718908007.75,33.73,-0.13390813232333687,-0.15118069521273472,0.017272562892838694,ForecastPage,27
1718908008.0,33.73,-0.13390813232333687,-0.15123602992658225,0.017327897606593413,ForecastPage,27
1718908008.25,33.73,-0.13390813232333687,-0.15101387540438446,0.017105743084316758,ForecastPage,27
1718908008.5,33.73,-0.13390813232333687,-0.15052151900558067,0.016613386685448775,ForecastPage,27
1718908008.75,33.73,-0.13390813232333687,-0.149771897231515,0.01586376491133385,ForecastPage,27
1718908009.0,33.71,-0.1747034488815021,-0.14878336406251416,-0.025920084815866773,ForecastPage,27
1718908009.25,33.71,-0.1747034488815021,-0.14757935223238136,-0.027124096646020158,ForecastPage,27
1718908009.5,33.71,-0.1747034488815021,-0.14618793006895237,-0.02851551880945669,ForecastPage,27
1718908009.75,33.71,-0.1747034488815021,-0.14464125828405242,-0.030062190594352264,ForecastPage,27
1718908010.0,33.73,-0.13390813232333687,-0.14297495326019918,0.009066820939974806,ForecastPage,27
1718908010.25,33.73,-0.13390813232333687,-0.14122736585790666,0.007319233537706839,ForecastPage,27
1718908010.5,33.73,-0.13390813232333687,-0.13943878738735885,0.00553065506719207,ForecastPage,27
1718908010.75,33.73,-0.13390813232333687,-0.1376505969698279,0.003742464649701714,ForecastPage,27
1718908011.0,33.71,-0.1747034488815021,-0.13590436692275817,-0.03879908195548597,ForecastPage,27
1718908011.25,33.71,-0.1747034488815021,-0.13424094497435543,-0.040462503903835656,ForecastPage,27
1718908011.5,33.71,-0.1747034488815021,-0.13269953403037746,-0.04200391484775563,ForecastPage,27
1718908011.75,33.71,-0.1747034488815021,-0.13131679184297204,-0.04338665703509875,ForecastPage,27
1718908012.0,33.75,-0.0931128157651571,-0.13012597415736354,0.03701315839570387,ForecastPage,27
1718908012.25,33.75,-0.0931128157651571,-0.12915614552706797,0.03604332976547783,ForecastPage,27
1718908012.5,33.75,-0.0931128157651571,-0.12843148172289978,0.03531866596138184,ForecastPage,27
1718908012.75,33.75,-0.0931128157651571,-0.12797068627676653,0.03485787051532232,ForecastPage,27
1718908013.0,33.75,-0.0931128157651571,-0.12778654108652052,0.03467372532515027,ForecastPage,27
1718908013.25,33.75,-0.0931128157651571,-0.12788560722428796,0.03477279146299058,ForecastPage,27
1718908013.5,33.75,-0.0931128157651571,-0.12826808734612383,0.03515527158489676,ForecastPage,27
1718908013.75,33.75,-0.0931128157651571,-0.12892785568665335,0.03581503992549245,ForecastPage,27
1718908014.0,33.73,-0.13390813232333687,-0.1298526558586185,-0.0040554764606618166,ForecastPage,27
1718908014.25,33.73,-0.13390813232333687,-0.1310244608860795,-0.0028836714331477997,ForecastPage,27
1718908014.5,33.73,-0.13390813232333687,-0.13241998438849736,-0.0014881479306854423,ForecastPage,27
1718908014.75,33.73,-0.13390813232333687,-0.13401132686697673,0.00010319454782906122,ForecastPage,27
1718908015.0,33.73,-0.13390813232333687,-0.13576673681743545,0.001858604498313223,ForecastPage,27
1718908015.25,33.73,-0.13390813232333687,-0.13765146301693873,0.003743330697832427,ForecastPage,27
1718908015.5,33.73,-0.13390813232333687,-0.13962867184001268,0.005720539520913493,ForecastPage,27
1718908015.75,33.73,-0.13390813232333687,-0.1416604018706351,0.0077522695515352125,ForecastPage,27
1718908016.0,33.71,-0.1747034488815021,-0.14370852738936604,-0.03099492148790643,ForecastPage,27
1718908016.25,33.71,-0.1747034488815021,-0.14573570254886045,-0.028967746328424623,ForecastPage,27
1718908016.5,33.71,-0.1747034488815021,-0.14770625921998767,-0.026997189657313757,ForecastPage,27
1718908016.75,33.71,-0.1747034488815021,-0.14958703358355066,-0.025116415293769213,ForecastPage,27
1718908017.0,33.71,-0.1747034488815021,-0.15134809948815856,-0.023355349389180362,ForecastPage,27
1718908017.25,33.71,-0.1747034488815021,-0.15296339024712807,-0.021740058630229125,ForecastPage,27
1718908017.5,33.71,-0.1747034488815021,-0.1544111947007569,-0.020292254176616613,ForecastPage,27
1718908017.75,33.71,-0.1747034488815021,-0.15567451779268693,-0.019028931084699757,ForecastPage,27
1718908018.0,33.73,-0.13390813232333687,-0.15674130036897146,0.022833168049741025,ForecastPage,27
1718908018.25,33.73,-0.13390813232333687,-0.15760449719062666,0.02369636487139224,ForecastPage,27
1718908018.5,33.73,-0.13390813232333687,-0.15826201607083193,0.024353883751598856,ForecastPage,27
1718908018.75,33.73,-0.13390813232333687,-0.15871652448043602,0.024808392161209378,ForecastPage,27
1718908019.0,33.71,-0.1747034488815021,-0.15897513287330856,-0.015728316004072575,ForecastPage,27
1718908019.25,33.71,-0.1747034488815021,-0.15904896642950953,-0.015654482447857592,ForecastPage,27
1718908019.5,33.71,-0.1747034488815021,-0.15895263903179355,-0.0157508098455577,ForecastPage,27
1718908019.75,33.71,-0.1747034488815021,-0.1587036452183486,-0.015999803658986372,ForecastPage,27
1718908020.0,33.71,-0.1747034488815021,-0.15832168767357804,-0.01638176120374173,ForecastPage,27
1718908020.25,33.71,-0.1747034488815021,-0.1578279595233885,-0.016875489353918596,ForecastPage,27
1718908020.5,33.71,-0.1747034488815021,-0.15724440220919167,-0.017459046668106652,ForecastPage,27
1718908020.75,33.71,-0.1747034488815021,-0.15659296089768057,-0.018110487979614377,ForecastPage,27
1718908021.0,33.73,-0.13390813232333687,-0.15589486009495251,0.0219867277758193,ForecastPage,27
1718908021.25,33.73,-0.13390813232333687,-0.15516992222395407,0.021261789904809314,ForecastPage,27
1718908021.5,33.73,-0.13390813232333687,-0.15443595125575119,0.02052781893658609,ForecastPage,27
1718908021.75,33.73,-0.13390813232333687,-0.1537082019594542,0.019800069640259495,ForecastPage,27
1718908022.0,33.73,-0.13390813232333687,-0.15299895292668889,0.01909082060745529,ForecastPage,27
1718908022.25,33.73,-0.13390813232333687,-0.1523171982956749,0.018409065976393302,ForecastPage,27
1718908022.5,33.73,-0.13390813232333687,-0.15166846918016152,0.01776033686082341,ForecastPage,27
1718908022.75,33.73,-0.13390813232333687,-0.1510547913705496,0.017146659051147095,ForecastPage,27
1718908023.0,33.73,-0.13390813232333687,-0.15047478109944204,0.016566648779968163,ForecastPage,27
1718908023.25,33.73,-0.13390813232333687,-0.14992387572977386,0.01601574341022284,ForecastPage,27
1718908023.5,33.73,-0.13390813232333687,-0.14939469130279456,0.015486558983162068,ForecastPage,27
1718908023.75,33.73,-0.13390813232333687,-0.1488774941417057,0.014969361821988963,ForecastPage,27
1718908024.0,33.73,-0.13390813232333687,-0.14836076930514452,0.014452636985342444,ForecastPage,27
1718908024.25,33.73,-0.13390813232333687,-0.14783186477793112,0.013923732458044376,ForecastPage,27
1718908024.5,33.73,-0.13390813232333687,-0.14727768702431895,0.013369554704350166,ForecastPage,27
1718908024.75,33.73,-0.13390813232333687,-0.14668542105611262,0.012777288736066329,ForecastPage,27
1718908025.0,33.71,-0.1747034488815021,-0.14604324662381585,-0.028660202254466773,ForecastPage,27
1718908025.25,33.71,-0.1747034488815021,-0.1453410216541371,-0.029362427224208443,ForecastPage,27
1718908025.5,33.71,-0.1747034488815021,-0.14457090474057332,-0.030132544137825523,ForecastPage,27
1718908025.75,33.71,-0.1747034488815021,-0.14372789040432993,-0.030975558474111757,ForecastPage,27
1718908026.0,33.71,-0.1747034488815021,-0.14281023395566655,-0.03189321492280687,ForecastPage,27
1718908026.25,33.71,-0.1747034488815021,-0.14181974697619965,-0.03288370190229413,ForecastPage,27
1718908026.5,33.71,-0.1747034488815021,-0.14076194950130735,-0.03394149937719548,ForecastPage,27
1718908026.75,33.71,-0.1747034488815021,-0.13964607064726456,-0.03505737823123647,ForecastPage,27
1718908027.0,33.73,-0.13390813232333687,-0.13848489541452202,0.004576763094198168,ForecastPage,27
1718908027.25,33.73,-0.13390813232333687,-0.13729446141252657,0.0033863290922236874,ForecastPage,27
1718908027.5,33.73,-0.13390813232333687,-0.13609361500573375,0.0021854826854596048,ForecastPage,27
1718908027.75,33.73,-0.13390813232333687,-0.1349034416229289,0.0009953093026897515,ForecastPage,27
1718908028.0,33.73,-0.13390813232333687,-0.133746589518416,-0.0001615428017833728,ForecastPage,27
1718908028.25,33.73,-0.13390813232333687,-0.132646510022898,-0.0012616222972582636,ForecastPage,27
1718908028.5,33.73,-0.13390813232333687,-0.13162664024000223,-0.002281492080108926,ForecastPage,27
1718908028.75,33.73,-0.13390813232333687,-0.13070955623111016,-0.003198576088955173,ForecastPage,27
1718908029.0,33.73,-0.13390813232333687,-0.12991612599202454,-0.003992006327995502,ForecastPage,27
1718908029.25,33.73,-0.13390813232333687,-0.1292646919588328,-0.004643440361143598,ForecastPage,27
1718908029.5,33.73,-0.13390813232333687,-0.1287703123762563,-0.005137819943679308,ForecastPage,27
1718908029.75,33.73,-0.13390813232333687,-0.12844408959969889,-0.005464042720199971,ForecastPage,27
1718908030.0,33.75,-0.0931128157651571,-0.1282926112540692,0.035179795492381705,ForecastPage,27
1718908030.25,33.75,-0.0931128157651571,-0.12831752710670594,0.03520471134504396,ForecastPage,27
1718908030.5,33.75,-0.0931128157651571,-0.12851528050767544,0.03540246474603212,ForecastPage,27
1718908030.75,33.75,-0.0931128157651571,-0.12887700832776522,0.03576419256613322,ForecastPage,27
1718908031.0,33.75,-0.0931128157651571,-0.12938861757722725,0.03627580181559913,ForecastPage,27
1718908031.25,33.75,-0.0931128157651571,-0.13003104050362252,0.036918224741991114,ForecastPage,27
1718908031.5,33.75,-0.0931128157651571,-0.13078066321016701,0.03766784744852569,ForecastPage,27
1718908031.75,33.75,-0.0931128157651571,-0.1316099160183378,0.03849710025668056,ForecastPage,27
1718908032.0,33.73,-0.13390813232333687,-0.13248800725130255,-0.0014201250685556832,ForecastPage,27
1718908032.25,33.73,-0.13390813232333687,-0.13338177617368022,-0.0005263561462039192,ForecastPage,27
1718908032.5,33.73,-0.13390813232333687,-0.13425663581327824,0.00034850349336403713,ForecastPage,27
1718908032.75,33.73,-0.13390813232333687,-0.13507757259888503,0.0011694402789369429,ForecastPage,27
1718908033.0,33.71,-0.1747034488815021,-0.13581016739094331,-0.0388932814872078,ForecastPage,27
1718908033.25,33.71,-0.1747034488815021,-0.13642160168537473,-0.038281847192818304,ForecastPage,27
1718908033.5,33.71,-0.1747034488815021,-0.13688161357446674,-0.03782183530377266,ForecastPage,27
1718908033.75,33.71,-0.1747034488815021,-0.13716337041056156,-0.037540078467728756,ForecastPage,27
1718908034.0,33.71,-0.1747034488815021,-0.1372442289087328,-0.03745921996961284,ForecastPage,27
1718908034.25,33.71,-0.1747034488815021,-0.1371063584231394,-0.037597090455265554,ForecastPage,27
1718908034.5,33.71,-0.1747034488815021,-0.13673720904463707,-0.03796623983383039,ForecastPage,27
1718908034.75,33.71,-0.1747034488815021,-0.13612981266018756,-0.03857363621834447,ForecastPage,27
1718908035.0,33.73,-0.13390813232333687,-0.13528291183932298,0.0013747795188909576,ForecastPage,27
1718908035.25,33.73,-0.13390813232333687,-0.13420091802163508,0.00029278570113853986,MarketWaitPage,27
1718908035.5,33.73,-0.13390813232333687,-0.13289370663913555,-0.0010144256814236183,MarketWaitPage,27
1718908035.75,33.73,-0.13390813232333687,-0.13137626222665044,-0.002531870093968481,MarketWaitPage,27
1718908036.0,33.75,-0.0931128157651571,-0.12966819103323163,0.03655537527073661,MarketWaitPage,27
1718908036.25,33.75,-0.0931128157651571,-0.12779312201854393,0.03468030625599787,MarketWaitPage,27
1718908036.5,33.75,-0.0931128157651571,-0.12577801935582056,0.03266520359322893,MarketWaitPage,27
1718908036.75,33.75,-0.0931128157651571,-0.12365243070000873,0.030539614937377207,MarketWaitPage,27
1718908037.0,33.73,-0.13390813232333687,-0.12144769562940916,-0.012460436691436393,MarketWaitPage,27
1718908037.25,33.73,-0.13390813232333687,-0.11919613802276331,-0.014711994298111264,RoundResultsPage,27
1718908037.5,33.73,-0.13390813232333687,-0.11693026492721253,-0.0169778673936863,RoundResultsPage,27
1718908037.75,33.73,-0.13390813232333687,-0.1146819929232295,-0.019226139397689412,RoundResultsPage,27
1718908038.0,33.75,-0.0931128157651571,-0.11248192123741167,0.019369105474656277,RoundResultsPage,27
1718908038.25,33.75,-0.0931128157651571,-0.11035866892333791,0.01724585316056975,RoundResultsPage,27
1718908038.5,33.75,-0.0931128157651571,-0.10833829127329259,0.015225475510514556,RoundResultsPage,27
1718908038.75,33.75,-0.0931128157651571,-0.10644378816754384,0.01333097240475817,RoundResultsPage,27
1718908039.0,33.75,-0.0931128157651571,-0.10469471428174024,0.011581898518948554,RoundResultsPage,27
1718908039.25,33.75,-0.0931128157651571,-0.10310689799537599,0.009994082232579424,RoundResultsPage,27
1718908039.5,33.75,-0.0931128157651571,-0.10169227257189334,0.00857945680909263,RoundResultsPage,27
1718908039.75,33.75,-0.0931128157651571,-0.10045881983660361,0.007346004073799084,RoundResultsPage,27
1718908040.0,33.75,-0.0931128157651571,-0.09941062328425049,0.006297807521441992,RoundResultsPage,27
1718908040.25,33.75,-0.0931128157651571,-0.09854802441332247,0.005435208650509452,RoundResultsPage,27
1718908040.5,33.75,-0.0931128157651571,-0.0978678732044452,0.004755057441626786,RoundResultsPage,27
1718908040.75,33.75,-0.0931128157651571,-0.09736386111753322,0.004251045354708389,RoundResultsPage,27
1718908041.0,33.75,-0.0931128157651571,-0.09702692284757486,0.00391410708474263,RoundResultsPage,27
1718908041.25,33.75,-0.0931128157651571,-0.09684569141290261,0.0037328756500620824,RoundResultsPage,27
1718908041.5,33.75,-0.0931128157651571,-0.09680699000541523,0.0036941742425656843,RoundResultsPage,27
1718908041.75,33.75,-0.0931128157651571,-0.0968963434558994,0.0037835276930403474,RoundResultsPage,27
1718908042.0,33.73,-0.13390813232333687,-0.09709849220059674,-0.036809640120451716,RoundResultsPage,27
1718908042.25,33.73,-0.13390813232333687,-0.09739789231173267,-0.0365102400093252,RoundResultsPage,27
1718908042.5,33.73,-0.13390813232333687,-0.09777918649054376,-0.036128945830522646,RoundResultsPage,27
1718908042.75,33.73,-0.13390813232333687,-0.09822763288692916,-0.0356804994341442,RoundResultsPage,27
1718908043.0,33.75,-0.0931128157651571,-0.0987294810986535,0.005616665335755486,RoundResultsPage,27
1718908043.25,33.75,-0.0931128157651571,-0.09927228752019586,0.006159471757297055,RoundResultsPage,27
1718908043.5,33.75,-0.0931128157651571,-0.0998451651032693,0.006732349340374085,RoundResultsPage,27
1718908043.75,33.75,-0.0931128157651571,-0.10043896530752108,0.007326149544634375,RoundResultsPage,27
1718908044.0,33.75,-0.0931128157651571,-0.10104639237614958,0.007933576613276486,RoundResultsPage,27
1718908044.25,33.75,-0.0931128157651571,-0.101662051976871,0.00854923621401658,RoundResultsPage,27
1718908044.5,33.75,-0.0931128157651571,-0.1022824376962441,0.009169621933413233,RoundResultsPage,27
1718908044.75,33.75,-0.0931128157651571,-0.10290585990709018,0.00979304414428755,RoundResultsPage,27
1718908045.0,33.75,-0.0931128157651571,-0.10353232220910263,0.010419506446332633,RoundResultsPage,27
1718908045.25,33.75,-0.0931128157651571,-0.10416335104552353,0.011050535282790317,RoundResultsPage,27
1718908045.5,33.75,-0.0931128157651571,-0.10480178430385378,0.011688968541161316,RoundResultsPage,27
1718908045.75,33.75,-0.0931128157651571,-0.10545152480160584,0.012338709038957948,RoundResultsPage,27
1718908046.0,33.73,-0.13390813232333687,-0.10611726463020037,-0.027790867690579125,RoundResultsPage,27
1718908046.25,33.73,-0.13390813232333687,-0.10680418647449233,-0.027103945846235825,RoundResultsPage,27
1718908046.5,33.73,-0.13390813232333687,-0.10751764832451714,-0.026390483996156924,RoundResultsPage,27
1718908046.75,33.73,-0.13390813232333687,-0.10826285849367318,-0.02564527382694448,RoundResultsPage,27
1718908047.0,33.75,-0.0931128157651571,-0.10904454852589375,0.015931732763514037,RoundResultsPage,27
1718908047.25,33.75,-0.0931128157651571,-0.1098666523018658,0.016753836539545333,RoundResultsPage,27
1718908047.5,33.75,-0.0931128157651571,-0.11073200027458731,0.017619184512326087,RoundResultsPage,27
1718908047.75,33.75,-0.0931128157651571,-0.11164203811780546,0.018529222355602157,RoundResultsPage,27
1718908048.0,33.73,-0.13390813232333687,-0.11259657906542929,-0.021311553254898703,RoundResultsPage,27
1718908048.25,33.73,-0.13390813232333687,-0.11359359885778186,-0.020314533462495624,RiskPage1,27
1718908048.5,33.73,-0.13390813232333687,-0.11462908156216407,-0.019279050758069065,RiskPage1,27
1718908048.75,33.73,-0.13390813232333687,-0.11569692367935801,-0.018211208640838323,RiskPage1,27
1718908049.0,33.75,-0.0931128157651571,-0.11678890291061013,0.023676087148621534,RiskPage1,27
1718908049.25,33.75,-0.0931128157651571,-0.11789471669011169,0.024781900928141344,RiskPage1,27
1718908049.5,33.75,-0.0931128157651571,-0.11900209398311362,0.025889278221151148,RiskPage1,27
1718908049.75,33.75,-0.0931128157651571,-0.12009698181624259,0.02698416605427721,RiskPage1,27
1718908050.0,33.75,-0.0931128157651571,-0.12116380552223568,0.028050989760256505,RiskPage1,27
1718908050.25,33.75,-0.0931128157651571,-0.12218579882417362,0.029072983062170075,RiskPage1,27
1718908050.5,33.75,-0.0931128157651571,-0.12314539682026951,0.030032581058231762,RiskPage1,27
1718908050.75,33.75,-0.0931128157651571,-0.1240246818800708,0.030911866117990162,RiskPage1,27
1718908051.0,33.71,-0.1747034488815021,-0.12480586967330068,-0.049897579205174986,RiskPage1,27
1718908051.25,33.71,-0.1747034488815021,-0.12547182027629178,-0.049231628602239334,RiskPage1,27
1718908051.5,33.71,-0.1747034488815021,-0.12600655776707692,-0.04869689111151297,RiskPage1,27
1718908051.75,33.71,-0.1747034488815021,-0.12639578107721866,-0.04830766780143088,RiskPage1,27
1718908052.0,33.75,-0.0931128157651571,-0.1266273491174407,0.033514533355078244,RiskPage1,27
1718908052.25,33.75,-0.0931128157651571,-0.12669172416321403,0.033578908400797795,RiskPage1,27
1718908052.5,33.75,-0.0931128157651571,-0.1265823588870937,0.03346954312462965,RiskPage1,27
1718908052.75,33.75,-0.0931128157651571,-0.1262960139730718,0.033183198210567116,RiskPage1,27
1718908053.0,33.73,-0.13390813232333687,-0.12583299478663654,-0.008075137534080849,RiskPage1,27
1718908053.25,33.73,-0.13390813232333687,-0.12519729712307923,-0.008710835197663556,RiskPage1,27
1718908053.5,33.73,-0.13390813232333687,-0.12439665377559758,-0.009511478545163645,RiskPage1,27
1718908053.75,33.73,-0.13390813232333687,-0.12344247575720327,-0.010465656563570281,RiskPage1,27
1718908054.0,33.71,-0.1747034488815021,-0.12234968463198476,-0.05235376424696145,RiskPage1,27
1718908054.25,33.71,-0.1747034488815021,-0.12113643562324633,-0.05356701325570372,RiskPage2,27
1718908054.5,33.71,-0.1747034488815021,-0.11982373492985171,-0.054879713949099705,RiskPage2,27
1718908054.75,33.71,-0.1747034488815021,-0.11843495886254568,-0.056268490016405444,RiskPage2,27
1718908055.0,33.75,-0.0931128157651571,-0.11699528677108122,0.023882471008476576,RiskPage2,27
1718908055.25,33.75,-0.0931128157651571,-0.11553106393261885,0.022418248170016752,RiskPage2,27
1718908055.5,33.75,-0.0931128157651571,-0.11406911421797361,0.02095629845537505,RiskPage2,27
1718908055.75,33.75,-0.0931128157651571,-0.11263602508339836,0.019523209320804286,RiskPage2,27
1718908056.0,33.75,-0.0931128157651571,-0.11125742901703664,0.018144613254448005,RiskPage2,27
1718908056.25,33.75,-0.0931128157651571,-0.10995730593687746,0.016844490174295155,RiskPage2,27
1718908056.5,33.75,-0.0931128157651571,-0.10875733026939155,0.015644514506816417,RiskPage2,27
1718908056.75,33.75,-0.0931128157651571,-0.10767628468934179,0.014563468926774563,RiskPage2,27
1718908057.0,33.75,-0.0931128157651571,-0.10672955994624134,0.013616744183682687,RiskPage2,27
1718908057.25,33.75,-0.0931128157651571,-0.1059287570111341,0.012815941248584747,RiskPage2,27
1718908057.5,33.75,-0.0931128157651571,-0.10528140410719516,0.01216858834465587,RiskPage2,27
1718908057.75,33.75,-0.0931128157651571,-0.1047907971865145,0.011677981423986102,RiskPage2,27
1718908058.0,33.75,-0.0931128157651571,-0.10445596822083988,0.011343152458323293,RiskPage2,27
1718908058.25,33.75,-0.0931128157651571,-0.10427178141481229,0.011158965652308532,RiskPage2,27
1718908058.5,33.75,-0.0931128157651571,-0.10422915324774161,0.011116337485251862,RiskPage2,27
1718908058.75,33.75,-0.0931128157651571,-0.10431538821964602,0.011202572457171635,RiskPage2,27
1718908059.0,33.75,-0.0931128157651571,-0.10451461842993032,0.011401802667472798,RiskPage2,27
1718908059.25,33.75,-0.0931128157651571,-0.1048083317603362,0.011695515997897137,RiskPage3,27
1718908059.5,33.75,-0.0931128157651571,-0.10517597057346781,0.012063154811048766,RiskPage3,27
1718908059.75,33.75,-0.0931128157651571,-0.1055955805795416,0.012482764817143908,RiskPage3,27
1718908060.0,33.73,-0.13390813232333687,-0.1060444879725445,-0.02786364434801069,RiskPage3,27
1718908060.25,33.73,-0.13390813232333687,-0.10649998219615077,-0.027408150124381837,RiskPage3,27
1718908060.5,33.73,-0.13390813232333687,-0.10693998185875694,-0.02696815046175328,RiskPage3,27
1718908060.75,33.73,-0.13390813232333687,-0.10734366242360667,-0.026564469896881847,RiskPage3,27
1718908061.0,33.73,-0.13390813232333687,-0.1076920263275066,-0.026216105992961345,RiskPage3,27
1718908061.25,33.73,-0.13390813232333687,-0.10796839901359986,-0.025939733306849056,RiskPage3,27
1718908061.5,33.73,-0.13390813232333687,-0.10815883780947844,-0.02574929451095325,RiskPage3,27
1718908061.75,33.73,-0.13390813232333687,-0.10825244441023153,-0.025655687910184855,RiskPage3,27
1718908062.0,33.75,-0.0931128157651571,-0.10824157569267905,0.015128759930455545,RiskPage3,27
1718908062.25,33.75,-0.0931128157651571,-0.10812195145092396,0.015009135688711144,RiskPage3,27
1718908062.5,33.75,-0.0931128157651571,-0.1078926611821559,0.014779845419950905,RiskPage3,27
1718908062.75,33.75,-0.0931128157651571,-0.10755607508931028,0.014443259327109794,RiskPage3,27
1718908063.0,33.75,-0.0931128157651571,-0.10711766690658696,0.014004851144387221,RiskPage3,27
1718908063.25,33.75,-0.0931128157651571,-0.10658575799138276,0.013472942229179524,RiskPage3,27
1718908063.5,33.75,-0.0931128157651571,-0.10597119343529268,0.012858377673081296,RiskPage3,27
1718908063.75,33.75,-0.0931128157651571,-0.10528696184340397,0.012174146081179418,RiskPage3,27
1718908064.0,33.73,-0.13390813232333687,-0.10454777104434446,-0.029360361276078314,RiskPage3,27
1718908064.25,33.73,-0.13390813232333687,-0.10376959244865767,-0.030138539871789036,RiskPage4,27
1718908064.5,33.73,-0.13390813232333687,-0.10296918717405901,-0.030938945146416978,RiskPage4,27
1718908064.75,33.73,-0.13390813232333687,-0.10216362745675962,-0.031744504863750425,RiskPage4,27
1718908065.0,33.75,-0.0931128157651571,-0.10136982723815621,0.00825701147578799,RiskPage4,27
1718908065.25,33.75,-0.0931128157651571,-0.10060409602888136,0.007491280266472569,RiskPage4,27
1718908065.5,33.75,-0.0931128157651571,-0.09988173001215965,0.006768914249708888,RiskPage4,27
1718908065.75,33.75,-0.0931128157651571,-0.09921665365300981,0.006103837890516817,RiskPage4,27
1718908066.0,33.77,-0.05231749920697736,-0.09862112368087789,0.046303624476523184,RiskPage4,27
1718908066.25,33.77,-0.05231749920697736,-0.09810550514908901,0.04578800594469457,RiskPage4,27
1718908066.5,33.77,-0.05231749920697736,-0.09767812637086747,0.04536062716643588,RiskPage4,27
1718908066.75,33.77,-0.05231749920697736,-0.09734521599707811,0.045027716792612756,RiskPage4,27
1718908067.0,33.75,-0.0931128157651571,-0.09711092153216976,0.003998105769494775,RiskPage4,27
1718908067.25,33.75,-0.0931128157651571,-0.09697740446721848,0.003864588704517679,RiskPage4,27
1718908067.5,33.75,-0.0931128157651571,-0.0969450032846676,0.0038321875219449048,RiskPage4,27
1718908067.75,33.75,-0.0931128157651571,-0.09701245219661168,0.003899636433870708,RiskPage4,27
1718908068.0,33.73,-0.13390813232333687,-0.0971771408907502,-0.03673099143018546,RiskPage4,27
1718908068.25,33.73,-0.13390813232333687,-0.0974353989530306,-0.03647273336791679,RiskPage4,27
1718908068.5,33.73,-0.13390813232333687,-0.09778278809538968,-0.0361253442255662,RiskPage4,27
1718908068.75,33.73,-0.13390813232333687,-0.09821438583318946,-0.03569374648777145,RiskPage4,27
1718908069.0,33.75,-0.0931128157651571,-0.0987250457283647,0.0056122299655822425,RiskPage4,27
1718908069.25,33.75,-0.0931128157651571,-0.09930962154715911,0.006196805784379339,RiskPage4,27
1718908069.5,33.75,-0.0931128157651571,-0.09996314542245757,0.006850329659684653,RiskPage4,27
1718908069.75,33.75,-0.0931128157651571,-0.10068095311013626,0.007568137347374368,RiskPage4,27
1718908070.0,33.73,-0.13390813232333687,-0.10145875250153433,-0.03244937981939229,RiskPage4,27
1718908070.25,33.73,-0.13390813232333687,-0.10229263460607504,-0.03161549771483302,PreMarketWait,28
1718908070.5,33.73,-0.13390813232333687,-0.1031790292216023,-0.0307291030992842,PreMarketWait,28
1718908070.75,33.73,-0.13390813232333687,-0.10411461044356883,-0.029793521877293554,PreMarketWait,28
1718908071.0,33.75,-0.0931128157651571,-0.10509615995188884,0.011983344189232574,PreMarketWait,28
1718908071.25,33.75,-0.0931128157651571,-0.10612039850105373,0.013007582738426005,PreMarketWait,28
1718908071.5,33.75,-0.0931128157651571,-0.10718379801675641,0.014070982254159281,PreMarketWait,28
1718908071.75,33.75,-0.0931128157651571,-0.10828238797076332,0.015169572208198673,PreMarketWait,28
1718908072.0,33.75,-0.0931128157651571,-0.10941157013516324,0.01629875437263268,PreMarketWait,28
1718908072.25,33.75,-0.0931128157651571,-0.11056595537658566,0.017453139614090566,PreMarketWait,28
1718908072.5,33.75,-0.0931128157651571,-0.11173923489695062,0.018626419134492235,PreMarketWait,28
1718908072.75,33.75,-0.0931128157651571,-0.11292409637072341,0.01981128060830309,PreMarketWait,28
1718908073.0,33.75,-0.0931128157651571,-0.11411219290738303,0.02099937714500211,PreMarketWait,28
1718908073.25,33.75,-0.0931128157651571,-0.1152941698339441,0.02218135407160375,PreMarketWait,28
1718908073.5,33.75,-0.0931128157651571,-0.11645975110905248,0.023346935346753365,PreMarketWait,28
1718908073.75,33.75,-0.0931128157651571,-0.11759788392141893,0.024485068159160947,PreMarketWait,28
1718908074.0,33.73,-0.13390813232333687,-0.11869693687577543,-0.015211195444622294,PreMarketWait,28
1718908074.25,33.73,-0.13390813232333687,-0.11974494432100682,-0.014163187999353267,MarketGridChoice,28
1718908074.5,33.73,-0.13390813232333687,-0.12072988701367994,-0.013178245306645929,MarketGridChoice,28
1718908074.75,33.73,-0.13390813232333687,-0.12163999758803887,-0.012268134732256925,MarketGridChoice,28
1718908075.0,33.73,-0.13390813232333687,-0.12246407830521966,-0.011444054015050553,MarketGridChoice,28
1718908075.25,33.73,-0.13390813232333687,-0.12319181828092274,-0.01071631403932645,MarketGridChoice,28
1718908075.5,33.73,-0.13390813232333687,-0.12381409777456759,-0.010094034545664824,MarketGridChoice,28
1718908075.75,33.73,-0.13390813232333687,-0.12432326806097427,-0.009584864259245275,MarketGridChoice,28
1718908076.0,33.73,-0.13390813232333687,-0.12471339678643009,-0.009194735533780191,MarketGridChoice,28
1718908076.25,33.73,-0.13390813232333687,-0.12498047042702763,-0.008927661893177005,MarketGridChoice,28
1718908076.5,33.73,-0.13390813232333687,-0.12512254741713477,-0.008785584903067998,MarketGridChoice,28
1718908076.75,33.73,-0.13390813232333687,-0.12513985760423665,-0.008768274715968203,MarketGridChoice,28
1718908077.0,33.73,-0.13390813232333687,-0.12503484582231375,-0.008873286497897252,MarketGridChoice,28
1718908077.25,33.73,-0.13390813232333687,-0.12481215947212809,-0.009095972848093267,MarketGridChoice,28
1718908077.5,33.73,-0.13390813232333687,-0.12447858196848889,-0.009429550351747026,MarketGridChoice,28
1718908077.75,33.73,-0.13390813232333687,-0.12404291567830081,-0.009865216641953481,MarketGridChoice,28
1718908078.0,33.75,-0.0931128157651571,-0.12351581944605919,0.030403003683963384,MarketGridChoice,28
1718908078.25,33.75,-0.0931128157651571,-0.12290960690534292,0.029796791143224276,MarketGridChoice,28
1718908078.5,33.75,-0.0931128157651571,-0.12223801244039413,0.029125196678252276,MarketGridChoice,28
1718908078.75,33.75,-0.0931128157651571,-0.12151593186731315,0.02840311610514878,MarketGridChoice,28
1718908079.0,33.73,-0.13390813232333687,-0.12075914469977234,-0.013148987620592668,MarketGridChoice,28
1718908079.25,33.73,-0.13390813232333687,-0.11998402438472511,-0.0139241079356585,MarketGridChoice,28
1718908079.5,33.73,-0.13390813232333687,-0.11920724233048365,-0.014700889989915842,MarketGridChoice,28
1718908079.75,33.73,-0.13390813232333687,-0.11844547108779352,-0.015462661232618732,MarketGridChoice,28
1718908080.0,33.73,-0.13390813232333687,-0.1177150918012492,-0.016193040519172447,MarketGridChoice,28
1718908080.25,33.73,-0.13390813232333687,-0.1170319110437959,-0.016876221276631406,MarketGridChoice,28
1718908080.5,33.73,-0.13390813232333687,-0.1164108923166001,-0.017497240003828556,MarketGridChoice,28
1718908080.75,33.73,-0.13390813232333687,-0.11586590772400233,-0.01804222459642254,MarketGridChoice,28
1718908081.0,33.75,-0.0931128157651571,-0.11540951547906535,0.02229669971683002,MarketGridChoice,28
1718908081.25,33.75,-0.0931128157651571,-0.11505276881323458,0.021939953051015898,MarketGridChoice,28
1718908081.5,33.75,-0.0931128157651571,-0.11480506141783557,0.02169224565564109,MarketGridChoice,28
1718908081.75,33.75,-0.0931128157651571,-0.11467401363853405,0.02156119787637174,MarketGridChoice,28
1718908082.0,33.75,-0.0931128157651571,-0.11466540225263024,0.021552586490508098,MarketGridChoice,28
1718908082.25,33.75,-0.0931128157651571,-0.114783134848896,0.02167031908682153,MarketGridChoice,28
1718908082.5,33.75,-0.0931128157651571,-0.11502926774121607,0.02191645197919561,MarketGridChoice,28
1718908082.75,33.75,-0.0931128157651571,-0.11540406416359576,0.022291248401634003,MarketGridChoice,28
1718908083.0,33.73,-0.13390813232333687,-0.1159060874133899,-0.018002044906690363,MarketGridChoice,28
1718908083.25,33.73,-0.13390813232333687,-0.11653232183009504,-0.017375810489923916,MarketGridChoice,28
1718908083.5,33.73,-0.13390813232333687,-0.1172783132016979,-0.016629819118262404,MarketGridChoice,28
1718908083.75,33.73,-0.13390813232333687,-0.11813831952002073,-0.015769812799886256,MarketGridChoice,28
1718908084.0,33.73,-0.13390813232333687,-0.11910546302676661,-0.01480266929309489,MarketGridChoice,28
1718908084.25,33.73,-0.13390813232333687,-0.12017187517998697,-0.013736257139839144,MarketGridChoice,28
1718908084.5,33.73,-0.13390813232333687,-0.12132882743110371,-0.012579304888698812,MarketGridChoice,28
1718908084.75,33.73,-0.13390813232333687,-0.12256684240232445,-0.011341289917467537,MarketGridChoice,28
1718908085.0,33.73,-0.13390813232333687,-0.12387578205140286,-0.010032350268392123,MarketGridChoice,28
1718908085.25,33.73,-0.13390813232333687,-0.12524491156855544,-0.008663220751255866,MarketGridChoice,28
1718908085.5,33.73,-0.13390813232333687,-0.12666293994176225,-0.007245192378077952,MarketGridChoice,28
1718908085.75,33.73,-0.13390813232333687,-0.12811804023516316,-0.005790092084717247,MarketGridChoice,28
1718908086.0,33.73,-0.13390813232333687,-0.12959785454575784,-0.004310277774172391,MarketGridChoice,28
1718908086.25,33.73,-0.13390813232333687,-0.13108949024316827,-0.002818642076819234,MarketGridChoice,28
1718908086.5,33.73,-0.13390813232333687,-0.1325795153755188,-0.001328616944530697,MarketGridChoice,28
1718908086.75,33.73,-0.13390813232333687,-0.13405396197432207,0.0001458296542089497,MarketGridChoice,28
1718908087.0,33.73,-0.13390813232333687,-0.13549834635886004,0.0015902140386847832,MarketGridChoice,28
1718908087.25,33.73,-0.13390813232333687,-0.1368977153858145,0.00298958306558153,MarketGridChoice,28
1718908087.5,33.73,-0.13390813232333687,-0.1382367268864952,0.004328594566211456,MarketGridChoice,28
1718908087.75,33.73,-0.13390813232333687,-0.13949977126934845,0.005591638949022641,MarketGridChoice,28
1718908088.0,33.75,-0.0931128157651571,-0.1406711394408827,0.047558323678704245,MarketGridChoice,28
1718908088.25,33.75,-0.0931128157651571,-0.14173523983213146,0.04862242406993062,MarketGridChoice,28
1718908088.5,33.75,-0.0931128157651571,-0.14267686445831868,0.04956404869610513,MarketGridChoice,28
1718908088.75,33.75,-0.0931128157651571,-0.14348150069147728,0.05036868492925967,MarketGridChoice,28
1718908089.0,33.71,-0.1747034488815021,-0.14413568198335017,-0.03056776689520936,MarketGridChoice,28
1718908089.25,33.71,-0.1747034488815021,-0.14462736742996435,-0.030076081448586915,MarketGridChoice,28
1718908089.5,33.71,-0.1747034488815021,-0.14494633716519337,-0.02975711171334651,MarketGridChoice,28
1718908089.75,33.71,-0.1747034488815021,-0.14508458841778327,-0.029618860460743857,MarketGridChoice,28
1718908090.0,33.73,-0.13390813232333687,-0.14503671584234554,0.011128583521996447,MarketGridChoice,28
1718908090.25,33.73,-0.13390813232333687,-0.14480025944330271,0.010892127122965677,MarketGridChoice,28
1718908090.5,33.73,-0.13390813232333687,-0.14437600392067615,0.010467871600350048,MarketGridChoice,28
1718908090.75,33.73,-0.13390813232333687,-0.14376821440514742,0.009860082084831037,MarketGridChoice,28
1718908091.0,33.71,-0.1747034488815021,-0.14298479518971563,-0.0317186536887574,MarketGridChoice,28
1718908091.25,33.71,-0.1747034488815021,-0.14203736016131108,-0.032666088717154304,MarketGridChoice,28
1718908091.5,33.71,-0.1747034488815021,-0.14094120620114028,-0.03376224267731801,MarketGridChoice,28
1718908091.75,33.71,-0.1747034488815021,-0.1397151838666444,-0.03498826501180686,MarketGridChoice,28
1718908092.0,33.73,-0.13390813232333687,-0.13838146313349303,0.004473330813214781,MarketGridChoice,28
1718908092.25,33.73,-0.13390813232333687,-0.13696519571228608,0.003057063392017067,MarketGridChoice,28
1718908092.5,33.73,-0.13390813232333687,-0.1354940792412082,0.0015859469209508308,MarketGridChoice,28
1718908092.75,33.73,-0.13390813232333687,-0.1339978322623789,8.969994213653149e-05,MarketGridChoice,28
1718908093.0,33.73,-0.13390813232333687,-0.1325075921358367,-0.0014005401843865625,MarketGridChoice,28
1718908093.25,33.73,-0.13390813232333687,-0.13105525082861608,-0.0028528814915834257,MarketGridChoice,28
1718908093.5,33.73,-0.13390813232333687,-0.12967274579967245,-0.004235386520498271,MarketGridChoice,28
1718908093.75,33.73,-0.13390813232333687,-0.12839132497817587,-0.005516807341960917,MarketGridChoice,28
1718908094.0,33.73,-0.13390813232333687,-0.12724080609974908,-0.006667326220348822,MarketGridChoice,28
1718908094.25,33.73,-0.13390813232333687,-0.12624885140956563,-0.007659280910488699,MarketGridChoice,28
1718908094.5,33.73,-0.13390813232333687,-0.1254402789370286,-0.008467853382977767,MarketGridChoice,28
1718908094.75,33.73,-0.13390813232333687,-0.12483643115564796,-0.009071701164306544,MarketGridChoice,28
1718908095.0,33.75,-0.0931128157651571,-0.12445462081411132,0.031341805052391924,MarketGridChoice,28
1718908095.25,33.75,-0.0931128157651571,-0.12430767200408153,0.0311948562424206,ForecastPage,28
1718908095.5,33.75,-0.0931128157651571,-0.12440357206839543,0.031290756306795654,ForecastPage,28
1718908095.75,33.75,-0.0931128157651571,-0.12474524673885613,0.031632430977319756,ForecastPage,28
1718908096.0,33.75,-0.0931128157651571,-0.1253304669871416,0.03221765122567029,ForecastPage,28
1718908096.25,33.75,-0.0931128157651571,-0.12615189162723991,0.03303907586583463,ForecastPage,28
1718908096.5,33.75,-0.0931128157651571,-0.12719724495183657,0.034084429190497464,ForecastPage,28
1718908096.75,33.75,-0.0931128157651571,-0.12844962389234788,0.035336808131074135,ForecastPage,28
1718908097.0,33.71,-0.1747034488815021,-0.12988792465610208,-0.04481552422145333,ForecastPage,28
1718908097.25,33.71,-0.1747034488815021,-0.13148737480946066,-0.04321607406803488,ForecastPage,28
1718908097.5,33.71,-0.1747034488815021,-0.13322015361181652,-0.04148329526562387,ForecastPage,28
1718908097.75,33.71,-0.1747034488815021,-0.13505608125207572,-0.03964736762531512,ForecastPage,28
1718908098.0,33.73,-0.13390813232333687,-0.1369633565417119,0.003055224222529851,ForecastPage,28
1718908098.25,33.73,-0.13390813232333687,-0.13890932245147716,0.0050011901323325815,ForecastPage,28
1718908098.5,33.73,-0.13390813232333687,-0.14086123939219578,0.006953107073082793,ForecastPage,28
1718908098.75,33.73,-0.13390813232333687,-0.14278704705479928,0.008878914735712604,ForecastPage,28
1718908099.0,33.73,-0.13390813232333687,-0.14465609672332028,0.0107479644042557,ForecastPage,28
1718908099.25,33.73,-0.13390813232333687,-0.14643983714310374,0.012531704824058399,ForecastPage,28
1718908099.5,33.73,-0.13390813232333687,-0.14811243824632317,0.014204305927295522,ForecastPage,28
1718908099.75,33.73,-0.13390813232333687,-0.1496513383517925,0.015743206032782037,ForecastPage,28
1718908100.0,33.71,-0.1747034488815021,-0.1510377019438181,-0.02366574693334021,ForecastPage,28
1718908100.25,33.71,-0.1747034488815021,-0.1522567768903364,-0.02244667198680414,ForecastPage,28
1718908100.5,33.71,-0.1747034488815021,-0.15329814207871398,-0.021405306798408755,ForecastPage,28
1718908100.75,33.71,-0.1747034488815021,-0.1541558389939597,-0.02054760988314589,ForecastPage,28
1718908101.0,33.71,-0.1747034488815021,-0.15482838374036526,-0.0198750651367248,ForecastPage,28
1718908101.25,33.71,-0.1747034488815021,-0.15531865933445216,-0.019384789542624986,ForecastPage,28
1718908101.5,33.71,-0.1747034488815021,-0.15563369162841792,-0.01906975724865017,ForecastPage,28
1718908101.75,33.71,-0.1747034488815021,-0.15578431577792035,-0.018919133099143837,ForecastPage,28
1718908102.0,33.73,-0.13390813232333687,-0.15578474355652278,0.021876611237621205,ForecastPage,28
1718908102.25,33.73,-0.13390813232333687,-0.15565204485825515,0.021743912539343244,ForecastPage,28
1718908102.5,33.73,-0.13390813232333687,-0.1554055592573677,0.02149742693843668,ForecastPage,28
1718908102.75,33.73,-0.13390813232333687,-0.1550662553959927,0.021158123077032773,ForecastPage,28
1718908103.0,33.71,-0.1747034488815021,-0.1546560572109209,-0.02004739166624365,ForecastPage,28
1718908103.25,33.71,-0.1747034488815021,-0.15419715664508055,-0.020506292232134245,ForecastPage,28
1718908103.5,33.71,-0.1747034488815021,-0.15371133263296333,-0.020992116244312315,ForecastPage,28
1718908103.75,33.71,-0.1747034488815021,-0.15321929591550562,-0.02148415296184061,ForecastPage,28
1718908104.0,33.73,-0.13390813232333687,-0.15274007867821549,0.01883194635895565,ForecastPage,28
1718908104.25,33.73,-0.13390813232333687,-0.15229048707619755,0.01838235475685257,ForecastPage,28
1718908104.5,33.73,-0.13390813232333687,-0.15188463330569452,0.01797650098626006,ForecastPage,28
1718908104.75,33.73,-0.13390813232333687,-0.15153356189406397,0.017625429574537638,ForecastPage,28
1718908105.0,33.73,-0.13390813232333687,-0.15124498225596875,0.017336849936349742,ForecastPage,28
1718908105.25,33.73,-0.13390813232333687,-0.1510231163359216,0.01711498401621052,ForecastPage,28
1718908105.5,33.73,-0.13390813232333687,-0.15086866643283917,0.016960534113037745,ForecastPage,28
1718908105.75,33.73,-0.13390813232333687,-0.150778904228535,0.016870771908645887,ForecastPage,28
1718908106.0,33.73,-0.13390813232333687,-0.15074787778028206,0.016839745460308506,ForecastPage,28
1718908106.25,33.73,-0.13390813232333687,-0.15076672894993498,0.01685859662988065,ForecastPage,28
1718908106.5,33.73,-0.13390813232333687,-0.15082410958916936,0.016915977269038325,ForecastPage,28
1718908106.75,33.73,-0.13390813232333687,-0.15090668094123924,0.016998548621035753,ForecastPage,28
1718908107.0,33.73,-0.13390813232333687,-0.1509996773124427,0.0170915449921711,ForecastPage,28
1718908107.25,33.73,-0.13390813232333687,-0.15108751226899805,0.01717937994866244,ForecastPage,28
1718908107.5,33.73,-0.13390813232333687,-0.15115440358508805,0.017246271264692206,ForecastPage,28
1718908107.75,33.73,-0.13390813232333687,-0.15118499206363806,0.017276859743185227,ForecastPage,28
1718908108.0,33.68,-0.2358964237187645,-0.15116492933082937,-0.0847314943851056,ForecastPage,28
1718908108.25,33.68,-0.2358964237187645,-0.15108141091768557,-0.08481501279830211,ForecastPage,28
1718908108.5,33.68,-0.2358964237187645,-0.15092363349537435,-0.08497279022066458,ForecastPage,28
1718908108.75,33.68,-0.2358964237187645,-0.15068315902208043,-0.085213264694008,ForecastPage,28
1718908109.0,33.73,-0.13390813232333687,-0.15035417359115946,0.01644604127045181,ForecastPage,28
1718908109.25,33.73,-0.13390813232333687,-0.14993363452016448,0.016025502199413774,ForecastPage,28
1718908109.5,33.73,-0.13390813232333687,-0.14942130511130816,0.015513172790519343,ForecastPage,28
1718908109.75,33.73,-0.13390813232333687,-0.14881968196748316,0.014911549646661873,ForecastPage,28
1718908110.0,33.73,-0.13390813232333687,-0.14813382433670494,0.014225692015857262,ForecastPage,28
1718908110.25,33.73,-0.13390813232333687,-0.14737109847627713,0.013462966155409326,ForecastPage,28
1718908110.5,33.73,-0.13390813232333687,-0.14654085246101287,0.012632720140131292,ForecastPage,28
1718908110.75,33.73,-0.13390813232333687,-0.14565403829920484,0.011745905978315943,ForecastPage,28
1718908111.0,33.73,-0.13390813232333687,-0.14472279879373462,0.010814666472844688,ForecastPage,28
1718908111.25,33.73,-0.13390813232333687,-0.1437600364247344,0.009851904103849469,ForecastPage,28
1718908111.5,33.73,-0.13390813232333687,-0.14277898075947185,0.008870848438597746,ForecastPage,28
1718908111.75,33.73,-0.13390813232333687,-0.1417927696318986,0.007884637311040842,ForecastPage,28
1718908112.0,33.73,-0.13390813232333687,-0.14081405768772692,0.006905925366890761,ForecastPage,28
1718908112.25,33.73,-0.13390813232333687,-0.1398546639615742,0.005946531640764592,ForecastPage,28
1718908112.5,33.73,-0.13390813232333687,-0.13892526803239752,0.005017135711618997,ForecastPage,28
1718908112.75,33.73,-0.13390813232333687,-0.13803516207488423,0.0041270297541408756,ForecastPage,28
1718908113.0,33.73,-0.13390813232333687,-0.1371920638613597,0.003283931540655125,ForecastPage,28
1718908113.25,33.73,-0.13390813232333687,-0.13640199353580876,0.002493861215146052,ForecastPage,28
1718908113.5,33.73,-0.13390813232333687,-0.1356692148346399,0.0017610825140215872,ForecastPage,28
1718908113.75,33.73,-0.13390813232333687,-0.13499623941513864,0.0010881070945665187,ForecastPage,28
1718908114.0,33.73,-0.13390813232333687,-0.13438389111122417,0.0004757587906993371,ForecastPage,28
1718908114.25,33.73,-0.13390813232333687,-0.1338314252984105,-7.670702206671626e-05,ForecastPage,28
1718908114.5,33.73,-0.13390813232333687,-0.1333366971397153,-0.0005714351807145986,ForecastPage,28
1718908114.75,33.73,-0.13390813232333687,-0.13289637131879048,-0.0010117610015929692,ForecastPage,28
1718908115.0,33.73,-0.13390813232333687,-0.1325061649566205,-0.0014019673637176598,ForecastPage,28
1718908115.25,33.73,-0.13390813232333687,-0.13216111475888284,-0.001747017561411407,ForecastPage,28
1718908115.5,33.73,-0.13390813232333687,-0.1318558590524378,-0.002052273267814207,ForecastPage,28
1718908115.75,33.73,-0.13390813232333687,-0.13158492523670903,-0.0023232070835028183,ForecastPage,28
1718908116.0,33.73,-0.13390813232333687,-0.13134301329006662,-0.0025651190301078045,ForecastPage,28
1718908116.25,33.73,-0.13390813232333687,-0.1311252663201665,-0.0027828659999740296,ForecastPage,28
1718908116.5,33.73,-0.13390813232333687,-0.13092751971468977,-0.0029806126054211964,ForecastPage,28
1718908116.75,33.73,-0.13390813232333687,-0.13074652121630387,-0.0031616111037825467,ForecastPage,28
1718908117.0,33.73,-0.13390813232333687,-0.13058011519158758,-0.0033280171284795906,ForecastPage,28
1718908117.25,33.73,-0.13390813232333687,-0.1304273854644636,-0.0034807468555896563,ForecastPage,28
1718908117.5,33.73,-0.13390813232333687,-0.13028875231462325,-0.003619380005421304,ForecastPage,28
1718908117.75,33.73,-0.13390813232333687,-0.13016602057288457,-0.0037421117471561328,ForecastPage,28
1718908118.0,33.73,-0.13390813232333687,-0.13006237714906138,-0.0038457551709798516,ForecastPage,28
1718908118.25,33.73,-0.13390813232333687,-0.12998233777283094,-0.003925794547214406,ForecastPage,28
1718908118.5,33.73,-0.13390813232333687,-0.12993164418195455,-0.003976488138097535,ForecastPage,28
1718908118.75,33.73,-0.13390813232333687,-0.12991711442142798,-0.003991017898632269,ForecastPage,28
1718908119.0,33.73,-0.13390813232333687,-0.12994645028701762,-0.003961682033050747,ForecastPage,28
1718908119.25,33.73,-0.13390813232333687,-0.13002800722155006,-0.003880125098524618,ForecastPage,28
1718908119.5,33.73,-0.13390813232333687,-0.130170533115969,-0.0037375992041084015,ForecastPage,28
1718908119.75,33.73,-0.13390813232333687,-0.13038288344285598,-0.0035252488772187385,ForecastPage,28
1718908120.0,33.73,-0.13390813232333687,-0.1306737209210905,-0.0032344113989745374,ForecastPage,28
1718908120.25,33.73,-0.13390813232333687,-0.13105120844022444,-0.002856923879822736,ForecastPage,28
1718908120.5,33.73,-0.13390813232333687,-0.13152270422645715,-0.0023854280935634922,ForecastPage,28
1718908120.75,33.73,-0.13390813232333687,-0.13209446817473966,-0.001813664145246122,ForecastPage,28
1718908121.0,33.75,-0.0931128157651571,-0.13277138787188553,0.03965857211012175,ForecastPage,28
1718908121.25,33.75,-0.0931128157651571,-0.13355673206852417,0.04044391630680877,ForecastPage,28
1718908121.5,33.75,-0.0931128157651571,-0.1344519382185461,0.04133912245688373,ForecastPage,28
1718908121.75,33.75,-0.0931128157651571,-0.13545643923771086,0.04234362347610474,ForecastPage,28
1718908122.0,33.71,-0.1747034488815021,-0.13656753296542104,-0.03813591591247213,ForecastPage,28
1718908122.25,33.71,-0.1747034488815021,-0.13778029616505494,-0.03692315271278008,ForecastPage,28
1718908122.5,33.71,-0.1747034488815021,-0.13908754354042369,-0.03561590533735412,ForecastPage,28
1718908122.75,33.71,-0.1747034488815021,-0.14047983141431597,-0.03422361746340652,ForecastPage,28
1718908123.0,33.71,-0.1747034488815021,-0.14194550551503582,-0.03275794336263399,ForecastPage,28
1718908123.25,33.71,-0.1747034488815021,-0.14347079268022972,-0.03123265619739054,ForecastPage,28
1718908123.5,33.71,-0.1747034488815021,-0.14503993700144507,-0.029663511876128965,ForecastPage,28
1718908123.75,33.71,-0.1747034488815021,-0.14663538170790283,-0.02806806716962804,ForecastPage,28
1718908124.0,33.75,-0.0931128157651571,-0.14823799861417591,0.055125182853030585,ForecastPage,28
1718908124.25,33.75,-0.0931128157651571,-0.1498273669376352,0.05671455117652842,ForecastPage,28
1718908124.5,33.75,-0.0931128157651571,-0.1513821024782422,0.05826928671717273,ForecastPage,28
1718908124.75,33.75,-0.0931128157651571,-0.15288023639981713,0.05976742063878461,ForecastPage,28
1718908125.0,33.73,-0.13390813232333687,-0.15429964018308973,0.020391507863914537,ForecastPage,28
1718908125.25,33.73,-0.13390813232333687,-0.15561848995989722,0.021710357640759206,ForecastPage,28
1718908125.5,33.73,-0.13390813232333687,-0.15681575976214626,0.02290762744304503,ForecastPage,28
1718908125.75,33.73,-0.13390813232333687,-0.1578717296647993,0.02396359734573375,ForecastPage,28
1718908126.0,33.71,-0.1747034488815021,-0.15876849177411723,-0.015934957103079884,ForecastPage,28
1718908126.25,33.71,-0.1747034488815021,-0.1594904348386105,-0.01521301403855628,MarketWaitPage,28
1718908126.5,33.71,-0.1747034488815021,-0.1600246871865189,-0.014678761690622455,MarketWaitPage,28
1718908126.75,33.71,-0.1747034488815021,-0.160361497887746,-0.014341950989376493,MarketWaitPage,28
1718908127.0,33.68,-0.2358964237187645,-0.1604945375818548,-0.07540188613251902,MarketWaitPage,28
1718908127.25,33.68,-0.2358964237187645,-0.16042110329400044,-0.07547532042037083,RoundResultsPage,28
1718908127.5,33.68,-0.2358964237187645,-0.16014221566755352,-0.07575420804682383,RoundResultsPage,28
1718908127.75,33.68,-0.2358964237187645,-0.15966260215897654,-0.076233821555415,RoundResultsPage,28
1718908128.0,33.73,-0.13390813232333687,-0.15899056552068772,0.025082433201702337,RoundResultsPage,28
1718908128.25,33.73,-0.13390813232333687,-0.15813774286081136,0.024229610541798577,RoundResultsPage,28
1718908128.5,33.73,-0.13390813232333687,-0.1571187661581527,0.023210633839107986,RoundResultsPage,28
1718908128.75,33.73,-0.13390813232333687,-0.1559508398117956,0.02204270749271577,RoundResultsPage,28
1718908129.0,33.73,-0.13390813232333687,-0.15465325426853896,0.02074512194942201,RoundResultsPage,28
1718908129.25,33.73,-0.13390813232333687,-0.15324685687167655,0.01933872455252137,RoundResultsPage,28
1718908129.5,33.73,-0.13390813232333687,-0.15175350187201658,0.017845369552822447,RoundResultsPage,28
1718908129.75,33.73,-0.13390813232333687,-0.15019550119941996,0.016287368880186243,RoundResultsPage,28
1718908130.0,33.73,-0.13390813232333687,-0.14859509630456016,0.014686963985286416,RoundResultsPage,28
1718908130.25,33.73,-0.13390813232333687,-0.14697396933754672,0.013065837018232749,RoundResultsPage,28
1718908130.5,33.73,-0.13390813232333687,-0.14535280931203418,0.011444676992680064,RoundResultsPage,28
1718908130.75,33.73,-0.13390813232333687,-0.14375094587630177,0.00984281355690813,RoundResultsPage,28
1718908131.0,33.73,-0.13390813232333687,-0.14218606002809117,0.008277927708659424,RoundResultsPage,28
1718908131.25,33.73,-0.13390813232333687,-0.14067397770459159,0.006765845385124088,RoundResultsPage,28
1718908131.5,33.73,-0.13390813232333687,-0.13922854877483543,0.00532041645533541,RoundResultsPage,28
1718908131.75,33.73,-0.13390813232333687,-0.137861610665969,0.0039534783464405514,RoundResultsPage,28
1718908132.0,33.73,-0.13390813232333687,-0.13658303275970415,0.002674900440152103,RoundResultsPage,28
1718908132.25,33.73,-0.13390813232333687,-0.1354008348786185,0.001492702559048255,RoundResultsPage,28
1718908132.5,33.73,-0.13390813232333687,-0.13432137070778596,0.00041323838820331077,RoundResultsPage,28
1718908132.75,33.73,-0.13390813232333687,-0.13334956491605868,-0.0005585674035302603,RoundResultsPage,28
1718908133.0,33.73,-0.13390813232333687,-0.1324891910911142,-0.0014189412284745942,RoundResultsPage,28
1718908133.25,33.73,-0.13390813232333687,-0.13174317640921554,-0.0021649559103665613,RoundResultsPage,28
1718908133.5,33.73,-0.13390813232333687,-0.13111391823963056,-0.0027942140799383135,RoundResultsPage,28
1718908133.75,33.73,-0.13390813232333687,-0.13060359763993187,-0.003304534679617388,RoundResultsPage,28
1718908134.0,33.73,-0.13390813232333687,-0.13021447492802585,-0.0036936573914977504,RoundResultsPage,28
1718908134.25,33.73,-0.13390813232333687,-0.12994915320782724,-0.003958979111664972,RoundResultsPage,28
1718908134.5,33.73,-0.13390813232333687,-0.1298107968591535,-0.004097335460302179,RoundResultsPage,28
1718908134.75,33.73,-0.13390813232333687,-0.12980329355396109,-0.004104838765453396,RoundResultsPage,28
1718908135.0,33.73,-0.13390813232333687,-0.1299313503010561,-0.003976782018313021,RoundResultsPage,28
1718908135.25,33.73,-0.13390813232333687,-0.13020051631684273,-0.003707616002477581,RoundResultsPage,28
1718908135.5,33.73,-0.13390813232333687,-0.13061712813505585,-0.0032910041842130764,RoundResultsPage,28
1718908135.75,33.73,-0.13390813232333687,-0.1311881752670388,-0.0027199570521771075,RoundResultsPage,28
1718908136.0,33.71,-0.1747034488815021,-0.13192108786886636,-0.0427823610084611,RoundResultsPage,28
1718908136.25,33.71,-0.1747034488815021,-0.13282345122291123,-0.041879997654362996,RoundResultsPage,28
1718908136.5,33.71,-0.1747034488815021,-0.13390265534559384,-0.04080079353162875,RoundResultsPage,28
1718908136.75,33.71,-0.1747034488815021,-0.1351654915956633,-0.0395379572815102,RoundResultsPage,28
1718908137.0,33.73,-0.13390813232333687,-0.13661771161173902,0.002709579292776619,RoundResultsPage,28
1718908137.25,33.73,-0.13390813232333687,-0.13826356700422787,0.004355434685307944,RoundResultsPage,28
1718908137.5,33.73,-0.13390813232333687,-0.14010535066249488,0.006197218343614202,RoundResultsPage,28
1718908137.75,33.73,-0.13390813232333687,-0.14214296202082646,0.00823482970198228,RoundResultsPage,28
1718908138.0,33.75,-0.0931128157651571,-0.14437351893740372,0.051260703176773774,RoundResultsPage,28
1718908138.25,33.75,-0.0931128157651571,-0.14679103786764175,0.05367822210704515,RiskPage1,28
1718908138.5,33.75,-0.0931128157651571,-0.14938620175515308,0.05627338599458945,RiskPage1,28
1718908138.75,33.75,-0.0931128157651571,-0.15214623162501353,0.0590334158644828,RiskPage1,28
1718908139.0,33.71,-0.1747034488815021,-0.15505487346278313,-0.0196485754140599,RiskPage1,28
1718908139.25,33.71,-0.1747034488815021,-0.1580925069274604,-0.016610941949350602,RiskPage1,28
1718908139.5,33.71,-0.1747034488815021,-0.16123637717327993,-0.013467071703500408,RiskPage1,28
1718908139.75,33.71,-0.1747034488815021,-0.1644609459195068,-0.010242502957244819,RiskPage1,28
1718908140.0,33.73,-0.13390813232333687,-0.16773835317111987,0.03383022085256,RiskPage1,28
1718908140.25,33.73,-0.13390813232333687,-0.1710389767654084,0.03713084444687255,RiskPage1,28
1718908140.5,33.73,-0.13390813232333687,-0.17433207319792704,0.04042394087941244,RiskPage1,28
1718908140.75,33.73,-0.13390813232333687,-0.1775864799482841,0.043678347629787694,RiskPage1,28
1718908141.0,33.68,-0.2358964237187645,-0.18077135683767595,-0.05512506687623353,RiskPage1,28
1718908141.25,33.68,-0.2358964237187645,-0.18385694196896868,-0.05203948174493003,RiskPage1,28
1718908141.5,33.68,-0.2358964237187645,-0.18681529675549402,-0.0490811269583975,RiskPage1,28
1718908141.75,33.68,-0.2358964237187645,-0.18962101462901804,-0.04627540908486941,RiskPage1,28
1718908142.0,33.71,-0.1747034488815021,-0.192251869275087,0.017548420398463653,RiskPage1,28
1718908142.25,33.71,-0.1747034488815021,-0.1946893805240468,0.019985931647423558,RiskPage1,28
1718908142.5,33.71,-0.1747034488815021,-0.1969192790360696,0.022215830159445706,RiskPage1,28
1718908142.75,33.71,-0.1747034488815021,-0.1989318543487987,0.024228405472174225,RiskPage1,28
1718908143.0,33.68,-0.2358964237187645,-0.20072217449772328,-0.035174249216163314,RiskPage1,28
1718908143.25,33.68,-0.2358964237187645,-0.20229016921316256,-0.03360625450072208,RiskPage1,28
1718908143.5,33.68,-0.2358964237187645,-0.20364057269853056,-0.032255851015349286,RiskPage1,28
1718908143.75,33.68,-0.2358964237187645,-0.20478272627782715,-0.03111369743604362,RiskPage1,28
1718908144.0,33.68,-0.2358964237187645,-0.20573024576820012,-0.030166177945655744,RiskPage1,28
1718908144.25,33.68,-0.2358964237187645,-0.2065005631697933,-0.029395860544040312,RiskPage2,28
1718908144.5,33.68,-0.2358964237187645,-0.20711435695187713,-0.02878206676192556,RiskPage2,28
1718908144.75,33.68,-0.2358964237187645,-0.2075948895791612,-0.028301534134601118,RiskPage2,28
1718908145.0,33.71,-0.1747034488815021,-0.20796727467919116,0.033263825802741794,RiskPage2,28
1718908145.25,33.71,-0.1747034488815021,-0.20825769912386632,0.03355425024747843,RiskPage2,28
1718908145.5,33.71,-0.1747034488815021,-0.20849262704037647,0.033789178164061004,RiskPage2,28
1718908145.75,33.71,-0.1747034488815021,-0.20869801320719378,0.03399456433096097,RiskPage2,28
1718908146.0,33.71,-0.1747034488815021,-0.20889855237904853,0.034195103502907206,RiskPage2,28
1718908146.25,33.71,-0.1747034488815021,-0.2091169889152983,0.03441354003925564,RiskPage2,28
1718908146.5,33.71,-0.1747034488815021,-0.20937350787318626,0.034670058997247455,RiskPage2,28
1718908146.75,33.71,-0.1747034488815021,-0.2096852247550172,0.03498177587918522,RiskPage2,28
1718908147.0,33.68,-0.2358964237187645,-0.210065786676863,-0.025830637036124073,RiskPage2,28
1718908147.25,33.68,-0.2358964237187645,-0.21052509316876752,-0.02537133054411396,RiskPage2,28
1718908147.5,33.68,-0.2358964237187645,-0.21106914041301522,-0.024827283299764108,RiskPage2,28
1718908147.75,33.68,-0.2358964237187645,-0.21169998870395465,-0.02419643500872691,RiskPage2,28
1718908148.0,33.71,-0.1747034488815021,-0.21241584938270425,0.037712400507378084,RiskPage2,28
1718908148.25,33.71,-0.1747034488815021,-0.21321128444404208,0.038507835568803994,RiskPage2,28
1718908148.5,33.71,-0.1747034488815021,-0.21407750932443353,0.039374060449278256,RiskPage2,28
1718908148.75,33.71,-0.1747034488815021,-0.2150027869581242,0.040299338083045755,RiskPage2,28
1718908149.0,33.66,-0.27669174027694426,-0.21597289902815012,-0.06071884124230083,RiskPage2,28
1718908149.25,33.66,-0.27669174027694426,-0.2169716785689606,-0.059720061701429406,RiskPage3,28
1718908149.5,33.66,-0.27669174027694426,-0.21798158690715272,-0.05871015336318656,RiskPage3,28
1718908149.75,33.66,-0.27669174027694426,-0.21898431752995146,-0.05770742274034847,RiskPage3,28
1718908150.0,33.71,-0.1747034488815021,-0.21996140986015109,0.04525796098532034,RiskPage3,28
1718908150.25,33.71,-0.1747034488815021,-0.22089485689331848,0.046191408018501495,RiskPage3,28
1718908150.5,33.71,-0.1747034488815021,-0.22176769187646672,0.04706424300164945,RiskPage3,28
1718908150.75,33.71,-0.1747034488815021,-0.22256454034467207,0.04786109146983976,RiskPage3,28
1718908151.0,33.68,-0.2358964237187645,-0.22327212471277735,-0.01262429899934751,RiskPage3,28
1718908151.25,33.68,-0.2358964237187645,-0.22387970930129203,-0.012016714410878038,RiskPage3,28
1718908151.5,33.68,-0.2358964237187645,-0.22437947439450426,-0.011516949317725443,RiskPage3,28
1718908151.75,33.68,-0.2358964237187645,-0.22476680897290297,-0.011129614739399583,RiskPage3,28
1718908152.0,33.66,-0.27669174027694426,-0.22504051335111153,-0.05165122691945556,RiskPage3,28
1718908152.25,33.66,-0.27669174027694426,-0.22520290517797217,-0.05148883509268981,RiskPage3,28
1718908152.5,33.66,-0.27669174027694426,-0.2252598250811354,-0.051431915189629016,RiskPage3,28
1718908152.75,33.66,-0.27669174027694426,-0.22522054152146773,-0.05147119874940335,RiskPage3,28
1718908153.0,33.71,-0.1747034488815021,-0.22509755792109545,0.05039410904555926,RiskPage3,28
1718908153.25,33.71,-0.1747034488815021,-0.22490632851382658,0.050202879638185774,RiskPage3,28
1718908153.5,33.71,-0.1747034488815021,-0.22466489227367378,0.04996144339793369,RiskPage3,28
1718908153.75,33.71,-0.1747034488815021,-0.22439343640946363,0.04968998753363151,RiskPage3,28
1718908154.0,33.68,-0.2358964237187645,-0.22411380215202334,-0.01178262156115456,RiskPage3,28
1718908154.25,33.68,-0.2358964237187645,-0.2238489460101938,-0.012047477703058036,RiskPage4,28
1718908154.5,33.68,-0.2358964237187645,-0.22362236960614035,-0.012274054107175733,RiskPage4,28
1718908154.75,33.68,-0.2358964237187645,-0.22345753093494183,-0.01243889277842871,RiskPage4,28
1718908155.0,33.68,-0.2358964237187645,-0.22337724966646125,-0.012519174046953697,RiskPage4,28
1718908155.25,33.68,-0.2358964237187645,-0.22340311902362492,-0.01249330468982382,RiskPage4,28
1718908155.5,33.68,-0.2358964237187645,-0.22355493681662872,-0.012341486896842313,RiskPage4,28
1718908155.75,33.68,-0.2358964237187645,-0.22385016830462084,-0.012046255408859955,RiskPage4,28
1718908156.0,33.68,-0.2358964237187645,-0.2243034535860716,-0.011592970127405481,RiskPage4,28
1718908156.25,33.68,-0.2358964237187645,-0.2249261720712479,-0.010970251642211411,RiskPage4,28
1718908156.5,33.68,-0.2358964237187645,-0.2257260761497833,-0.01017034756364423,RiskPage4,28
1718908156.75,33.68,-0.2358964237187645,-0.22670700531971688,-0.009189418393665709,RiskPage4,28
1718908157.0,33.71,-0.1747034488815021,-0.227868690681493,0.05316524180542957,RiskPage4,28
1718908157.25,33.71,-0.1747034488815021,-0.22920665772113244,0.054503208845136084,RiskPage4,28
1718908157.5,33.71,-0.1747034488815021,-0.2307122326419759,0.056008783766055004,RiskPage4,28
1718908157.75,33.71,-0.1747034488815021,-0.23237265415939448,0.05766920528355486,RiskPage4,28
1718908158.0,33.68,-0.2358964237187645,-0.2341712887787384,-0.0017251349342794833,RiskPage4,28
1718908158.25,33.68,-0.2358964237187645,-0.23608794341044045,0.00019151969750637668,RiskPage4,28
1718908158.5,33.68,-0.2358964237187645,-0.23809926511892146,0.002202841406068006,RiskPage4,28
1718908158.75,33.68,-0.2358964237187645,-0.24017921424899705,0.004282790536218595,RiskPage4,28
1718908159.0,33.66,-0.27669174027694426,-0.24229959444296986,-0.03439214582792119,RiskPage4,28
1718908159.25,33.66,-0.27669174027694426,-0.24443062134946084,-0.03226111892137314,PreMarketWait,29
1718908159.5,33.66,-0.27669174027694426,-0.24654151121152124,-0.03015022905926806,PreMarketWait,29
1718908159.75,33.66,-0.27669174027694426,-0.24860107099381265,-0.028090669276946346,PreMarketWait,29
1718908160.0,33.66,-0.27669174027694426,-0.25057827316966214,-0.02611346710108231,PreMarketWait,29
1718908160.25,33.66,-0.27669174027694426,-0.25244280056176355,-0.02424893970898297,PreMarketWait,29
1718908160.5,33.66,-0.27669174027694426,-0.2541655494792461,-0.02252619079151919,PreMarketWait,29
1718908160.75,33.66,-0.27669174027694426,-0.25571908255753123,-0.020972657713268783,PreMarketWait,29
1718908161.0,33.68,-0.2358964237187645,-0.257078025927107,0.02118160221443744,PreMarketWait,29
1718908161.25,33.68,-0.2358964237187645,-0.25821940837243834,0.022322984659707175,PreMarketWait,29
1718908161.5,33.68,-0.2358964237187645,-0.2591229427855107,0.02322651907270829,PreMarketWait,29
1718908161.75,33.68,-0.2358964237187645,-0.259771252323164,0.023874828610283276,PreMarketWait,29
1718908162.0,33.66,-0.27669174027694426,-0.2601500451885665,-0.016541695082577124,PreMarketWait,29
1718908162.25,33.66,-0.27669174027694426,-0.26024824292246157,-0.016443497348767728,PreMarketWait,29
1718908162.5,33.66,-0.27669174027694426,-0.26005806762855366,-0.016633672642761714,PreMarketWait,29
1718908162.75,33.66,-0.27669174027694426,-0.2595750937971646,-0.01711664647423508,PreMarketWait,29
1718908163.0,33.68,-0.2358964237187645,-0.2587982704045705,0.022901846691270312,PreMarketWait,29
1718908163.25,33.68,-0.2358964237187645,-0.25772991874182,0.02183349502844615,PreMarketWait,29
1718908163.5,33.68,-0.2358964237187645,-0.2563757108957678,0.020479287182329334,PreMarketWait,29
1718908163.75,33.68,-0.2358964237187645,-0.25474463289413507,0.018848209180642908,PreMarketWait,29
1718908164.0,33.68,-0.2358964237187645,-0.252848935220083,0.0169525115065497,PreMarketWait,29
1718908164.25,33.68,-0.2358964237187645,-0.250704071767288,0.014807648053727113,PreMarketWait,29
1718908164.5,33.68,-0.2358964237187645,-0.24832862647888357,0.012432202765308702,PreMarketWait,29
1718908164.75,33.68,-0.2358964237187645,-0.24574422506004068,0.009847801346464532,PreMarketWait,29
1718908165.0,33.68,-0.2358964237187645,-0.24297542744318706,0.007079003729621003,PreMarketWait,29
1718908165.25,33.68,-0.2358964237187645,-0.2400495952719208,0.0041531715583749355,PreMarketWait,29
1718908165.5,33.68,-0.2358964237187645,-0.23699672769011657,0.001100303976599902,PreMarketWait,29
1718908165.75,33.68,-0.2358964237187645,-0.23384925829019645,-0.0020471654232826174,PreMarketWait,29
1718908166.0,33.66,-0.27669174027694426,-0.23064180627846906,-0.04604993399314375,PreMarketWait,29
1718908166.25,33.66,-0.27669174027694426,-0.22741087581600802,-0.04928086445554989,PreMarketWait,29
1718908166.5,33.66,-0.27669174027694426,-0.22419449910722003,-0.05249724116427364,PreMarketWait,29
1718908166.75,33.66,-0.27669174027694426,-0.22103182107876737,-0.05565991919265234,PreMarketWait,29
1718908167.0,33.71,-0.1747034488815021,-0.21796262625642662,0.043259177380533434,PreMarketWait,29
1718908167.25,33.71,-0.1747034488815021,-0.21502681143040625,0.040323362554608375,PreMarketWait,29
1718908167.5,33.71,-0.1747034488815021,-0.21226381055824653,0.03756036168255483,PreMarketWait,29
1718908167.75,33.71,-0.1747034488815021,-0.20971198078370124,0.03500853190812575,PreMarketWait,29
1718908168.0,33.68,-0.2358964237187645,-0.20740796029385988,-0.028488463418853333,PreMarketWait,29
1718908168.25,33.68,-0.2358964237187645,-0.2053860100359464,-0.03051041367663562,PreMarketWait,29
1718908168.5,33.68,-0.2358964237187645,-0.20367735225329323,-0.032219071459152884,PreMarketWait,29
1718908168.75,33.68,-0.2358964237187645,-0.20230951957978005,-0.033586904132527226,PreMarketWait,29
1718908169.0,33.71,-0.1747034488815021,-0.20130572915823639,0.026602280283331434,PreMarketWait,29
1718908169.25,33.71,-0.1747034488815021,-0.2006842968788056,0.025980848004039655,PreMarketWait,29
1718908169.5,33.71,-0.1747034488815021,-0.20045810721628257,0.025754658341652126,PreMarketWait,29
1718908169.75,33.71,-0.1747034488815021,-0.20063415411356691,0.025930705239065533,PreMarketWait,29
1718908170.0,33.68,-0.2358964237187645,-0.20121316782320595,-0.034683255888438166,PreMarketWait,29
1718908170.25,33.68,-0.2358964237187645,-0.20218934161239352,-0.033707082099143144,PreMarketWait,29
1718908170.5,33.68,-0.2358964237187645,-0.20355017087643673,-0.03234625283500716,PreMarketWait,29
1718908170.75,33.68,-0.2358964237187645,-0.20527641560726734,-0.030620008104100354,PreMarketWait,29
1718908171.0,33.71,-0.1747034488815021,-0.20734219535287782,0.03263874647883119,PreMarketWait,29
1718908171.25,33.71,-0.1747034488815021,-0.20971522368233486,0.035011774808329565,PreMarketWait,29
1718908171.5,33.71,-0.1747034488815021,-0.2123571865584657,0.03765373768448531,PreMarketWait,29
1718908171.75,33.71,-0.1747034488815021,-0.21522426574811032,0.04052081687413962,PreMarketWait,29
1718908172.0,33.71,-0.1747034488815021,-0.21826780440753474,0.04356435553355964,PreMarketWait,29
1718908172.25,33.71,-0.1747034488815021,-0.2214351073616721,0.046731658487679746,PreMarketWait,29
1718908172.5,33.71,-0.1747034488815021,-0.22467036358207806,0.04996691470805652,PreMarketWait,29
1718908172.75,33.71,-0.1747034488815021,-0.2279156732827247,0.05321222440866254,PreMarketWait,29
1718908173.0,33.66,-0.27669174027694426,-0.23111215726827603,-0.04557958300128012,PreMarketWait,29
1718908173.25,33.66,-0.27669174027694426,-0.23420112208362198,-0.04249061818599718,PreMarketWait,29
1718908173.5,33.66,-0.27669174027694426,-0.23712525151117622,-0.03956648875851682,PreMarketWait,29
1718908173.75,33.66,-0.27669174027694426,-0.23982979334670493,-0.036861946923072285,PreMarketWait,29
1718908174.0,33.66,-0.27669174027694426,-0.24226371029253976,-0.0344280299773313,PreMarketWait,29
1718908174.25,33.66,-0.27669174027694426,-0.2443807651710863,-0.03231097509888739,PreMarketWait,29
1718908174.5,33.66,-0.27669174027694426,-0.24614051324663233,-0.03055122702345194,PreMarketWait,29
1718908174.75,33.66,-0.27669174027694426,-0.24750917792973756,-0.029182562340464343,PreMarketWait,29
1718908175.0,33.68,-0.2358964237187645,-0.24846039018929306,0.012563966477147331,PreMarketWait,29
1718908175.25,33.68,-0.2358964237187645,-0.24897577629262285,0.013079352580349014,PreMarketWait,29
1718908175.5,33.68,-0.2358964237187645,-0.24904538274881954,0.013148959036414883,PreMarketWait,29
1718908175.75,33.68,-0.2358964237187645,-0.24866793132058185,0.012771507608045417,PreMarketWait,29
1718908176.0,33.68,-0.2358964237187645,-0.24785090056145662,0.011954476848789027,PreMarketWait,29
1718908176.25,33.68,-0.2358964237187645,-0.24661043349727427,0.010714009784477944,PreMarketWait,29
1718908176.5,33.68,-0.2358964237187645,-0.24497107385419975,0.009074650141279205,PreMarketWait,29
1718908176.75,33.68,-0.2358964237187645,-0.24296533573795556,0.007068912024917284,PreMarketWait,29
1718908177.0,33.68,-0.2358964237187645,-0.24063311399947337,0.004736690286325271,PreMarketWait,29
1718908177.25,33.68,-0.2358964237187645,-0.23802094478783073,0.0021245210745816957,PreMarketWait,29
1718908177.5,33.68,-0.2358964237187645,-0.23518112808724514,-0.0007152956260952359,PreMarketWait,29
1718908177.75,33.68,-0.2358964237187645,-0.23217072644161033,-0.0037256972718115178,PreMarketWait,29
1718908178.0,33.65,-0.2970893985560269,-0.2290504566492342,-0.06803894190152149,PreMarketWait,29
1718908178.25,33.65,-0.2970893985560269,-0.22588349399692534,-0.07120590455389186,PreMarketWait,29
1718908178.5,33.65,-0.2970893985560269,-0.2227342115823343,-0.07435518696853421,PreMarketWait,29
1718908178.75,33.65,-0.2970893985560269,-0.21966688033965892,-0.07742251821125008,PreMarketWait,29
1718908179.0,33.73,-0.13390813232333687,-0.21674435828655872,0.08283622596831092,PreMarketWait,29
1718908179.25,33.73,-0.13390813232333687,-0.21402679984538223,0.08011866752711796,PreMarketWait,29
1718908179.5,33.73,-0.13390813232333687,-0.21157041737654736,0.07766228505827917,PreMarketWait,29
1718908179.75,33.73,-0.13390813232333687,-0.20942632689599966,0.07551819457773964,PreMarketWait,29
1718908180.0,33.68,-0.2358964237187645,-0.20763950819045485,-0.028256915523213133,PreMarketWait,29
1718908180.25,33.68,-0.2358964237187645,-0.2062479063853827,-0.029648517328254992,MarketGridChoice,29
1718908180.5,33.68,-0.2358964237187645,-0.20528169789848116,-0.030614725815116338,MarketGridChoice,29
1718908180.75,33.68,-0.2358964237187645,-0.20476273910739817,-0.031133684606149903,MarketGridChoice,29
1718908181.0,33.71,-0.1747034488815021,-0.20470421130910643,0.030000762432879118,MarketGridChoice,29
1718908181.25,33.71,-0.1747034488815021,-0.20511047075395092,0.030407021877790926,MarketGridChoice,29
1718908181.5,33.71,-0.1747034488815021,-0.2059771076229846,0.03127365874690083,MarketGridChoice,29
1718908181.75,33.71,-0.1747034488815021,-0.20729121265240555,0.0325877637764065,MarketGridChoice,29
1718908182.0,33.71,-0.1747034488815021,-0.20903184463394842,0.034328395758041814,MarketGridChoice,29
1718908182.25,33.71,-0.1747034488815021,-0.2111706863060015,0.036467237430193734,MarketGridChoice,29
1718908182.5,33.71,-0.1747034488815021,-0.2136728703880176,0.038969421512313376,MarketGridChoice,29
1718908182.75,33.71,-0.1747034488815021,-0.21649795196635735,0.04179450309075932,MarketGridChoice,29
1718908183.0,33.68,-0.2358964237187645,-0.21960099841551026,-0.016295425297243628,MarketGridChoice,29
1718908183.25,33.68,-0.2358964237187645,-0.22293376385307342,-0.012962659859575995,MarketGridChoice,29
1718908183.5,33.68,-0.2358964237187645,-0.22644591209333897,-0.009450511619210497,MarketGridChoice,29
1718908183.75,33.68,-0.2358964237187645,-0.2300862504522057,-0.005810173260250415,MarketGridChoice,29
1718908184.0,33.65,-0.2970893985560269,-0.23380393674288946,-0.06328546180674424,MarketGridChoice,29
1718908184.25,33.65,-0.2970893985560269,-0.237549623447304,-0.05953977510225504,MarketGridChoice,29
1718908184.5,33.65,-0.2970893985560269,-0.24127650630004455,-0.055812892249451115,MarketGridChoice,29
1718908184.75,33.65,-0.2970893985560269,-0.24494124922695132,-0.052148149322492475,MarketGridChoice,29
1718908185.0,33.66,-0.27669174027694426,-0.24850476347591388,-0.02818697679440653,MarketGridChoice,29
1718908185.25,33.66,-0.27669174027694426,-0.2519328254913764,-0.024758914778913267,MarketGridChoice,29
1718908185.5,33.66,-0.27669174027694426,-0.2551965251684846,-0.02149521510178281,MarketGridChoice,29
1718908185.75,33.66,-0.27669174027694426,-0.25827254312020004,-0.01841919715005186,MarketGridChoice,29
1718908186.0,33.68,-0.2358964237187645,-0.261143262091301,0.025246838379239793,MarketGridChoice,29
1718908186.25,33.68,-0.2358964237187645,-0.2637967233251659,0.02790029961311384,MarketGridChoice,29
1718908186.5,33.68,-0.2358964237187645,-0.26622644328767037,0.030330019575628964,MarketGridChoice,29
1718908186.75,33.68,-0.2358964237187645,-0.268431109529639,0.03253468581761265,MarketGridChoice,29
1718908187.0,33.66,-0.27669174027694426,-0.2704141765919037,-0.006277563678280404,MarketGridChoice,29
1718908187.25,33.66,-0.27669174027694426,-0.2721833838104885,-0.00450835645966427,MarketGridChoice,29
1718908187.5,33.66,-0.27669174027694426,-0.27375021683536016,-0.0029415234347503587,MarketGridChoice,29
1718908187.75,33.66,-0.27669174027694426,-0.275129333828817,-0.0015624064412394015,MarketGridChoice,29
1718908188.0,33.68,-0.2358964237187645,-0.27633797581283126,0.04044155210102084,MarketGridChoice,29
1718908188.25,33.68,-0.2358964237187645,-0.2773953785747075,0.041498954862974474,MarketGridChoice,29
1718908188.5,33.68,-0.2358964237187645,-0.2783222009591283,0.04242577724748206,MarketGridChoice,29
1718908188.75,33.68,-0.2358964237187645,-0.27913998132868134,0.0432435576171287,MarketGridChoice,29
1718908189.0,33.66,-0.27669174027694426,-0.2798706305950113,0.0031788903253765835,MarketGridChoice,29
1718908189.25,33.66,-0.27669174027694426,-0.28053596673732933,0.0038442264677931923,MarketGridChoice,29
1718908189.5,33.66,-0.27669174027694426,-0.2811572924337463,0.0044655521643065625,MarketGridChoice,29
1718908189.75,33.66,-0.27669174027694426,-0.2817550146422988,0.005063274372950111,MarketGridChoice,29
1718908190.0,33.63,-0.3378847151141921,-0.2823483029370711,-0.05553641216944302,MarketGridChoice,29
1718908190.25,33.63,-0.3378847151141921,-0.2829547822964585,-0.05492993280998518,MarketGridChoice,29
1718908190.5,33.63,-0.3378847151141921,-0.28359025592494796,-0.05429445918143975,MarketGridChoice,29
1718908190.75,33.63,-0.3378847151141921,-0.28426845453085703,-0.05361626057549107,MarketGridChoice,29
1718908191.0,33.66,-0.27669174027694426,-0.2850008101167868,0.008309069847708517,MarketGridChoice,29
1718908191.25,33.66,-0.27669174027694426,-0.28579625447063955,0.00910451420156557,MarketGridChoice,29
1718908191.5,33.66,-0.27669174027694426,-0.28666104478987897,0.009969304520792262,MarketGridChoice,29
1718908191.75,33.66,-0.27669174027694426,-0.28759862085331217,0.010906880584197472,MarketGridChoice,29
1718908192.0,33.66,-0.27669174027694426,-0.28860949959460935,0.011917759325453463,MarketGridChoice,29
1718908192.25,33.66,-0.27669174027694426,-0.28969121369354806,0.01299947342433972,MarketGridChoice,29
1718908192.5,33.66,-0.27669174027694426,-0.29083830087218543,0.014146560602915335,MarketGridChoice,29
1718908192.75,33.66,-0.27669174027694426,-0.29204235002647755,0.015350609757138067,MarketGridChoice,29
1718908193.0,33.65,-0.2970893985560269,-0.2932921092356169,-0.0037972893128810636,MarketGridChoice,29
1718908193.25,33.65,-0.2970893985560269,-0.2945736591810159,-0.002515739367563655,MarketGridChoice,29
1718908193.5,33.65,-0.2970893985560269,-0.2958706536861131,-0.001218744862552969,MarketGridChoice,29
1718908193.75,33.65,-0.2970893985560269,-0.2971646270570061,7.522850825024104e-05,MarketGridChoice,29
1718908194.0,33.66,-0.27669174027694426,-0.29843536573455154,0.02174362546478698,MarketGridChoice,29
1718908194.25,33.66,-0.27669174027694426,-0.29966133949974666,0.022969599229890888,MarketGridChoice,29
1718908194.5,33.66,-0.27669174027694426,-0.3008201851257524,0.02412844485580735,MarketGridChoice,29
1718908194.75,33.66,-0.27669174027694426,-0.30188923297354825,0.025197492703517406,MarketGridChoice,29
1718908195.0,33.65,-0.2970893985560269,-0.30284606465798714,0.005756666108792996,MarketGridChoice,29
1718908195.25,33.65,-0.2970893985560269,-0.3036690876957747,0.006579689146506196,MarketGridChoice,29
1718908195.5,33.65,-0.2970893985560269,-0.30433811115712556,0.007248712607789675,MarketGridChoice,29
1718908195.75,33.65,-0.2970893985560269,-0.3048349049596251,0.007745506410229871,MarketGridChoice,29
1718908196.0,33.63,-0.3378847151141921,-0.30514372472587387,-0.03274099038173683,MarketGridChoice,29
1718908196.25,33.63,-0.3378847151141921,-0.3052517841955006,-0.03263293091215049,MarketGridChoice,29
1718908196.5,33.63,-0.3378847151141921,-0.30514965810865036,-0.032735056999030565,MarketGridChoice,29
1718908196.75,33.63,-0.3378847151141921,-0.30483160027270884,-0.033053114834990786,MarketGridChoice,29
1718908197.0,33.65,-0.2970893985560269,-0.30429576411580656,0.00720636556626458,MarketGridChoice,29
1718908197.25,33.65,-0.2970893985560269,-0.30354431625940986,0.0064549177098712635,MarketGridChoice,29
1718908197.5,33.65,-0.2970893985560269,-0.30258343728726533,0.005494038737740733,MarketGridChoice,29
1718908197.75,33.65,-0.2970893985560269,-0.30142320772730063,0.004333809177800348,MarketGridChoice,29
1718908198.0,33.63,-0.3378847151141921,-0.300077381132995,-0.03780733397463673,MarketGridChoice,29
1718908198.25,33.63,-0.3378847151141921,-0.2985630499687144,-0.03932166513887559,MarketGridChoice,29
1718908198.5,33.63,-0.3378847151141921,-0.29690021374112013,-0.04098450136642172,MarketGridChoice,29
1718908198.75,33.63,-0.3378847151141921,-0.2951112624386955,-0.04277345266879324,MarketGridChoice,29
1718908199.0,33.66,-0.27669174027694426,-0.2932203917349185,0.01652865146473398,MarketGridChoice,29
1718908199.25,33.66,-0.27669174027694426,-0.29125296937205364,0.01456122910192734,MarketGridChoice,29
1718908199.5,33.66,-0.27669174027694426,-0.2892348743998446,0.01254313412977668,MarketGridChoice,29
1718908199.75,33.66,-0.27669174027694426,-0.28719183223148953,0.0105000919614783,MarketGridChoice,29
1718908200.0,33.68,-0.2358964237187645,-0.2851487686174884,0.04925234490570946,MarketGridChoice,29
1718908200.25,33.68,-0.2358964237187645,-0.2831292045687956,0.04723278085706258,MarketGridChoice,29
1718908200.5,33.68,-0.2358964237187645,-0.28115471204218523,0.04525828833048941,MarketGridChoice,29
1718908200.75,33.68,-0.2358964237187645,-0.27924444698384876,0.04334802327217948,MarketGridChoice,29
1718908201.0,33.66,-0.27669174027694426,-0.2774147723470725,0.0007230320772377077,MarketGridChoice,29
1718908201.25,33.66,-0.27669174027694426,-0.2756789792682335,-0.001012761001600429,ForecastPage,29
1718908201.5,33.66,-0.27669174027694426,-0.27404711005748,-0.002644630212366817,ForecastPage,29
1718908201.75,33.66,-0.27669174027694426,-0.2725258823732865,-0.004165857896586685,ForecastPage,29
1718908202.0,33.66,-0.27669174027694426,-0.2711187101615406,-0.005573030108371756,ForecastPage,29
1718908202.25,33.66,-0.27669174027694426,-0.26982581380094894,-0.006865926469014379,ForecastPage,29
1718908202.5,33.66,-0.27669174027694426,-0.2686444094645368,-0.008047330805488388,ForecastPage,29
1718908202.75,33.66,-0.27669174027694426,-0.26756896597927204,-0.00912277429082508,ForecastPage,29
1718908203.0,33.66,-0.27669174027694426,-0.2665915164088825,-0.010100223861295164,ForecastPage,29
1718908203.25,33.66,-0.27669174027694426,-0.26570201114841757,-0.010989729121847558,ForecastPage,29
1718908203.5,33.66,-0.27669174027694426,-0.2648886994402125,-0.0118030408301452,ForecastPage,29
1718908203.75,33.66,-0.27669174027694426,-0.2641385268257514,-0.012553213444702484,ForecastPage,29
1718908204.0,33.66,-0.27669174027694426,-0.26343753705245077,-0.0132542032181017,ForecastPage,29
1718908204.25,33.66,-0.27669174027694426,-0.2627712682653273,-0.013920472005324945,ForecastPage,29
1718908204.5,33.66,-0.27669174027694426,-0.26212513482915895,-0.01456660544159293,ForecastPage,29
1718908204.75,33.66,-0.27669174027694426,-0.26148478773763545,-0.015206952533214808,ForecastPage,29
1718908205.0,33.68,-0.2358964237187645,-0.26083644815588003,0.024940024443112878,ForecastPage,29
1718908205.25,33.68,-0.2358964237187645,-0.2601672100923627,0.024270786379500867,ForecastPage,29
1718908205.5,33.68,-0.2358964237187645,-0.25946530939673373,0.023568885683779413,ForecastPage,29
1718908205.75,33.68,-0.2358964237187645,-0.25872035716101416,0.022823933447970058,ForecastPage,29
1718908206.0,33.66,-0.27669174027694426,-0.2579235361640335,-0.018768204107276868,ForecastPage,29
1718908206.25,33.66,-0.27669174027694426,-0.2570677593279364,-0.0196239809434564,ForecastPage,29
1718908206.5,33.66,-0.27669174027694426,-0.256147789390917,-0.020543950880552983,ForecastPage,29
1718908206.75,33.66,-0.27669174027694426,-0.2551603192753315,-0.021531420996209284,ForecastPage,29
1718908207.0,33.68,-0.2358964237187645,-0.25410401301018043,0.01820758929675572,ForecastPage,29
1718908207.25,33.68,-0.2358964237187645,-0.25297950752303877,0.01708308380955814,ForecastPage,29
1718908207.5,33.68,-0.2358964237187645,-0.25178937605119217,0.0158929523376634,ForecastPage,29
1718908207.75,33.68,-0.2358964237187645,-0.25053805422872194,0.014641630515152552,ForecastPage,29
1718908208.0,33.68,-0.2358964237187645,-0.24923173003143578,0.01333530631783296,ForecastPage,29
1718908208.25,33.68,-0.2358964237187645,-0.24787819873085878,0.011981775017228838,ForecastPage,29
1718908208.5,33.68,-0.2358964237187645,-0.2464866839152513,0.010590260201599243,ForecastPage,29
1718908208.75,33.68,-0.2358964237187645,-0.2450676256066488,0.009171201892977774,ForecastPage,29
1718908209.0,33.66,-0.27669174027694426,-0.243632436669809,-0.033059303602060275,ForecastPage,29
1718908209.25,33.66,-0.27669174027694426,-0.2421932291911961,-0.034498511080694155,ForecastPage,29
1718908209.5,33.66,-0.27669174027694426,-0.2407625133943237,-0.03592922687759286,ForecastPage,29
1718908209.75,33.66,-0.27669174027694426,-0.23935287298500643,-0.037338867286944216,ForecastPage,29
1718908210.0,33.68,-0.2358964237187645,-0.23797662252858018,0.0020801988147655763,ForecastPage,29
1718908210.25,33.68,-0.2358964237187645,-0.2366454543899261,0.000749030676056861,ForecastPage,29
1718908210.5,33.68,-0.2358964237187645,-0.23537008468049136,-0.0005263390334440832,ForecastPage,29
1718908210.75,33.68,-0.2358964237187645,-0.23415990930555292,-0.0017365144084605932,ForecastPage,29
1718908211.0,33.68,-0.2358964237187645,-0.23302268238917687,-0.002873741324926273,ForecastPage,29
1718908211.25,33.68,-0.2358964237187645,-0.2319642299504375,-0.003932193763766043,ForecastPage,29
1718908211.5,33.68,-0.2358964237187645,-0.23098821165465097,-0.004908212059662183,ForecastPage,29
1718908211.75,33.68,-0.2358964237187645,-0.23009594274266326,-0.005800480971766454,ForecastPage,29
1718908212.0,33.71,-0.1747034488815021,-0.22928628683070204,0.05458283795341399,ForecastPage,29
1718908212.25,33.71,-0.1747034488815021,-0.22855562815280359,0.05385217927539392,ForecastPage,29
1718908212.5,33.71,-0.1747034488815021,-0.22789792898283795,0.05319448010530919,ForecastPage,29
1718908212.75,33.71,-0.1747034488815021,-0.22730487447700826,0.0526014255993665,ForecastPage,29
1718908213.0,33.68,-0.2358964237187645,-0.22676610318197798,-0.009130320533029972,ForecastPage,29
1718908213.25,33.68,-0.2358964237187645,-0.22626951724747021,-0.009626906467630134,ForecastPage,29
1718908213.5,33.68,-0.2358964237187645,-0.22580166233944227,-0.010094761375737313,ForecastPage,29
1718908213.75,33.68,-0.2358964237187645,-0.22534816373867897,-0.01054825997656515,ForecastPage,29
1718908214.0,33.68,-0.2358964237187645,-0.22489420240007754,-0.011002221315215012,ForecastPage,29
1718908214.25,33.68,-0.2358964237187645,-0.22442501297004985,-0.011471410745273953,ForecastPage,29
1718908214.5,33.68,-0.2358964237187645,-0.22392638492198766,-0.011970038793349867,ForecastPage,29
1718908214.75,33.68,-0.2358964237187645,-0.2233851480097894,-0.012511275705544582,ForecastPage,29
1718908215.0,33.68,-0.2358964237187645,-0.22278962406469172,-0.013106799650622227,ForecastPage,29
1718908215.25,33.68,-0.2358964237187645,-0.2221300286687542,-0.013766395046524221,ForecastPage,29
1718908215.5,33.68,-0.2358964237187645,-0.22139880832188516,-0.01449761539334354,ForecastPage,29
1718908215.75,33.68,-0.2358964237187645,-0.22059090126602848,-0.015305522449137646,ForecastPage,29
1718908216.0,33.68,-0.2358964237187645,-0.21970391302264156,-0.016192510692450243,ForecastPage,29
1718908216.25,33.68,-0.2358964237187645,-0.21873820081478063,-0.017158222900225856,ForecastPage,29
1718908216.5,33.68,-0.2358964237187645,-0.2176968642536377,-0.018199559461273218,ForecastPage,29
1718908216.75,33.68,-0.2358964237187645,-0.21658564283501808,-0.01931078087978748,ForecastPage,29
1718908217.0,33.71,-0.1747034488815021,-0.21541272377077578,0.04070927489334741,ForecastPage,29
1718908217.25,33.71,-0.1747034488815021,-0.21418846632770047,0.039485017450395274,ForecastPage,29
1718908217.5,33.71,-0.1747034488815021,-0.21292505103196824,0.03822160215479282,ForecastPage,29
1718908217.75,33.71,-0.1747034488815021,-0.21163606374851276,0.03693261487147153,ForecastPage,29
1718908218.0,33.68,-0.2358964237187645,-0.2103360257953419,-0.02556039791882582,ForecastPage,29
1718908218.25,33.68,-0.2358964237187645,-0.20903988206089266,-0.026856541653140387,ForecastPage,29
1718908218.5,33.68,-0.2358964237187645,-0.20776245979672664,-0.028133963917175594,ForecastPage,29
1718908218.75,33.68,-0.2358964237187645,-0.20651791158531574,-0.029378512128461744,ForecastPage,29
1718908219.0,33.68,-0.2358964237187645,-0.20531915705653386,-0.030577266657126706,ForecastPage,29
1718908219.25,33.68,-0.2358964237187645,-0.20417733922296563,-0.03171908449058718,ForecastPage,29
1718908219.5,33.68,-0.2358964237187645,-0.20310131267094722,-0.032795111042507874,ForecastPage,29
1718908219.75,33.68,-0.2358964237187645,-0.20209718205033794,-0.033799241663029805,ForecastPage,29
1718908220.0,33.71,-0.1747034488815021,-0.20116791008433707,0.02646446120830903,ForecastPage,29
1718908220.25,33.71,-0.1747034488815021,-0.20031301439309898,0.025609565517139166,ForecastPage,29
1718908220.5,33.71,-0.1747034488815021,-0.19952837152733718,0.024824922651437792,ForecastPage,29
1718908220.75,33.71,-0.1747034488815021,-0.19880614453338966,0.024102695657544235,ForecastPage,29
1718908221.0,33.73,-0.13390813232333687,-0.19813484702037934,0.06422671470274813,ForecastPage,29
1718908221.25,33.73,-0.13390813232333687,-0.19749955210979994,0.0635914197922142,ForecastPage,29
1718908221.5,33.73,-0.13390813232333687,-0.19688224898060644,0.06297411666306396,ForecastPage,29
1718908221.75,33.73,-0.13390813232333687,-0.19626234324537195,0.06235421092787144,ForecastPage,29
1718908222.0,33.71,-0.1747034488815021,-0.19561729046792797,0.02091384159230318,ForecastPage,29
1718908222.25,33.71,-0.1747034488815021,-0.19492334521191895,0.020219896336333823,ForecastPage,29
1718908222.5,33.71,-0.1747034488815021,-0.19415640160044714,0.01945295272489984,ForecastPage,29
1718908222.75,33.71,-0.1747034488815021,-0.19329289597103194,0.01858944709551985,ForecastPage,29
1718908223.0,33.66,-0.27669174027694426,-0.19231073826068823,-0.08438100201023425,ForecastPage,29
1718908223.25,33.66,-0.27669174027694426,-0.19119023658067621,-0.08550150369021865,ForecastPage,29
1718908223.5,33.66,-0.27669174027694426,-0.18991497924069228,-0.08677676103017976,ForecastPage,29
1718908223.75,33.66,-0.27669174027694426,-0.18847264029562685,-0.08821909997522742,ForecastPage,29
1718908224.0,33.71,-0.1747034488815021,-0.18685567833280026,0.012152229457400937,ForecastPage,29
1718908224.25,33.71,-0.1747034488815021,-0.1850619032739634,0.010358454398571741,ForecastPage,29
1718908224.5,33.71,-0.1747034488815021,-0.18309489185004255,0.008391442974652844,ForecastPage,29
1718908224.75,33.71,-0.1747034488815021,-0.180964238521299,0.006260789645904822,ForecastPage,29
1718908225.0,33.71,-0.1747034488815021,-0.1786856345048139,0.003982185629408309,ForecastPage,29
1718908225.25,33.71,-0.1747034488815021,-0.17628077298843728,0.0015773241130128974,ForecastPage,29
1718908225.5,33.71,-0.1747034488815021,-0.17377708348662957,-0.0009263653888212076,ForecastPage,29
1718908225.75,33.71,-0.1747034488815021,-0.17120730265337078,-0.00349614622211402,ForecastPage,29
1718908226.0,33.71,-0.1747034488815021,-0.1686088927570425,-0.006094556118484053,ForecastPage,29
1718908226.25,33.71,-0.1747034488815021,-0.16602332247670884,-0.008680126398867017,ForecastPage,29
1718908226.5,33.71,-0.1747034488815021,-0.16349522771213829,-0.01120822116349388,ForecastPage,29
1718908226.75,33.71,-0.1747034488815021,-0.1610714727018242,-0.013631976173870615,ForecastPage,29
1718908227.0,33.73,-0.13390813232333687,-0.15880013388160139,0.024892001564003695,ForecastPage,29
1718908227.25,33.73,-0.13390813232333687,-0.15672943053858399,0.022821298220913576,ForecastPage,29
1718908227.5,33.73,-0.13390813232333687,-0.154906627361541,0.020998495043794113,ForecastPage,29
1718908227.75,33.73,-0.13390813232333687,-0.1533769344215287,0.01946880210370242,ForecastPage,29
1718908228.0,33.71,-0.1747034488815021,-0.152182429953321,-0.022521018922751816,ForecastPage,29
1718908228.25,33.71,-0.1747034488815021,-0.15136103063598355,-0.023342418240171477,ForecastPage,29
1718908228.5,33.71,-0.1747034488815021,-0.15094553301946853,-0.023757915856768133,ForecastPage,29
1718908228.75,33.71,-0.1747034488815021,-0.15096274842651872,-0.02374070044979739,ForecastPage,29
1718908229.0,33.73,-0.13390813232333687,-0.15143275211381335,0.017524619795586886,ForecastPage,29
1718908229.25,33.73,-0.13390813232333687,-0.1523682656445303,0.018460133326233634,ForecastPage,29
1718908229.5,33.73,-0.13390813232333687,-0.15377418917940605,0.019866056861045946,ForecastPage,29
1718908229.75,33.73,-0.13390813232333687,-0.1556472976044541,0.02173916528603842,ForecastPage,29
1718908230.0,33.73,-0.13390813232333687,-0.15797611101200926,0.024067978693546786,ForecastPage,29
1718908230.25,33.73,-0.13390813232333687,-0.160740946063505,0.0268328137450051,ForecastPage,29
1718908230.5,33.73,-0.13390813232333687,-0.16391415029967865,0.030006017981150896,ForecastPage,29
1718908230.75,33.73,-0.13390813232333687,-0.16746051669677572,0.03355238437822968,ForecastPage,29
1718908231.0,33.71,-0.1747034488815021,-0.17133787089954347,-0.003365577977176744,ForecastPage,29
1718908231.25,33.71,-0.1747034488815021,-0.1754978188186321,0.0007943699419122041,ForecastPage,29
1718908231.5,33.71,-0.1747034488815021,-0.17988663789585632,0.0051831890191459595,ForecastPage,29
1718908231.75,33.71,-0.1747034488815021,-0.18444629153458525,0.009742842657893597,ForecastPage,29
1718908232.0,33.68,-0.2358964237187645,-0.189115543137267,-0.046780880576659155,ForecastPage,29
1718908232.25,33.68,-0.2358964237187645,-0.1938311439970267,-0.04206527971686279,MarketWaitPage,29
1718908232.5,33.68,-0.2358964237187645,-0.19852906799967948,-0.037367355714165,MarketWaitPage,29
1718908232.75,33.68,-0.2358964237187645,-0.20314576567938075,-0.03275065803441097,MarketWaitPage,29
1718908233.0,33.71,-0.1747034488815021,-0.20761941051701874,0.03291596164054916,MarketWaitPage,29
1718908233.25,33.71,-0.1747034488815021,-0.21189111126100374,0.037187662384599925,MarketWaitPage,29
1718908233.5,33.71,-0.1747034488815021,-0.21590606522184339,0.041202616345510076,MarketWaitPage,29
1718908233.75,33.71,-0.1747034488815021,-0.21961462872446058,0.044911179848201165,MarketWaitPage,29
1718908234.0,33.68,-0.2358964237187645,-0.22297328210913192,-0.012923141604314087,MarketWaitPage,29
1718908234.25,33.68,-0.2358964237187645,-0.2259454679372346,-0.009950955776135171,MarketWaitPage,29
1718908234.5,33.68,-0.2358964237187645,-0.2285022825964634,-0.007394141116830842,MarketWaitPage,29
1718908234.75,33.68,-0.2358964237187645,-0.2306230035634982,-0.005273420149722088,MarketWaitPage,29
1718908235.0,33.66,-0.27669174027694426,-0.232295437363643,-0.044396302907685314,MarketWaitPage,29
1718908235.25,33.66,-0.27669174027694426,-0.23351607685230516,-0.043175663418954305,MarketWaitPage,29
1718908235.5,33.66,-0.27669174027694426,-0.23429006081199724,-0.04240167945919717,MarketWaitPage,29
1718908235.75,33.66,-0.27669174027694426,-0.23463093390254108,-0.042060806368592656,MarketWaitPage,29
1718908236.0,33.68,-0.2358964237187645,-0.23456021052987186,-0.001336213183026319,MarketWaitPage,29
1718908236.25,33.68,-0.2358964237187645,-0.23410675193879635,-0.0017896717740517355,MarketWaitPage,29
1718908236.5,33.68,-0.2358964237187645,-0.2333059714653116,-0.0025904522474930174,MarketWaitPage,29
1718908236.75,33.68,-0.2358964237187645,-0.23219888809007072,-0.0036975356226977983,MarketWaitPage,29
1718908237.0,33.68,-0.2358964237187645,-0.23083105296652182,-0.005065370746218704,MarketWaitPage,29
1718908237.25,33.68,-0.2358964237187645,-0.22925137729504713,-0.006645046417673958,MarketWaitPage,29
1718908237.5,33.68,-0.2358964237187645,-0.2275108926919148,-0.00838553102079569,MarketWaitPage,29
1718908237.75,33.68,-0.2358964237187645,-0.2256614770104572,-0.01023494670225164,MarketWaitPage,29
1718908238.0,33.71,-0.1747034488815021,-0.22375457937053703,0.049051130495083056,MarketWaitPage,29
1718908238.25,33.71,-0.1747034488815021,-0.22183997789707185,0.047136529021600884,MarketWaitPage,29
1718908238.5,33.71,-0.1747034488815021,-0.2199646023264931,0.045261153450995316,MarketWaitPage,29
1718908238.75,33.71,-0.1747034488815021,-0.21817145123014728,0.043468002354612185,MarketWaitPage,29
1718908239.0,33.68,-0.2358964237187645,-0.21649863024435836,-0.019397793468487967,MarketWaitPage,29
1718908239.25,33.68,-0.2358964237187645,-0.21497853362449937,-0.02091789008840815,MarketWaitPage,29
1718908239.5,33.68,-0.2358964237187645,-0.21363718696602046,-0.022259236746960856,MarketWaitPage,29
1718908239.75,33.68,-0.2358964237187645,-0.2124937643529889,-0.023402659360078303,MarketWaitPage,29
1718908240.0,33.71,-0.1747034488815021,-0.2115602886905659,0.036856839814664255,MarketWaitPage,29
1718908240.25,33.71,-0.1747034488815021,-0.210841519593551,0.0361380707175432,MarketWaitPage,29
1718908240.5,33.71,-0.1747034488815021,-0.210335028874861,0.0356315799987395,MarketWaitPage,29
1718908240.75,33.71,-0.1747034488815021,-0.21003145932947448,0.03532801045323352,MarketWaitPage,29
1718908241.0,33.68,-0.2358964237187645,-0.20991495814581135,-0.025981465567815436,MarketWaitPage,29
1718908241.25,33.68,-0.2358964237187645,-0.20996377202335711,-0.025932651690395235,MarketWaitPage,29
1718908241.5,33.68,-0.2358964237187645,-0.21015098714295855,-0.02574543657091927,MarketWaitPage,29
1718908241.75,33.68,-0.2358964237187645,-0.21044539373015636,-0.025451029983844534,MarketWaitPage,29
1718908242.0,33.71,-0.1747034488815021,-0.2108124521832133,0.03610900330635651,MarketWaitPage,29
1718908242.25,33.71,-0.1747034488815021,-0.21121533558641417,0.0365118867094464,MarketWaitPage,29
1718908242.5,33.71,-0.1747034488815021,-0.2116160217846812,0.036912572907611796,MarketWaitPage,29
1718908242.75,33.71,-0.1747034488815021,-0.21197640694786885,0.03727295807070888,MarketWaitPage,29
1718908243.0,33.68,-0.2358964237187645,-0.21225941168644272,-0.023637012028057777,MarketWaitPage,29
1718908243.25,33.68,-0.2358964237187645,-0.2124300504111874,-0.023466373303377686,MarketWaitPage,29
1718908243.5,33.68,-0.2358964237187645,-0.2124564349695361,-0.02343998874507906,MarketWaitPage,29
1718908243.75,33.68,-0.2358964237187645,-0.2123106848547782,-0.02358573885987175,MarketWaitPage,29
1718908244.0,33.68,-0.2358964237187645,-0.2119697185973724,-0.02392670511729656,MarketWaitPage,29
1718908244.25,33.68,-0.2358964237187645,-0.21141590430270074,-0.02448051941197129,RoundResultsPage,29
1718908244.5,33.68,-0.2358964237187645,-0.21063755157429628,-0.025258872140362806,RoundResultsPage,29
1718908244.75,33.68,-0.2358964237187645,-0.2096292320663007,-0.026267191648329635,RoundResultsPage,29
1718908245.0,33.68,-0.2358964237187645,-0.20839192142735796,-0.027504502287228467,RoundResultsPage,29
1718908245.25,33.68,-0.2358964237187645,-0.20693296120506854,-0.028963462509459352,RoundResultsPage,29
1718908245.5,33.68,-0.2358964237187645,-0.20526584514439136,-0.030630578570064015,RoundResultsPage,29
1718908245.75,33.68,-0.2358964237187645,-0.203409839996531,-0.03248658371783838,RoundResultsPage,29
1718908246.0,33.71,-0.1747034488815021,-0.20138945620959434,0.026686007332586414,RoundResultsPage,29
1718908246.25,33.71,-0.1747034488815021,-0.19923378844545406,0.02453033956855786,RoundResultsPage,29
1718908246.5,33.71,-0.1747034488815021,-0.19697574951727523,0.022272300640502517,RoundResultsPage,29
1718908246.75,33.71,-0.1747034488815021,-0.19465122387910097,0.01994777500246208,RoundResultsPage,29
1718908247.0,33.71,-0.1747034488815021,-0.1922981681329279,0.017594719256431277,RoundResultsPage,29
1718908247.25,33.71,-0.1747034488815021,-0.18995568618205858,0.015252237305710386,RoundResultsPage,29
1718908247.5,33.71,-0.1747034488815021,-0.18766310578183823,0.012959656905642231,RoundResultsPage,29
1718908247.75,33.71,-0.1747034488815021,-0.18545908149608745,0.010755632620044742,RoundResultsPage,29
1718908248.0,33.71,-0.1747034488815021,-0.1833807466393884,0.008677297763497478,RoundResultsPage,29
1718908248.25,33.71,-0.1747034488815021,-0.18146293383569903,0.006759484959955785,RoundResultsPage,29
1718908248.5,33.71,-0.1747034488815021,-0.17973748049551913,0.0050340316199169385,RoundResultsPage,29
1718908248.75,33.71,-0.1747034488815021,-0.1782326319290287,0.0035291830535585586,RoundResultsPage,29
1718908249.0,33.73,-0.13390813232333687,-0.1769725510734963,0.04306441875631213,RoundResultsPage,29
1718908249.25,33.73,-0.13390813232333687,-0.1759769400067673,0.04206880768969046,RoundResultsPage,29
1718908249.5,33.73,-0.13390813232333687,-0.17526077463094664,0.041352642313961865,RoundResultsPage,29
1718908249.75,33.73,-0.13390813232333687,-0.17483415025648988,0.04092601793958017,RoundResultsPage,29
1718908250.0,33.68,-0.2358964237187645,-0.1747022324752205,-0.061194191237060394,RoundResultsPage,29
1718908250.25,33.68,-0.2358964237187645,-0.1748653049326017,-0.06103111877964262,RoundResultsPage,29
1718908250.5,33.68,-0.2358964237187645,-0.17531890367334926,-0.060577520038878827,RoundResultsPage,29
1718908250.75,33.68,-0.2358964237187645,-0.17605402684510538,-0.05984239686712642,RoundResultsPage,29
1718908251.0,33.71,-0.1747034488815021,-0.17705740872544407,0.0023539598504523293,RoundResultsPage,29
1718908251.25,33.71,-0.1747034488815021,-0.1783118480847469,0.003608399209715882,RoundResultsPage,29
1718908251.5,33.71,-0.1747034488815021,-0.17979658243996313,0.005093133564877936,RoundResultsPage,29
1718908251.75,33.71,-0.1747034488815021,-0.18148770137994194,0.0067842525047900025,RoundResultsPage,29
1718908252.0,33.71,-0.1747034488815021,-0.1833585935219107,0.008655144646681958,RoundResultsPage,29
1718908252.25,33.71,-0.1747034488815021,-0.18538042260124218,0.010676973725929462,RoundResultsPage,29
1718908252.5,33.71,-0.1747034488815021,-0.18752262864107652,0.01281917976567553,RoundResultsPage,29
1718908252.75,33.71,-0.1747034488815021,-0.18975345011333586,0.01505000123784513,RoundResultsPage,29
1718908253.0,33.71,-0.1747034488815021,-0.19204046254747703,0.017337013671897605,RoundResultsPage,29
1718908253.25,33.71,-0.1747034488815021,-0.1943511282499624,0.019647679374297237,RoundResultsPage,29
1718908253.5,33.71,-0.1747034488815021,-0.19665335076696586,0.021949901891219186,RoundResultsPage,29
1718908253.75,33.71,-0.1747034488815021,-0.198916026575974,0.02421257770015078,RoundResultsPage,29
1718908254.0,33.68,-0.2358964237187645,-0.20110958536929072,-0.03478683834386605,RoundResultsPage,29
1718908254.25,33.68,-0.2358964237187645,-0.20320650934999854,-0.03268991436322362,RoundResultsPage,29
1718908254.5,33.68,-0.2358964237187645,-0.20518182135076024,-0.030714602362521493,RoundResultsPage,29
1718908254.75,33.68,-0.2358964237187645,-0.20701353141423529,-0.028882892299100228,RoundResultsPage,29
1718908255.0,33.71,-0.1747034488815021,-0.20868303175129715,0.03397958287517593,RoundResultsPage,29
1718908255.25,33.71,-0.1747034488815021,-0.21017543061527957,0.03547198173911557,RiskPage1,29
1718908255.5,33.71,-0.1747034488815021,-0.21147981642000102,0.0367763675437988,RiskPage1,29
1718908255.75,33.71,-0.1747034488815021,-0.2125894442273494,0.037885995351112235,RiskPage1,29
1718908256.0,33.68,-0.2358964237187645,-0.21350183748616658,-0.022394586227366363,RiskPage1,29
1718908256.25,33.68,-0.2358964237187645,-0.21421879871230823,-0.02167762500125806,RiskPage1,29
1718908256.5,33.68,-0.2358964237187645,-0.21474632385962214,-0.021150099853978938,RiskPage1,29
1718908256.75,33.68,-0.2358964237187645,-0.21509441665483756,-0.020802007058801156,RiskPage1,29
1718908257.0,33.68,-0.2358964237187645,-0.21527680128592358,-0.02061962242775697,RiskPage1,29
1718908257.25,33.68,-0.2358964237187645,-0.215310534546817,-0.020585889166910877,RiskPage1,29
1718908257.5,33.68,-0.2358964237187645,-0.2152155217451658,-0.02068090196861593,RiskPage1,29
1718908257.75,33.68,-0.2358964237187645,-0.21501394420560518,-0.020882479508237507,RiskPage1,29
1718908258.0,33.68,-0.2358964237187645,-0.21472960985910036,-0.021166813854810257,RiskPage1,29
1718908258.25,33.68,-0.2358964237187645,-0.21438724200540002,-0.021509181708584794,RiskPage1,29
1718908258.5,33.68,-0.2358964237187645,-0.21401172467697369,-0.021884699037090415,RiskPage1,29
1718908258.75,33.68,-0.2358964237187645,-0.21362732592465503,-0.022269097789492157,RiskPage1,29
1718908259.0,33.71,-0.1747034488815021,-0.21325692259222628,0.038553473715256144,RiskPage1,29
1718908259.25,33.71,-0.1747034488815021,-0.21292125155721428,0.03821780268015822,RiskPage1,29
1718908259.5,33.71,-0.1747034488815021,-0.21263821281827586,0.03793476394113498,RiskPage1,29
1718908259.75,33.71,-0.1747034488815021,-0.21242224909949767,0.037718800222274675,RiskPage1,29
1718908260.0,33.68,-0.2358964237187645,-0.2122838248257647,-0.023612598888798617,RiskPage1,29
1718908260.25,33.68,-0.2358964237187645,-0.2122290245398916,-0.023667399174744155,RiskPage2,29
1718908260.5,33.68,-0.2358964237187645,-0.21225928730941154,-0.023637136405290166,RiskPage2,29
1718908260.75,33.68,-0.2358964237187645,-0.2123712896342525,-0.023525134080507625,RiskPage2,29
1718908261.0,33.73,-0.13390813232333687,-0.21255698494845943,0.07864885262907717,RiskPage2,29
1718908261.25,33.73,-0.13390813232333687,-0.21280380301516372,0.07889567069574133,RiskPage2,29
1718908261.5,33.73,-0.13390813232333687,-0.21309500727443395,0.07918687495498167,RiskPage2,29
1718908261.75,33.73,-0.13390813232333687,-0.21341020249361056,0.07950207017413857,RiskPage2,29
1718908262.0,33.68,-0.2358964237187645,-0.21372597903455523,-0.022170444680354562,RiskPage2,29
1718908262.25,33.68,-0.2358964237187645,-0.21401667405828337,-0.021879749656628013,RiskPage2,29
1718908262.5,33.68,-0.2358964237187645,-0.21425522455601162,-0.02164119915889399,RiskPage2,29
1718908262.75,33.68,-0.2358964237187645,-0.21441408275054627,-0.021482340964347528,RiskPage2,29
1718908263.0,33.68,-0.2358964237187645,-0.21446616152622355,-0.021430262188653813,RiskPage2,29
1718908263.25,33.68,-0.2358964237187645,-0.21438577626998698,-0.021510647444870783,RiskPage2,29
1718908263.5,33.68,-0.2358964237187645,-0.21414954979942633,-0.02174687391541015,RiskPage2,29
1718908263.75,33.68,-0.2358964237187645,-0.21373724876481395,-0.022159174950000943,RiskPage2,29
1718908264.0,33.68,-0.2358964237187645,-0.2131325228497989,-0.02276390086499507,RiskPage2,29
1718908264.25,33.68,-0.2358964237187645,-0.2123235220587895,-0.023572901655984815,RiskPage2,29
1718908264.5,33.68,-0.2358964237187645,-0.2113033721655565,-0.024593051549199788,RiskPage2,29
1718908264.75,33.68,-0.2358964237187645,-0.21007049380216875,-0.025825929912571148,RiskPage2,29
1718908265.0,33.68,-0.2358964237187645,-0.20862875648094548,-0.02726766723377943,RiskPage2,29
1718908265.25,33.68,-0.2358964237187645,-0.20698746484980216,-0.028908958864908713,RiskPage2,29
1718908265.5,33.68,-0.2358964237187645,-0.2051611804606809,-0.03073524325401599,RiskPage2,29
1718908265.75,33.68,-0.2358964237187645,-0.20316938804965173,-0.03272703566502998,RiskPage2,29
1718908266.0,33.71,-0.1747034488815021,-0.20103602054279693,0.026332571665395578,RiskPage2,29
1718908266.25,33.71,-0.1747034488815021,-0.19878886146342878,0.024085412586049636,RiskPage3,29
1718908266.5,33.71,-0.1747034488815021,-0.1964588468827684,0.021755398005416652,RiskPage3,29
1718908266.75,33.71,-0.1747034488815021,-0.19407929133728133,0.019375842459962447,RiskPage3,29
1718908267.0,33.73,-0.13390813232333687,-0.19168506313998318,0.05777693082086768,RiskPage3,29
1718908267.25,33.73,-0.13390813232333687,-0.18931173427346526,0.05540360195439226,RiskPage3,29
1718908267.5,33.73,-0.13390813232333687,-0.18699472871568093,0.05308659639665324,RiskPage3,29
1718908267.75,33.73,-0.13390813232333687,-0.1847684908524307,0.05086035853344907,RiskPage3,29
1718908268.0,33.68,-0.2358964237187645,-0.18266569289019646,-0.053230730824168224,RiskPage3,29
1718908268.25,33.68,-0.2358964237187645,-0.18071649728478142,-0.05517992642954246,RiskPage3,29
1718908268.5,33.68,-0.2358964237187645,-0.17894788754546154,-0.05694853616882712,RiskPage3,29
1718908268.75,33.68,-0.2358964237187645,-0.17738307867321565,-0.058513345041044454,RiskPage3,29
1718908269.0,33.71,-0.1747034488815021,-0.17604101705887612,0.0013375681818997356,RiskPage3,29
1718908269.25,33.71,-0.1747034488815021,-0.1749359787722299,0.0002325298952676122,RiskPage3,29
1718908269.5,33.71,-0.1747034488815021,-0.1740772744980409,-0.0006261743789140566,RiskPage3,29
1718908269.75,33.71,-0.1747034488815021,-0.1734690685406182,-0.0012343803363352966,RiskPage3,29
1718908270.0,33.73,-0.13390813232333687,-0.17311031800718082,0.039202185688389124,RiskPage3,29
1718908270.25,33.73,-0.13390813232333687,-0.1729948362967686,0.03908670397796961,RiskPage3,29
1718908270.5,33.73,-0.13390813232333687,-0.17311148229347978,0.039203349974671044,RiskPage3,29
1718908270.75,33.73,-0.13390813232333687,-0.17344447322164044,0.03953634090282073,RiskPage3,29
1718908271.0,33.73,-0.13390813232333687,-0.17397381509491014,0.04006568277607929,RiskPage3,29
1718908271.25,33.73,-0.13390813232333687,-0.1746758403059731,0.04076770798713175,RiskPage4,29
1718908271.5,33.73,-0.13390813232333687,-0.17552383746047007,0.04161570514161929,RiskPage4,29
1718908271.75,33.73,-0.13390813232333687,-0.17648875440585446,0.04258062208699552,RiskPage4,29
1718908272.0,33.68,-0.2358964237187645,-0.17753995190925131,-0.058356471805042276,RiskPage4,29
1718908272.25,33.68,-0.2358964237187645,-0.1786459829635915,-0.05725044075070834,RiskPage4,29
1718908272.5,33.68,-0.2358964237187645,-0.1797753715784995,-0.05612105213580583,RiskPage4,29
1718908272.75,33.68,-0.2358964237187645,-0.18089736536784665,-0.05499905834646316,RiskPage4,29
1718908273.0,33.68,-0.2358964237187645,-0.18198263831915387,-0.05391378539515887,RiskPage4,29
1718908273.25,33.68,-0.2358964237187645,-0.18300392363589463,-0.0528925000784187,RiskPage4,29
1718908273.5,33.68,-0.2358964237187645,-0.18393656111166293,-0.05195986260264774,RiskPage4,29
1718908273.75,33.68,-0.2358964237187645,-0.184758948653203,-0.051137475061101,RiskPage4,29
1718908274.0,33.73,-0.13390813232333687,-0.18545289281473754,0.051544760495872546,RiskPage4,29
1718908274.25,33.73,-0.13390813232333687,-0.18600385804599306,0.052095725727144826,RiskPage4,29
1718908274.5,33.73,-0.13390813232333687,-0.18640111834806886,0.05249298602924322,RiskPage4,29
1718908274.75,33.73,-0.13390813232333687,-0.18663781785213848,0.05272968553334123,RiskPage4,29
1718908275.0,33.71,-0.1747034488815021,-0.18671094836556273,0.012007499488633885,RiskPage4,29
1718908275.25,33.71,-0.1747034488815021,-0.1866212522848907,0.011917803408000104,RiskPage4,29
1718908275.5,33.71,-0.1747034488815021,-0.1863730587555317,0.011669609878683127,RiskPage4,29
1718908275.75,33.71,-0.1747034488815021,-0.18597405993426497,0.011270611057461338,RiskPage4,29
1718908276.0,33.71,-0.1747034488815021,-0.1854350330198074,0.01073158414305074,RiskPage4,29
1718908276.25,33.71,-0.1747034488815021,-0.18476951261122757,0.010066063734518852,PreMarketWait,30
1718908276.5,33.71,-0.1747034488815021,-0.18399341710896727,0.009289968232306194,PreMarketWait,30
1718908276.75,33.71,-0.1747034488815021,-0.1831246324166379,0.00842118354002247,PreMarketWait,30
1718908277.0,33.68,-0.2358964237187645,-0.18218255624072854,-0.05371386747310781,PreMarketWait,30
1718908277.25,33.68,-0.2358964237187645,-0.1811876069128584,-0.05470881680094306,PreMarketWait,30
1718908277.5,33.68,-0.2358964237187645,-0.1801607019366777,-0.05573572177709764,PreMarketWait,30
1718908277.75,33.68,-0.2358964237187645,-0.1791227133764356,-0.05677371033732395,PreMarketWait,30
1718908278.0,33.71,-0.1747034488815021,-0.17809390961957414,0.003390460743081296,PreMarketWait,30
1718908278.25,33.71,-0.1747034488815021,-0.17709339568088744,0.002389946804386856,PreMarketWait,30
1718908278.5,33.71,-0.1747034488815021,-0.17613856668912503,0.0014351178126046152,PreMarketWait,30
1718908278.75,33.71,-0.1747034488815021,-0.17524459111738513,0.0005411422408330754,PreMarketWait,30
1718908279.0,33.73,-0.13390813232333687,-0.17442394137817438,0.04051580905974457,PreMarketWait,30
1718908279.25,33.73,-0.13390813232333687,-0.17368598942388463,0.039777857105401423,PreMarketWait,30
1718908279.5,33.73,-0.13390813232333687,-0.17303668391912683,0.039128551600580624,PreMarketWait,30
1718908279.75,33.73,-0.13390813232333687,-0.1724783234311724,0.038570191112554456,PreMarketWait,30
1718908280.0,33.71,-0.1747034488815021,-0.17200943706163316,-0.0026940118152295536,PreMarketWait,30
1718908280.25,33.71,-0.1747034488815021,-0.17162478024742786,-0.0030786686295211987,PreMarketWait,30
1718908280.5,33.71,-0.1747034488815021,-0.17131544937811807,-0.0033879994989232352,PreMarketWait,30
1718908280.75,33.71,-0.1747034488815021,-0.17106911468988878,-0.0036343341872498124,PreMarketWait,30
1718908281.0,33.73,-0.13390813232333687,-0.17087036681761536,0.03696223449854063,PreMarketWait,30
1718908281.25,33.73,-0.13390813232333687,-0.17070116853869258,0.036793036219513145,PreMarketWait,30
1718908281.5,33.73,-0.13390813232333687,-0.17054139968400484,0.036633267364718045,PreMarketWait,30
1718908281.75,33.73,-0.13390813232333687,-0.17036947997796664,0.03646134765857062,PreMarketWait,30
1718908282.0,33.68,-0.2358964237187645,-0.17016305181429175,-0.0657333719006421,PreMarketWait,30
1718908282.25,33.68,-0.2358964237187645,-0.16989970286903688,-0.06599672084600719,PreMarketWait,30
1718908282.5,33.68,-0.2358964237187645,-0.16955770722357127,-0.06633871649158143,PreMarketWait,30
1718908282.75,33.68,-0.2358964237187645,-0.16911676347482013,-0.06677966024043748,PreMarketWait,30
1718908283.0,33.73,-0.13390813232333687,-0.1685587091263356,0.03465057680640696,PreMarketWait,30
1718908283.25,33.73,-0.13390813232333687,-0.1678681921359059,0.033960059815887594,PreMarketWait,30
1718908283.5,33.73,-0.13390813232333687,-0.16703328244220825,0.03312515012211206,PreMarketWait,30
1718908283.75,33.73,-0.13390813232333687,-0.16604600819970722,0.03213787587954697,PreMarketWait,30
1718908284.0,33.73,-0.13390813232333687,-0.16490280306194877,0.03099467074173947,PreMarketWait,30
1718908284.25,33.73,-0.13390813232333687,-0.16360485213258896,0.02969671981234607,PreMarketWait,30
1718908284.5,33.73,-0.13390813232333687,-0.16215832530265187,0.028250192982390687,PreMarketWait,30
1718908284.75,33.73,-0.13390813232333687,-0.16057448786705336,0.02666635554678869,PreMarketWait,30
1718908285.0,33.68,-0.2358964237187645,-0.15886967985043507,-0.07702674386524659,PreMarketWait,30
1718908285.25,33.68,-0.2358964237187645,-0.15706515764824297,-0.07883126606741472,PreMarketWait,30
1718908285.5,33.68,-0.2358964237187645,-0.1551867946272205,-0.08070962908840068,PreMarketWait,30
1718908285.75,33.68,-0.2358964237187645,-0.1532646413285816,-0.08263178238699095,PreMarketWait,30
1718908286.0,33.73,-0.13390813232333687,-0.15133235076667173,0.017424218446587272,PreMarketWait,30
1718908286.25,33.73,-0.13390813232333687,-0.14942647966481948,0.015518347344807198,PreMarketWait,30
1718908286.5,33.73,-0.13390813232333687,-0.1475856817972735,0.01367754947734455,PreMarketWait,30
1718908286.75,33.73,-0.13390813232333687,-0.14584981437335526,0.011941682053519809,PreMarketWait,30
1718908287.0,33.73,-0.13390813232333687,-0.14425898220486066,0.010350849885127586,PreMarketWait,30
1718908287.25,33.73,-0.13390813232333687,-0.14285254704531672,0.008944414725693234,PreMarketWait,30
1718908287.5,33.73,-0.13390813232333687,-0.14166813096194145,0.007759998642432788,PreMarketWait,30
1718908287.75,33.73,-0.13390813232333687,-0.14074064297490801,0.0068325106555172654,PreMarketWait,30
1718908288.0,33.73,-0.13390813232333687,-0.140101357576722,0.006193225257450096,PreMarketWait,30
1718908288.25,33.73,-0.13390813232333687,-0.1397770722250265,0.0058689399058718845,PreMarketWait,30
1718908288.5,33.73,-0.13390813232333687,-0.13978936857102808,0.005881236251986867,PreMarketWait,30
1718908288.75,33.73,-0.13390813232333687,-0.14015399911841378,0.006245866799480087,PreMarketWait,30
1718908289.0,33.75,-0.0931128157651571,-0.1408804172715929,0.047767601510939076,PreMarketWait,30
1718908289.25,33.75,-0.0931128157651571,-0.1419714643929074,0.04885864863234514,PreMarketWait,30
1718908289.5,33.75,-0.0931128157651571,-0.14342322262561905,0.05031040686513883,PreMarketWait,30
1718908289.75,33.75,-0.0931128157651571,-0.14522503697744063,0.052112221217031865,PreMarketWait,30
1718908290.0,33.71,-0.1747034488815021,-0.1473597047034407,-0.027343744173253193,PreMarketWait,30
1718908290.25,33.71,-0.1747034488815021,-0.14980382467572934,-0.02489962420091718,PreMarketWait,30
1718908290.5,33.71,-0.1747034488815021,-0.152528294533604,-0.02217515434300794,PreMarketWait,30
1718908290.75,33.71,-0.1747034488815021,-0.15549893929378142,-0.019204509582808536,PreMarketWait,30
1718908291.0,33.71,-0.1747034488815021,-0.1586772519650946,-0.01602619691148542,PreMarketWait,30
1718908291.25,33.71,-0.1747034488815021,-0.16202122459065324,-0.012682224285928138,PreMarketWait,30
1718908291.5,33.71,-0.1747034488815021,-0.1654862469346573,-0.009217201941935458,PreMarketWait,30
1718908291.75,33.71,-0.1747034488815021,-0.1690260495783032,-0.005677399298309373,PreMarketWait,30
1718908292.0,33.71,-0.1747034488815021,-0.1725936683208276,-0.0021097805558113955,PreMarketWait,30
1718908292.25,33.71,-0.1747034488815021,-0.17614240735074557,0.0014389584740755017,PreMarketWait,30
1718908292.5,33.71,-0.1747034488815021,-0.17962677954176334,0.004923330665059705,PreMarketWait,30
1718908292.75,33.71,-0.1747034488815021,-0.18300340335250276,0.008299954475765214,PreMarketWait,30
1718908293.0,33.71,-0.1747034488815021,-0.1862318371163882,0.011528388239618406,PreMarketWait,30
1718908293.25,33.71,-0.1747034488815021,-0.189275332977908,0.014571884101109229,PreMarketWait,30
1718908293.5,33.71,-0.1747034488815021,-0.1921014943766665,0.01739804549984289,PreMarketWait,30
1718908293.75,33.71,-0.1747034488815021,-0.19468282284591046,0.01997937396906649,PreMarketWait,30
1718908294.0,33.68,-0.2358964237187645,-0.19699714205276592,-0.03889928166135638,PreMarketWait,30
1718908294.25,33.68,-0.2358964237187645,-0.19902788956261036,-0.03686853415152386,PreMarketWait,30
1718908294.5,33.68,-0.2358964237187645,-0.20076426986212054,-0.03513215385202204,PreMarketWait,30
1718908294.75,33.68,-0.2358964237187645,-0.2022012657859846,-0.03369515792816324,PreMarketWait,30
1718908295.0,33.68,-0.2358964237187645,-0.2033395096291416,-0.03255691408500866,PreMarketWait,30
1718908295.25,33.68,-0.2358964237187645,-0.20418501973863123,-0.031711403975518276,PreMarketWait,30
1718908295.5,33.68,-0.2358964237187645,-0.20474881301729997,-0.031147610696844946,PreMarketWait,30
1718908295.75,33.68,-0.2358964237187645,-0.2050464082355147,-0.03085001547862084,PreMarketWait,30
1718908296.0,33.71,-0.1747034488815021,-0.20509723902536103,0.030393790148503082,PreMarketWait,30
1718908296.25,33.71,-0.1747034488815021,-0.204923998623917,0.03022054974708116,MarketGridChoice,30
1718908296.5,33.71,-0.1747034488815021,-0.2045519405700322,0.029848491693226065,MarketGridChoice,30
1718908296.75,33.71,-0.1747034488815021,-0.2040081604469281,0.02930471157015939,MarketGridChoice,30
1718908297.0,33.71,-0.1747034488815021,-0.20332088332534828,0.028617434448624333,MarketGridChoice,30
1718908297.25,33.71,-0.1747034488815021,-0.20251877986472763,0.02781533098805486,MarketGridChoice,30
1718908297.5,33.71,-0.1747034488815021,-0.2016303312545464,0.02692688237792979,MarketGridChoice,30
1718908297.75,33.71,-0.1747034488815021,-0.2006832595701048,0.025979810693547642,MarketGridChoice,30
1718908298.0,33.71,-0.1747034488815021,-0.1997040359421622,0.025000587065666068,MarketGridChoice,30
1718908298.25,33.71,-0.1747034488815021,-0.19871747446349575,0.024014025587060703,MarketGridChoice,30
1718908298.5,33.71,-0.1747034488815021,-0.19774641523610464,0.02304296635972936,MarketGridChoice,30
1718908298.75,33.71,-0.1747034488815021,-0.19681149565120687,0.02210804677488871,MarketGridChoice,30
1718908299.0,33.68,-0.2358964237187645,-0.19593100513193787,-0.039965418581589286,MarketGridChoice,30
1718908299.25,33.68,-0.2358964237187645,-0.19512081538292805,-0.040775608330550356,MarketGridChoice,30
1718908299.5,33.68,-0.2358964237187645,-0.1943943758748186,-0.04150204783861629,MarketGridChoice,30
1718908299.75,33.68,-0.2358964237187645,-0.1937627629626137,-0.04213366075078329,MarketGridChoice,30
1718908300.0,33.71,-0.1747034488815021,-0.19323477068678988,0.01853132181068741,MarketGridChoice,30
1718908300.25,33.71,-0.1747034488815021,-0.19281703178447365,0.018113582908397673,MarketGridChoice,30
1718908300.5,33.71,-0.1747034488815021,-0.19251415849448825,0.017810709618433507,MarketGridChoice,30
1718908300.75,33.71,-0.1747034488815021,-0.19232889411773232,0.01762544524169422,MarketGridChoice,30
1718908301.0,33.68,-0.2358964237187645,-0.19226226782196493,-0.043634155891322815,MarketGridChoice,30
1718908301.25,33.68,-0.2358964237187645,-0.19231374681098587,-0.04358267690229207,MarketGridChoice,30
1718908301.5,33.68,-0.2358964237187645,-0.1924813817534222,-0.0434150419598478,MarketGridChoice,30
1718908301.75,33.68,-0.2358964237187645,-0.19276194332406218,-0.04313448038920042,MarketGridChoice,30
1718908302.0,33.71,-0.1747034488815021,-0.19315104979592046,0.018447600919928822,MarketGridChoice,30
1718908302.25,33.71,-0.1747034488815021,-0.19364328764891064,0.018939838772931025,MarketGridChoice,30
1718908302.5,33.71,-0.1747034488815021,-0.19423232885505207,0.019528879979090134,MarketGridChoice,30
1718908302.75,33.71,-0.1747034488815021,-0.19491104958597955,0.0202076007100425,MarketGridChoice,30
1718908303.0,33.71,-0.1747034488815021,-0.1956716553862161,0.02096820651031233,MarketGridChoice,30
1718908303.25,33.71,-0.1747034488815021,-0.19650581732384004,0.021802368447979,MarketGridChoice,30
1718908303.5,33.71,-0.1747034488815021,-0.19740482234858067,0.022701373472772415,MarketGridChoice,30
1718908303.75,33.71,-0.1747034488815021,-0.19835973920812533,0.023656290332379974,MarketGridChoice,30
1718908304.0,33.71,-0.1747034488815021,-0.1993615989799831,0.024658150104310307,MarketGridChoice,30
1718908304.25,33.71,-0.1747034488815021,-0.2004015867646727,0.02569813788908118,MarketGridChoice,30
1718908304.5,33.71,-0.1747034488815021,-0.20147123856057894,0.02676778968507586,MarketGridChoice,30
1718908304.75,33.71,-0.1747034488815021,-0.2025626350141355,0.02785918613872593,MarketGridChoice,30
1718908305.0,33.68,-0.2358964237187645,-0.20366858183187853,-0.03222784188069728,MarketGridChoice,30
1718908305.25,33.68,-0.2358964237187645,-0.2047827653778846,-0.03111365833459527,MarketGridChoice,30
1718908305.5,33.68,-0.2358964237187645,-0.20589987157017012,-0.02999655214221695,MarketGridChoice,30
1718908305.75,33.68,-0.2358964237187645,-0.20701565678475553,-0.028880766927545102,MarketGridChoice,30
1718908306.0,33.68,-0.2358964237187645,-0.20812696112119486,-0.02776946259102868,MarketGridChoice,30
1718908306.25,33.68,-0.2358964237187645,-0.2092316569930239,-0.02666476671913451,MarketGridChoice,30
1718908306.5,33.68,-0.2358964237187645,-0.2103285293885475,-0.025567894323559968,MarketGridChoice,30
1718908306.75,33.68,-0.2358964237187645,-0.2114170880528681,-0.02447933565920441,MarketGridChoice,30
1718908307.0,33.68,-0.2358964237187645,-0.21249731600752297,-0.02339910770453182,MarketGridChoice,30
1718908307.25,33.68,-0.2358964237187645,-0.21356936299079082,-0.022327060721264044,MarketGridChoice,30
1718908307.5,33.68,-0.2358964237187645,-0.21463319632062874,-0.02126322739144349,MarketGridChoice,30
1718908307.75,33.68,-0.2358964237187645,-0.21568822511452523,-0.020208198597580412,MarketGridChoice,30
1718908308.0,33.71,-0.1747034488815021,-0.21673291651823334,0.04202946764334247,MarketGridChoice,30
1718908308.25,33.71,-0.1747034488815021,-0.2177644243859793,0.0430609755110284,MarketGridChoice,30
1718908308.5,33.71,-0.1747034488815021,-0.21877825154102987,0.04407480266600771,MarketGridChoice,30
1718908308.75,33.71,-0.1747034488815021,-0.21976796622702152,0.04506451735191727,MarketGridChoice,30
1718908309.0,33.68,-0.2358964237187645,-0.22072499166320841,-0.015171432049251393,MarketGridChoice,30
1718908309.25,33.68,-0.2358964237187645,-0.22163848491149998,-0.014257938801064539,MarketGridChoice,30
1718908309.5,33.68,-0.2358964237187645,-0.22249531782218573,-0.013401105890495032,MarketGridChoice,30
1718908309.75,33.68,-0.2358964237187645,-0.22328016893032607,-0.012616254782481746,MarketGridChoice,30
1718908310.0,33.71,-0.1747034488815021,-0.22397573102531082,0.04927228214962925,MarketGridChoice,30
1718908310.25,33.71,-0.1747034488815021,-0.22456303479081896,0.04985958591499458,MarketGridChoice,30
1718908310.5,33.71,-0.1747034488815021,-0.22502188440700066,0.0503184355310296,MarketGridChoice,30
1718908310.75,33.71,-0.1747034488815021,-0.22533139632461796,0.050627947448499265,MarketGridChoice,30
1718908311.0,33.68,-0.2358964237187645,-0.22547062766421377,-0.010425796049312923,MarketGridChoice,30
1718908311.25,33.68,-0.2358964237187645,-0.22541927609992277,-0.010477147613744603,MarketGridChoice,30
1718908311.5,33.68,-0.2358964237187645,-0.22515842899182836,-0.01073799472197183,MarketGridChoice,30
1718908311.75,33.68,-0.2358964237187645,-0.22467133627138908,-0.011225087442533185,MarketGridChoice,30
1718908312.0,33.68,-0.2358964237187645,-0.22394417941058245,-0.01195224430344807,MarketGridChoice,30
1718908312.25,33.68,-0.2358964237187645,-0.22296680783228492,-0.012929615881836685,MarketGridChoice,30
1718908312.5,33.68,-0.2358964237187645,-0.22173341434496494,-0.014163009369227406,MarketGridChoice,30
1718908312.75,33.68,-0.2358964237187645,-0.22024312253738715,-0.01565330117685317,MarketGridChoice,30
1718908313.0,33.68,-0.2358964237187645,-0.2185004614472738,-0.017395962266990146,MarketGridChoice,30
1718908313.25,33.68,-0.2358964237187645,-0.2165157061078256,-0.019380717606436847,MarketGridChoice,30
1718908313.5,33.68,-0.2358964237187645,-0.21430506665400353,-0.021591357060232276,MarketGridChoice,30
1718908313.75,33.68,-0.2358964237187645,-0.21189071340133067,-0.024005710312853965,MarketGridChoice,30
1718908314.0,33.68,-0.2358964237187645,-0.20930063054464226,-0.02659579316946771,MarketGridChoice,30
1718908314.25,33.68,-0.2358964237187645,-0.20656829669750273,-0.029328127016510334,MarketGridChoice,30
1718908314.5,33.68,-0.2358964237187645,-0.20373219622138805,-0.03216422749250716,MarketGridChoice,30
1718908314.75,33.68,-0.2358964237187645,-0.20083517097328837,-0.03506125274046931,MarketGridChoice,30
1718908315.0,33.71,-0.1747034488815021,-0.19792362750555187,0.02322017862921215,MarketGridChoice,30
1718908315.25,33.71,-0.1747034488815021,-0.19504661963878406,0.02034317076261598,MarketGridChoice,30
1718908315.5,33.71,-0.1747034488815021,-0.1922548304536988,0.01755138157771601,MarketGridChoice,30
1718908315.75,33.71,-0.1747034488815021,-0.18959948090821263,0.014896032032425871,MarketGridChoice,30
1718908316.0,33.71,-0.1747034488815021,-0.1871311943696537,0.012427745494070294,MarketGridChoice,30
1718908316.25,33.71,-0.1747034488815021,-0.18489884736056447,0.010195398485188002,MarketGridChoice,30
1718908316.5,33.71,-0.1747034488815021,-0.18294843684294057,0.008244987967770713,MarketGridChoice,30
1718908316.75,33.71,-0.1747034488815021,-0.18132199354406311,0.006618544669095575,MarketGridChoice,30
1718908317.0,33.71,-0.1747034488815021,-0.18005656929245056,0.005353120417677253,MarketGridChoice,30
1718908317.25,33.71,-0.1747034488815021,-0.17918332420307614,0.004479875328485285,ForecastPage,30
1718908317.5,33.71,-0.1747034488815021,-0.1787267369253149,0.004023288050891166,ForecastPage,30
1718908317.75,33.71,-0.1747034488815021,-0.17870395812582573,0.004000509251550238,ForecastPage,30
1718908318.0,33.71,-0.1747034488815021,-0.1791243239877022,0.004420875113553055,ForecastPage,30
1718908318.25,33.71,-0.1747034488815021,-0.17998904282125755,0.0052855939472103005,ForecastPage,30
1718908318.5,33.71,-0.1747034488815021,-0.1812910639473811,0.0065876150734093895,ForecastPage,30
1718908318.75,33.71,-0.1747034488815021,-0.18301513387409676,0.008311685000173276,ForecastPage,30
1718908319.0,33.71,-0.1747034488815021,-0.18513804048323776,0.010434591609334909,ForecastPage,30
1718908319.25,33.71,-0.1747034488815021,-0.18762904152343438,0.012925592649524762,ForecastPage,30
1718908319.5,33.71,-0.1747034488815021,-0.19045046922229414,0.015747020348350835,ForecastPage,30
1718908319.75,33.71,-0.1747034488815021,-0.1935584983511134,0.018855049477110444,ForecastPage,30
1718908320.0,33.71,-0.1747034488815021,-0.19690406068190233,0.02220061180781517,ForecastPage,30
1718908320.25,33.71,-0.1747034488815021,-0.20043388457059763,0.025730435696403618,ForecastPage,30
1718908320.5,33.71,-0.1747034488815021,-0.20409163450656928,0.029388185632248064,ForecastPage,30
1718908320.75,33.71,-0.1747034488815021,-0.20781912203721972,0.033115673162753614,ForecastPage,30
1718908321.0,33.68,-0.2358964237187645,-0.21155755668583942,-0.024338867026048677,ForecastPage,30
1718908321.25,33.68,-0.2358964237187645,-0.21524880353417286,-0.020647620177886433,ForecastPage,30
1718908321.5,33.68,-0.2358964237187645,-0.21883661324881185,-0.01705981046342709,ForecastPage,30
1718908321.75,33.68,-0.2358964237187645,-0.22226779066954963,-0.01362863304287386,ForecastPage,30
1718908322.0,33.66,-0.27669174027694426,-0.2254932697417691,-0.05119847052902007,ForecastPage,30
1718908322.25,33.66,-0.27669174027694426,-0.2284690655472953,-0.04822267472367768,ForecastPage,30
1718908322.5,33.66,-0.27669174027694426,-0.2311570783523298,-0.045534661918821814,ForecastPage,30
1718908322.75,33.66,-0.27669174027694426,-0.23352572975181993,-0.04316601051950229,ForecastPage,30
1718908323.0,33.68,-0.2358964237187645,-0.23555041688024217,-0.00034600683306051927,ForecastPage,30
1718908323.25,33.68,-0.2358964237187645,-0.23721377694665827,0.001317353233207405,ForecastPage,30
1718908323.5,33.68,-0.2358964237187645,-0.23850576066981763,0.0026093369562318995,ForecastPage,30
1718908323.75,33.68,-0.2358964237187645,-0.23942351919453453,0.0035270954808279496,ForecastPage,30
1718908324.0,33.68,-0.2358964237187645,-0.23997111450426456,0.004074690790451288,ForecastPage,30
1718908324.25,33.68,-0.2358964237187645,-0.24015906805614792,0.004262644342241575,ForecastPage,30
1718908324.5,33.68,-0.2358964237187645,-0.2400037662963264,0.004107342582339309,ForecastPage,30
1718908324.75,33.68,-0.2358964237187645,-0.23952674486428052,0.00363032115022348,ForecastPage,30
1718908325.0,33.68,-0.2358964237187645,-0.23875387568982775,0.002857451975709892,ForecastPage,30
1718908325.25,33.68,-0.2358964237187645,-0.23771448285877575,0.001818059144604662,ForecastPage,30
1718908325.5,33.68,-0.2358964237187645,-0.23644041410885755,0.000543990394639246,ForecastPage,30
1718908325.75,33.68,-0.2358964237187645,-0.23496509515109984,-0.0009313285631609922,ForecastPage,30
1718908326.0,33.68,-0.2358964237187645,-0.23332259372365524,-0.0025738299906447916,ForecastPage,30
1718908326.25,33.68,-0.2358964237187645,-0.23154671939893814,-0.0043497043153989355,ForecastPage,30
1718908326.5,33.68,-0.2358964237187645,-0.2296701836948922,-0.006226240019480848,ForecastPage,30
1718908326.75,33.68,-0.2358964237187645,-0.22772384299011378,-0.00817258072429482,ForecastPage,30
1718908327.0,33.71,-0.1747034488815021,-0.22573604410027404,0.05103259522309242,ForecastPage,30
1718908327.25,33.71,-0.1747034488815021,-0.22373208912036646,0.04902864024314967,ForecastPage,30
1718908327.5,33.71,-0.1747034488815021,-0.2217338322632081,0.04703038338595661,ForecastPage,30
1718908327.75,33.71,-0.1747034488815021,-0.2197594169685711,0.04505596809128572,ForecastPage,30
1718908328.0,33.68,-0.2358964237187645,-0.21782315665730778,-0.018073267057272316,ForecastPage,30
1718908328.25,33.68,-0.2358964237187645,-0.21593555741558595,-0.019960866299023786,ForecastPage,30
1718908328.5,33.68,-0.2358964237187645,-0.214103475944198,-0.02179294777043729,ForecastPage,30
1718908328.75,33.68,-0.2358964237187645,-0.21233040160673403,-0.023566022107921317,ForecastPage,30
1718908329.0,33.71,-0.1747034488815021,-0.2106168475583375,0.035913398680931345,ForecastPage,30
1718908329.25,33.71,-0.1747034488815021,-0.20896083278653962,0.034257383909128164,ForecastPage,30
1718908329.5,33.71,-0.1747034488815021,-0.2073584343910023,0.0326549855135944,ForecastPage,30
1718908329.75,33.71,-0.1747034488815021,-0.20580438749654312,0.031100938619148165,ForecastPage,30
1718908330.0,33.68,-0.2358964237187645,-0.20429270883516526,-0.03160371487946979,ForecastPage,30
1718908330.25,33.68,-0.2358964237187645,-0.2028173193629851,-0.033079104351618586,ForecastPage,30
1718908330.5,33.68,-0.2358964237187645,-0.20137264148794,-0.03452378222662363,ForecastPage,30
1718908330.75,33.68,-0.2358964237187645,-0.1999541477499527,-0.035942275964562446,ForecastPage,30
1718908331.0,33.68,-0.2358964237187645,-0.1985588401861879,-0.03733758352827051,ForecastPage,30
1718908331.25,33.68,-0.2358964237187645,-0.1971856430503325,-0.03871078066406074,ForecastPage,30
1718908331.5,33.68,-0.2358964237187645,-0.19583569582620333,-0.040060727888115766,ForecastPage,30
1718908331.75,33.68,-0.2358964237187645,-0.194512538291689,-0.041383885422546327,ForecastPage,30
1718908332.0,33.71,-0.1747034488815021,-0.19322218442050235,0.018518735543623356,ForecastPage,30
1718908332.25,33.71,-0.1747034488815021,-0.1919730868148535,0.0172696379380788,ForecastPage,30
1718908332.5,33.71,-0.1747034488815021,-0.19077599781208834,0.016072548935428047,ForecastPage,30
1718908332.75,33.71,-0.1747034488815021,-0.18964373712709995,0.014940288250563453,ForecastPage,30
1718908333.0,33.71,-0.1747034488815021,-0.18859087870930424,0.0138874298328997,ForecastPage,30
1718908333.25,33.71,-0.1747034488815021,-0.1876333713662151,0.012929922489948821,ForecastPage,30
1718908333.5,33.71,-0.1747034488815021,-0.18678810869880869,0.012084659822684604,ForecastPage,30
1718908333.75,33.71,-0.1747034488815021,-0.18607246412650638,0.011369015250525458,ForecastPage,30
1718908334.0,33.71,-0.1747034488815021,-0.1855038063860024,0.010800357510161937,ForecastPage,30
1718908334.25,33.71,-0.1747034488815021,-0.18509900999852344,0.010395561122817018,ForecastPage,30
1718908334.5,33.71,-0.1747034488815021,-0.18487397393645869,0.010170525060875991,ForecastPage,30
1718908334.75,33.71,-0.1747034488815021,-0.18484316019696154,0.010139711321488373,ForecastPage,30
1718908335.0,33.71,-0.1747034488815021,-0.1850191623149555,0.010315713439573965,ForecastPage,30
1718908335.25,33.71,-0.1747034488815021,-0.18541231212370582,0.010708863248394668,ForecastPage,30
1718908335.5,33.71,-0.1747034488815021,-0.1860303313968854,0.011326882521620594,ForecastPage,30
1718908335.75,33.71,-0.1747034488815021,-0.18687803347907067,0.012174584603825951,ForecastPage,30
1718908336.0,33.68,-0.2358964237187645,-0.18795707872835377,-0.04793934498416114,ForecastPage,30
1718908336.25,33.68,-0.2358964237187645,-0.18926578664793572,-0.04663063706461562,ForecastPage,30
1718908336.5,33.68,-0.2358964237187645,-0.19079900704451289,-0.04509741666810286,ForecastPage,30
1718908336.75,33.68,-0.2358964237187645,-0.19254805243020182,-0.04334837128250389,ForecastPage,30
1718908337.0,33.71,-0.1747034488815021,-0.19450069408321677,0.019797245207661823,ForecastPage,30
1718908337.25,33.71,-0.1747034488815021,-0.19664122447711915,0.02193777560143586,ForecastPage,30
1718908337.5,33.71,-0.1747034488815021,-0.19895058887590283,0.024247140000080027,ForecastPage,30
1718908337.75,33.71,-0.1747034488815021,-0.20140658848337928,0.02670313960741146,ForecastPage,30
1718908338.0,33.71,-0.1747034488815021,-0.20398415644943405,0.02928070757332145,ForecastPage,30
1718908338.25,33.71,-0.1747034488815021,-0.2066557062449507,0.03195225736869869,ForecastPage,30
1718908338.5,33.71,-0.1747034488815021,-0.20939154953010178,0.03468810065372026,ForecastPage,30
1718908338.75,33.71,-0.1747034488815021,-0.2121603778541094,0.037456928977612096,ForecastPage,30
1718908339.0,33.68,-0.2358964237187645,-0.2149297995824736,-0.020966624131385017,ForecastPage,30
1718908339.25,33.68,-0.2358964237187645,-0.2176669206178008,-0.018229503096137745,ForecastPage,30
1718908339.5,33.68,-0.2358964237187645,-0.22033895503052742,-0.015557468683470976,ForecastPage,30
1718908339.75,33.68,-0.2358964237187645,-0.22291384987205246,-0.012982573841985617,ForecastPage,30
1718908340.0,33.68,-0.2358964237187645,-0.22536090733940908,-0.010535516374649166,ForecastPage,30
1718908340.25,33.68,-0.2358964237187645,-0.22765138711685157,-0.008245036597208936,ForecastPage,30
1718908340.5,33.68,-0.2358964237187645,-0.22975907206285667,-0.0061373516511903006,ForecastPage,30
1718908340.75,33.68,-0.2358964237187645,-0.23166078132591839,-0.004235642388101589,ForecastPage,30
1718908341.0,33.68,-0.2358964237187645,-0.23333681634260778,-0.0025596073713740446,ForecastPage,30
1718908341.25,33.68,-0.2358964237187645,-0.23477132689706345,-0.0011250968168713925,ForecastPage,30
1718908341.5,33.68,-0.2358964237187645,-0.23595258642328718,5.6162709405898834e-05,ForecastPage,30
1718908341.75,33.68,-0.2358964237187645,-0.2368731679506641,0.0009767442368407648,ForecastPage,30
1718908342.0,33.68,-0.2358964237187645,-0.2375300144868533,0.0016335907730899574,ForecastPage,30
1718908342.25,33.68,-0.2358964237187645,-0.2379244001739141,0.002027976460210261,ForecastPage,30
1718908342.5,33.68,-0.2358964237187645,-0.23806178122981025,0.002165357516162759,ForecastPage,30
1718908342.75,33.68,-0.2358964237187645,-0.2379515384957774,0.0020551147821806686,ForecastPage,30
1718908343.0,33.66,-0.27669174027694426,-0.23760661635614355,-0.03908512391559015,ForecastPage,30
1718908343.25,33.66,-0.27669174027694426,-0.23704306588917604,-0.03964867438252526,ForecastPage,30
1718908343.5,33.66,-0.27669174027694426,-0.23627950334052156,-0.04041223693115981,ForecastPage,30
1718908343.75,33.66,-0.27669174027694426,-0.23533649833669726,-0.04135524193497824,ForecastPage,30
1718908344.0,33.68,-0.2358964237187645,-0.23423590954815268,-0.0016605141653521505,ForecastPage,30
1718908344.25,33.68,-0.2358964237187645,-0.2330001885498917,-0.0028962351636372587,ForecastPage,30
1718908344.5,33.68,-0.2358964237187645,-0.23165167512633753,-0.004244748587229693,ForecastPage,30
1718908344.75,33.68,-0.2358964237187645,-0.23021190893297203,-0.005684514780645774,ForecastPage,30
1718908345.0,33.71,-0.1747034488815021,-0.22870098302058228,0.05399753414416679,ForecastPage,30
1718908345.25,33.71,-0.1747034488815021,-0.22713696409457,0.0524335152180883,ForecastPage,30
1718908345.5,33.71,-0.1747034488815021,-0.22553540245914627,0.050831953582595804,ForecastPage,30
1718908345.75,33.71,-0.1747034488815021,-0.22390895142100675,0.04920550254438831,ForecastPage,30
1718908346.0,33.68,-0.2358964237187645,-0.22226711165604168,-0.013629312057903013,ForecastPage,30
1718908346.25,33.68,-0.2358964237187645,-0.2206161109573979,-0.015280312756603659,ForecastPage,30
1718908346.5,33.68,-0.2358964237187645,-0.21895892424338387,-0.01693749947066497,ForecastPage,30
1718908346.75,33.68,-0.2358964237187645,-0.21729543305410826,-0.018600990659975915,ForecastPage,30
1718908347.0,33.73,-0.13390813232333687,-0.21562271824497878,0.0817145859263009,ForecastPage,30
1718908347.25,33.73,-0.13390813232333687,-0.21393547429091028,0.08002734197222654,ForecastPage,30
1718908347.5,33.73,-0.13390813232333687,-0.21222652855481577,0.0783183962361421,ForecastPage,30
1718908347.75,33.73,-0.13390813232333687,-0.21048744408435693,0.0765793117657088,ForecastPage,30
1718908348.0,33.66,-0.27669174027694426,-0.20870918017197984,-0.06798256010023586,ForecastPage,30
1718908348.25,33.66,-0.27669174027694426,-0.20688278143496341,-0.06980895883719981,MarketWaitPage,30
1718908348.5,33.66,-0.27669174027694426,-0.2050000640548597,-0.07169167621724032,MarketWaitPage,30
1718908348.75,33.66,-0.27669174027694426,-0.2030542675089305,-0.07363747276309751,MarketWaitPage,30
1718908349.0,33.68,-0.2358964237187645,-0.20104064183211318,-0.034855781881656,MarketWaitPage,30
1718908349.25,33.68,-0.2358964237187645,-0.1989569440370976,-0.03693947967658695,MarketWaitPage,30
1718908349.5,33.68,-0.2358964237187645,-0.19680382238983665,-0.03909260132375898,MarketWaitPage,30
1718908349.75,33.68,-0.2358964237187645,-0.19458507325659558,-0.041311350456907994,MarketWaitPage,30
1718908350.0,33.71,-0.1747034488815021,-0.19230776167668037,0.017604312800533622,MarketWaitPage,30
1718908350.25,33.71,-0.1747034488815021,-0.1899822032099525,0.015278754333901863,MarketWaitPage,30
1718908350.5,33.71,-0.1747034488815021,-0.187621810580271,0.012918361704317292,MarketWaitPage,30
1718908350.75,33.71,-0.1747034488815021,-0.18524281389676997,0.010539365020912555,MarketWaitPage,30
1718908351.0,33.71,-0.1747034488815021,-0.1828638676092951,0.008160418733531589,MarketWaitPage,30
1718908351.25,33.71,-0.1747034488815021,-0.18050556079047997,0.005802111914806022,MarketWaitPage,30
1718908351.5,33.71,-0.1747034488815021,-0.1781898498788943,0.0034864010033033715,MarketWaitPage,30
1718908351.75,33.71,-0.1747034488815021,-0.17593943475460094,0.001235985879084238,MarketWaitPage,30
1718908352.0,33.71,-0.1747034488815021,-0.17377710004258312,-0.0009263488328703114,MarketWaitPage,30
1718908352.25,33.71,-0.1747034488815021,-0.17172504392671886,-0.002978404948684194,MarketWaitPage,30
1718908352.5,33.71,-0.1747034488815021,-0.169804216561955,-0.004899232313412223,MarketWaitPage,30
1718908352.75,33.71,-0.1747034488815021,-0.16803368942837782,-0.006669759446969306,MarketWaitPage,30
1718908353.0,33.73,-0.13390813232333687,-0.16643007569092674,0.032521943373748655,MarketWaitPage,30
1718908353.25,33.73,-0.13390813232333687,-0.16500701980927449,0.031098887492084185,MarketWaitPage,30
1718908353.5,33.73,-0.13390813232333687,-0.1637747722784443,0.029866639961226602,MarketWaitPage,30
1718908353.75,33.73,-0.13390813232333687,-0.16273986249351216,0.0288317301762529,MarketWaitPage,30
1718908354.0,33.71,-0.1747034488815021,-0.16190487940410475,-0.012798569471374283,MarketWaitPage,30
1718908354.25,33.71,-0.1747034488815021,-0.16126836601440034,-0.013435082861145,MarketWaitPage,30
1718908354.5,33.71,-0.1747034488815021,-0.1608248300982091,-0.013878618777412963,MarketWaitPage,30
1718908354.75,33.71,-0.1747034488815021,-0.16056486993127472,-0.01413857894443298,MarketWaitPage,30
1718908355.0,33.73,-0.13390813232333687,-0.16047541051838615,0.02656727820075071,MarketWaitPage,30
1718908355.25,33.73,-0.13390813232333687,-0.16054004274130973,0.02663191042357549,MarketWaitPage,30
1718908355.5,33.73,-0.13390813232333687,-0.16073945503803844,0.026831322720200952,MarketWaitPage,30
1718908355.75,33.73,-0.13390813232333687,-0.16105194460324876,0.027143812285304943,MarketWaitPage,30
1718908356.0,33.71,-0.1747034488815021,-0.16145399269141644,-0.013249456184800515,MarketWaitPage,30
1718908356.25,33.71,-0.1747034488815021,-0.16192088651029105,-0.012782562366034035,MarketWaitPage,30
1718908356.5,33.71,-0.1747034488815021,-0.16242736857726137,-0.012276080299170839,MarketWaitPage,30
1718908356.75,33.71,-0.1747034488815021,-0.16294829344007347,-0.01175515543646365,MarketWaitPage,30
1718908357.0,33.71,-0.1747034488815021,-0.16345927144317415,-0.011244177433464802,MarketWaitPage,30
1718908357.25,33.71,-0.1747034488815021,-0.16393727977189812,-0.010766169104838744,MarketWaitPage,30
1718908357.5,33.71,-0.1747034488815021,-0.16436122227538855,-0.010342226601441549,MarketWaitPage,30
1718908357.75,33.71,-0.1747034488815021,-0.16471242146192938,-0.009991027414988812,MarketWaitPage,30
1718908358.0,33.71,-0.1747034488815021,-0.16497502847151777,-0.00972842040548305,MarketWaitPage,30
1718908358.25,33.71,-0.1747034488815021,-0.1651363396550449,-0.009567109222032561,MarketWaitPage,30
1718908358.5,33.71,-0.1747034488815021,-0.16518701152625653,-0.009516437350891145,MarketWaitPage,30
1718908358.75,33.71,-0.1747034488815021,-0.1651211692043457,-0.009582279672865558,MarketWaitPage,30
1718908359.0,33.71,-0.1747034488815021,-0.16493640693730527,-0.009767041939963021,MarketWaitPage,30
1718908359.25,33.71,-0.1747034488815021,-0.16463368279705234,-0.010069766080266766,RoundResultsPage,30
1718908359.5,33.71,-0.1747034488815021,-0.16421711307624345,-0.010486335801120636,RoundResultsPage,30
1718908359.75,33.71,-0.1747034488815021,-0.1636936752034506,-0.011009773673953041,RoundResultsPage,30
1718908360.0,33.71,-0.1747034488815021,-0.16307283103713557,-0.011630617840302688,RoundResultsPage,30
1718908360.25,33.71,-0.1747034488815021,-0.16236608510710734,-0.012337363770361065,RoundResultsPage,30
1718908360.5,33.71,-0.1747034488815021,-0.16158649464955427,-0.013116954227940247,RoundResultsPage,30
1718908360.75,33.71,-0.1747034488815021,-0.16074815002918072,-0.013955298848336198,RoundResultsPage,30
1718908361.0,33.73,-0.13390813232333687,-0.15986564525591113,0.025957512936540604,RoundResultsPage,30
1718908361.25,33.73,-0.13390813232333687,-0.1589535586785723,0.025045426359186596,RoundResultsPage,30
1718908361.5,33.73,-0.13390813232333687,-0.15802596347873477,0.024117831159337536,RoundResultsPage,30
1718908361.75,33.73,-0.13390813232333687,-0.157095986236805,0.02318785391739992,RoundResultsPage,30
1718908362.0,33.73,-0.13390813232333687,-0.15617542961228292,0.022267297292873668,RoundResultsPage,30
1718908362.25,33.73,-0.13390813232333687,-0.15527447216924573,0.021366339849835814,RoundResultsPage,30
1718908362.5,33.73,-0.13390813232333687,-0.15440145475476358,0.02049332243535618,RoundResultsPage,30
1718908362.75,33.73,-0.13390813232333687,-0.15356275880638323,0.019654626486980884,RoundResultsPage,30
1718908363.0,33.73,-0.13390813232333687,-0.1527627777375153,0.01885464541811964,RoundResultsPage,30
1718908363.25,33.73,-0.13390813232333687,-0.15200397833425325,0.01809584601486494,RoundResultsPage,30
1718908363.5,33.73,-0.13390813232333687,-0.1512870450936204,0.01737891277423912,RoundResultsPage,30
1718908363.75,33.73,-0.13390813232333687,-0.15061109683318913,0.016702964513813652,RoundResultsPage,30
1718908364.0,33.71,-0.1747034488815021,-0.1499739618890033,-0.02472948698853376,RoundResultsPage,30
1718908364.25,33.71,-0.1747034488815021,-0.14937249596515603,-0.025330952912380345,RoundResultsPage,30
1718908364.5,33.71,-0.1747034488815021,-0.14880292535281986,-0.025900523524719478,RoundResultsPage,30
1718908364.75,33.71,-0.1747034488815021,-0.14826119789624748,-0.026442250981298765,RoundResultsPage,30
1718908365.0,33.71,-0.1747034488815021,-0.147743324761079,-0.026960124116477857,RoundResultsPage,30
1718908365.25,33.71,-0.1747034488815021,-0.14724569766931378,-0.027457751208256883,RoundResultsPage,30
1718908365.5,33.71,-0.1747034488815021,-0.1467653686348806,-0.02793808024270626,RoundResultsPage,30
1718908365.75,33.71,-0.1747034488815021,-0.14630028214322904,-0.028403166734375384,RoundResultsPage,30
1718908366.0,33.73,-0.13390813232333687,-0.14584945292565377,0.011941320606196792,RoundResultsPage,30
1718908366.25,33.73,-0.13390813232333687,-0.14541308573716705,0.01150495341769333,RoundResultsPage,30
1718908366.5,33.73,-0.13390813232333687,-0.14499263662035622,0.01108450430086795,RoundResultsPage,30
1718908366.75,33.73,-0.13390813232333687,-0.1445908178316225,0.010682685512122852,RoundResultsPage,30
1718908367.0,33.73,-0.13390813232333687,-0.14421155079907363,0.010303418479566598,RoundResultsPage,30
1718908367.25,33.73,-0.13390813232333687,-0.1438598731412262,0.009951740821716529,RoundResultsPage,30
1718908367.5,33.73,-0.13390813232333687,-0.14354180694470628,0.009633674625199411,RoundResultsPage,30
1718908367.75,33.73,-0.13390813232333687,-0.14326419626019474,0.009356063940696678,RoundResultsPage,30
1718908368.0,33.71,-0.1747034488815021,-0.14303452222448257,-0.031668926653165626,RoundResultsPage,30
1718908368.25,33.71,-0.1747034488815021,-0.14286070444473498,-0.03184274443289191,RoundResultsPage,30
1718908368.5,33.71,-0.1747034488815021,-0.14275089736138513,-0.0319525515162144,RoundResultsPage,30
1718908368.75,33.71,-0.1747034488815021,-0.14271329026344384,-0.03199015861412207,RoundResultsPage,30
1718908369.0,33.75,-0.0931128157651571,-0.14275591940950708,0.04964310364832656,RoundResultsPage,30
1718908369.25,33.75,-0.0931128157651571,-0.1428865001661179,0.04977368440498514,RoundResultsPage,30
1718908369.5,33.75,-0.0931128157651571,-0.14311228602298537,0.049999470261908124,RoundResultsPage,30
1718908369.75,33.75,-0.0931128157651571,-0.1434399596361697,0.05032714387515602,RoundResultsPage,30
1718908370.0,33.73,-0.13390813232333687,-0.1438755586788399,0.00996742635971809,RoundResultsPage,30
1718908370.25,33.73,-0.13390813232333687,-0.1444244364182256,0.010516304099183249,RiskPage1,30
1718908370.5,33.73,-0.13390813232333687,-0.14509125390095126,0.01118312158199554,RiskPage1,30
1718908370.75,33.73,-0.13390813232333687,-0.14587999777789934,0.011971865459036392,RiskPage1,30
1718908371.0,33.71,-0.1747034488815021,-0.14679401545307866,-0.02790943342385207,RiskPage1,30
1718908371.25,33.71,-0.1747034488815021,-0.147836057631765,-0.026867391245065268,RiskPage1,30
1718908371.5,33.71,-0.1747034488815021,-0.14900831761561686,-0.02569513126111193,RiskPage1,30
1718908371.75,33.71,-0.1747034488815021,-0.15031245690773573,-0.024390991968892932,RiskPage1,30
1718908372.0,33.71,-0.1747034488815021,-0.15174960782249294,-0.022953841054039796,RiskPage1,30
1718908372.25,33.71,-0.1747034488815021,-0.1533203457282547,-0.021383103148189656,RiskPage1,30
1718908372.5,33.71,-0.1747034488815021,-0.15502462610205717,-0.019678822774309657,RiskPage1,30
1718908372.75,33.71,-0.1747034488815021,-0.15686168452629848,-0.017841764350004594,RiskPage1,30
1718908373.0,33.71,-0.1747034488815021,-0.1588299008865592,-0.015873547989696278,RiskPage1,30
1718908373.25,33.71,-0.1747034488815021,-0.1609266321243775,-0.013776816751848185,RiskPage1,30
1718908373.5,33.71,-0.1747034488815021,-0.16314802076112048,-0.011555428115094097,RiskPage1,30
1718908373.75,33.71,-0.1747034488815021,-0.16548878885684,-0.009214660019382268,RiskPage1,30
1718908374.0,33.73,-0.13390813232333687,-0.1679420289365128,0.034033896618429836,RiskPage1,30
1718908374.25,33.73,-0.13390813232333687,-0.17049900456273542,0.0365908722446093,RiskPage1,30
1718908374.5,33.73,-0.13390813232333687,-0.1731489735524348,0.03924084123424931,RiskPage1,30
1718908374.75,33.73,-0.13390813232333687,-0.1758790462844284,0.04197091396616845,RiskPage1,30
1718908375.0,33.71,-0.1747034488815021,-0.17867409018319477,0.003970641306681552,RiskPage1,30
1718908375.25,33.71,-0.1747034488815021,-0.1815166894632653,0.0068132405866523985,RiskPage2,30
1718908375.5,33.71,-0.1747034488815021,-0.18438716683460457,0.009683717957882518,RiskPage2,30
1718908375.75,33.71,-0.1747034488815021,-0.18726367138318425,0.01256022250634623,RiskPage2,30
1718908376.0,33.68,-0.2358964237187645,-0.1901223344970311,-0.045774089217189416,RiskPage2,30
1718908376.25,33.68,-0.2358964237187645,-0.1929374936810026,-0.042958930033339365,RiskPage2,30
1718908376.5,33.68,-0.2358964237187645,-0.19568198249155533,-0.0402144412229066,RiskPage2,30
1718908376.75,33.68,-0.2358964237187645,-0.19832748363891725,-0.03756894007566011,RiskPage2,30
1718908377.0,33.71,-0.1747034488815021,-0.20084494145470586,0.02614149257728289,RiskPage2,30
1718908377.25,33.71,-0.1747034488815021,-0.20320502920215194,0.028501580324631015,RiskPage2,30
1718908377.5,33.71,-0.1747034488815021,-0.20537866584124895,0.030675216963642025,RiskPage2,30
1718908377.75,33.71,-0.1747034488815021,-0.2073375756051902,0.032634126727510565,RiskPage2,30
1718908378.0,33.71,-0.1747034488815021,-0.20905488196664088,0.034351433088902726,RiskPage2,30
1718908378.25,33.71,-0.1747034488815021,-0.21050572530014192,0.03580227642236003,RiskPage2,30
1718908378.5,33.71,-0.1747034488815021,-0.2116678909459796,0.036964442068168804,RiskPage2,30
1718908378.75,33.71,-0.1747034488815021,-0.21252243170381024,0.03781898282598515,RiskPage2,30
1718908379.0,33.68,-0.2358964237187645,-0.21305426632636212,-0.02284215738872554,RiskPage2,30
1718908379.25,33.68,-0.2358964237187645,-0.21325273365554465,-0.022643690059529785,RiskPage2,30
1718908379.5,33.68,-0.2358964237187645,-0.21311208094492515,-0.02278434277012341,RiskPage2,30
1718908379.75,33.68,-0.2358964237187645,-0.2126318648871155,-0.023264558827895583,RiskPage2,30
1718908380.0,33.68,-0.2358964237187645,-0.21181724504612282,-0.024079178668840562,RiskPage2,30
1718908380.25,33.68,-0.2358964237187645,-0.21067915178139734,-0.025217271933509772,RiskPage2,30
1718908380.5,33.68,-0.2358964237187645,-0.20923431422502597,-0.026662109489818193,RiskPage2,30
1718908380.75,33.68,-0.2358964237187645,-0.20750513825087583,-0.028391285463900434,RiskPage2,30
1718908381.0,33.68,-0.2358964237187645,-0.20551942943957166,-0.03037699427513324,RiskPage2,30
1718908381.25,33.68,-0.2358964237187645,-0.20330996156801395,-0.0325864621466178,RiskPage3,30
1718908381.5,33.68,-0.2358964237187645,-0.20091389689774836,-0.034982526816810376,RiskPage3,30
1718908381.75,33.68,-0.2358964237187645,-0.19837207025068884,-0.037524353463798954,RiskPage3,30
1718908382.0,33.71,-0.1747034488815021,-0.19572815427602014,0.02102470539886179,RiskPage3,30
1718908382.25,33.71,-0.1747034488815021,-0.19302772814852318,0.01832427927142634,RiskPage3,30
1718908382.5,33.71,-0.1747034488815021,-0.19031727592095088,0.015613827043908717,RiskPage3,30
1718908382.75,33.71,-0.1747034488815021,-0.18764314365135576,0.012939694774360133,RiskPage3,30
1718908383.0,33.71,-0.1747034488815021,-0.18505048610427932,0.010347037227321053,RiskPage3,30
1718908383.25,33.71,-0.1747034488815021,-0.1825822342627442,0.007878785385813328,RiskPage3,30
1718908383.5,33.71,-0.1747034488815021,-0.1802781141587999,0.005574665281886194,RiskPage3,30
1718908383.75,33.71,-0.1747034488815021,-0.17817374574890638,0.003470296871999543,RiskPage3,30
1718908384.0,33.73,-0.13390813232333687,-0.17629984784266473,0.04239171552391981,RiskPage3,30
1718908384.25,33.73,-0.13390813232333687,-0.17468157154088743,0.04077343922212937,RiskPage3,30
1718908384.5,33.73,-0.13390813232333687,-0.17333798034801073,0.039429848029230496,RiskPage3,30
1718908384.75,33.73,-0.13390813232333687,-0.1722816902141948,0.03837355789538427,RiskPage3,30
1718908385.0,33.71,-0.1747034488815021,-0.17151867741237498,-0.003184771464638206,RiskPage3,30
1718908385.25,33.71,-0.1747034488815021,-0.17104825661606896,-0.0036551922609877364,RiskPage3,30
1718908385.5,33.71,-0.1747034488815021,-0.17086322611243301,-0.003840222764671747,RiskPage3,30
1718908385.75,33.71,-0.1747034488815021,-0.17095017204702848,-0.003753276830127057,RiskPage3,30
1718908386.0,33.71,-0.1747034488815021,-0.17128991916597222,-0.003413529711234559,RiskPage3,30
1718908386.25,33.71,-0.1747034488815021,-0.17185811181444197,-0.002845337062814054,RiskPage4,30
1718908386.5,33.71,-0.1747034488815021,-0.1726259060025148,-0.0020775428747860872,RiskPage4,30
1718908386.75,33.71,-0.1747034488815021,-0.17356075114815386,-0.0011426977291849674,RiskPage4,30
1718908387.0,33.71,-0.1747034488815021,-0.1746272386247972,-7.621025257010042e-05,RiskPage4,30
1718908387.25,33.71,-0.1747034488815021,-0.1757879934485852,0.0010845445712010446,RiskPage4,30
1718908387.5,33.71,-0.1747034488815021,-0.17700458531353633,0.002301136436148595,RiskPage4,30
1718908387.75,33.71,-0.1747034488815021,-0.17823843570448342,0.0035349868271063144,RiskPage4,30
1718908388.0,33.68,-0.2358964237187645,-0.1794516989776107,-0.056444724737003626,RiskPage4,30
1718908388.25,33.68,-0.2358964237187645,-0.18060809709123427,-0.055288326623340656,RiskPage4,30
1718908388.5,33.68,-0.2358964237187645,-0.18167369007457548,-0.054222733639946424,RiskPage4,30
1718908388.75,33.68,-0.2358964237187645,-0.18261756726319472,-0.05327885645126152,RiskPage4,30
1718908389.0,33.73,-0.13390813232333687,-0.18341244762483186,0.04950431530588048,RiskPage4,30
1718908389.25,33.73,-0.13390813232333687,-0.18403518084662177,0.050127048527758004,RiskPage4,30
1718908389.5,33.73,-0.13390813232333687,-0.18446714388708113,0.05055901156831347,RiskPage4,30
1718908389.75,33.73,-0.13390813232333687,-0.18469453010118236,0.05078639778251691,RiskPage4,30
1718908390.0,33.71,-0.1747034488815021,-0.184708529689811,0.010005080813085866,RiskPage4,30
1718908390.25,33.71,-0.1747034488815021,-0.18450540120367157,0.009801952327052346,RiskPage4,30
1718908390.5,33.71,-0.1747034488815021,-0.18408643442756054,0.009382985551044415,RiskPage4,30
1718908390.75,33.71,-0.1747034488815021,-0.18345780553597213,0.008754356659553063,RiskPage4,30
1718908391.0,33.68,-0.2358964237187645,-0.18263032626256034,-0.05326609745103314,RiskPage4,30
1718908391.25,33.68,-0.2358964237187645,-0.18161909019143951,-0.054277333522077725,FinalResultsPage,30
1718908391.5,33.68,-0.2358964237187645,-0.18044302128089978,-0.05545340243255498,FinalResultsPage,30
1718908391.75,33.68,-0.2358964237187645,-0.17912433237765976,-0.0567720913357477,FinalResultsPage,30
1718908392.0,33.71,-0.1747034488815021,-0.17768790464101383,0.002984455764900272,FinalResultsPage,30
1718908392.25,33.71,-0.1747034488815021,-0.17616060219361632,0.0014571533175185974,FinalResultsPage,30
1718908392.5,33.71,-0.1747034488815021,-0.17457053956999014,-0.00013290930610682962,FinalResultsPage,30
1718908392.75,33.71,-0.1747034488815021,-0.17294632225524637,-0.0017571266208640775,FinalResultsPage,30
1718908393.0,33.73,-0.13390813232333687,-0.17131628248544065,0.03740815016746904,FinalResultsPage,30
1718908393.25,33.73,-0.13390813232333687,-0.1697077333335877,0.035799601015578414,FinalResultsPage,30
1718908393.5,33.73,-0.13390813232333687,-0.16814626386711984,0.0342381315490633,FinalResultsPage,30
1718908393.75,33.73,-0.13390813232333687,-0.16665509686608504,0.03274696454797316,FinalResultsPage,30
1718908394.0,33.71,-0.1747034488815021,-0.16525452835721174,-0.00944892051912763,FinalResultsPage,30
1718908394.25,33.71,-0.1747034488815021,-0.16396146524837657,-0.01074198362803088,FinalResultsPage,30
1718908394.5,33.71,-0.1747034488815021,-0.16278907388945907,-0.011914374987021008,FinalResultsPage,30
1718908394.75,33.71,-0.1747034488815021,-0.16174654867320232,-0.012956900203353602,FinalResultsPage,30
1718908395.0,33.73,-0.13390813232333687,-0.16083900598299097,0.02693087366452242,FinalResultsPage,30
1718908395.25,33.73,-0.13390813232333687,-0.16006750495371025,0.02615937263516309,FinalResultsPage,30
1718908395.5,33.73,-0.13390813232333687,-0.15942919262445074,0.025521060305825315,FinalResultsPage,30
1718908395.75,33.73,-0.13390813232333687,-0.15891756710432178,0.02500943478561924,FinalResultsPage,30
1718908396.0,33.73,-0.13390813232333687,-0.1585228483732779,0.02461471605449993,FinalResultsPage,30
1718908396.25,33.73,-0.13390813232333687,-0.15823244240843726,0.02432431008958565,FinalResultsPage,30
1718908396.5,33.73,-0.13390813232333687,-0.15803148064316627,0.024123348324242504,FinalResultsPage,30
1718908396.75,33.73,-0.13390813232333687,-0.15790341355010723,0.023995281231112175,FinalResultsPage,30
1718908397.0,33.71,-0.1747034488815021,-0.1578306346206968,-0.01687281425653499,FinalResultsPage,30
1718908397.25,33.71,-0.1747034488815021,-0.15779510941909733,-0.01690833945820755,FinalResultsPage,30
1718908397.5,33.71,-0.1747034488815021,-0.15777898392512849,-0.016924464952252426,FinalResultsPage,30
1718908397.75,33.71,-0.1747034488815021,-0.15776514720933493,-0.01693830166812623,FinalResultsPage,30
1718908398.0,33.68,-0.2358964237187645,-0.15773772568428898,-0.07815869803052018,FinalResultsPage,30
1718908398.25,33.68,-0.2358964237187645,-0.15768248972994958,-0.07821393398495126,FinalResultsPage,30
1718908398.5,33.68,-0.2358964237187645,-0.15758715827397876,-0.0783092654410199,FinalResultsPage,30
1718908398.75,33.68,-0.2358964237187645,-0.15744159268502741,-0.07845483103007458,FinalResultsPage,30
1718908399.0,33.73,-0.13390813232333687,-0.15723787773954478,0.023329745419763043,FinalResultsPage,30
1718908399.25,33.73,-0.13390813232333687,-0.15697029394661233,0.023062161626721353,FinalResultsPage,30
1718908399.5,33.73,-0.13390813232333687,-0.15663519158028066,0.022727059260280895,FinalResultsPage,30
1718908399.75,33.73,-0.13390813232333687,-0.15623078183814884,0.02232264951804318,FinalResultsPage,30
1718908400.0,33.73,-0.13390813232333687,-0.15575686425042365,0.02184873193021729,FinalResultsPage,30
1718908400.25,33.73,-0.13390813232333687,-0.15521451166414665,0.02130637934384716,FinalResultsPage,30
1718908400.5,33.73,-0.13390813232333687,-0.15460573487355853,0.02069760255317552,FinalResultsPage,30
1718908400.75,33.73,-0.13390813232333687,-0.15393314841898018,0.020025016098524945,FinalResultsPage,30
1718908401.0,33.73,-0.13390813232333687,-0.15319965743049696,0.01929152510998179,FinalResultsPage,30
1718908401.25,33.73,-0.13390813232333687,-0.15240818285138005,0.018500050530817637,FinalResultsPage,30
1718908401.5,33.73,-0.13390813232333687,-0.15156143913770523,0.01765330681710821,FinalResultsPage,30
1718908401.75,33.73,-0.13390813232333687,-0.15066177478751513,0.01675364246689568,FinalResultsPage,30
1718908402.0,33.73,-0.13390813232333687,-0.1497110819913504,0.015802949670719643,FinalResultsPage,30
1718908402.25,33.73,-0.13390813232333687,-0.14871077749546782,0.014802645174835514,FinalResultsPage,30
1718908402.5,33.73,-0.13390813232333687,-0.14766185260163442,0.013753720281008408,FinalResultsPage,30
1718908402.75,33.73,-0.13390813232333687,-0.1465649862572128,0.012656853936598626,FinalResultsPage,30
1718908403.0,33.73,-0.13390813232333687,-0.14542071157215,0.011512579251550801,FinalResultsPage,30
1718908403.25,33.73,-0.13390813232333687,-0.14422962298239114,0.010321490661807646,FinalResultsPage,30
1718908403.5,33.73,-0.13390813232333687,-0.1429926087997859,0.00908447647921685,FinalResultsPage,30
1718908403.75,33.73,-0.13390813232333687,-0.14171109217457914,0.007802959854021737,FinalResultsPage,30
1718908404.0,33.71,-0.1747034488815021,-0.1403872626653089,-0.03431618621340597,FinalResultsPage,30
1718908404.25,33.71,-0.1747034488815021,-0.1390242807652191,-0.03567916811349257,FinalResultsPage,30
1718908404.5,33.71,-0.1747034488815021,-0.1376264389491255,-0.03707700992958769,FinalResultsPage,30
1718908404.75,33.71,-0.1747034488815021,-0.1361992650988891,-0.038504183779830066,FinalResultsPage,30
1718908405.0,33.71,-0.1747034488815021,-0.13474955746804457,-0.039953891410684464,FinalResultsPage,30
1718908405.25,33.71,-0.1747034488815021,-0.13328534447945278,-0.04141810439928894,FinalResultsPage,30
1718908405.5,33.71,-0.1747034488815021,-0.13181576734607167,-0.04288768153268439,FinalResultsPage,30
1718908405.75,33.71,-0.1747034488815021,-0.13035088843841933,-0.04435256044035142,FinalResultsPage,30
1718908406.0,33.75,-0.0931128157651571,-0.1289014331381649,0.03578861737572553,FinalResultsPage,30
1718908406.25,33.75,-0.0931128157651571,-0.1274784772509194,0.03436566148846903,FinalResultsPage,30
1718908406.5,33.75,-0.0931128157651571,-0.1260930955576484,0.032980279795190984,FinalResultsPage,30
1718908406.75,33.75,-0.0931128157651571,-0.12475598949378426,0.031643173731324775,FinalResultsPage,30
1718908407.0,33.73,-0.13390813232333687,-0.1234771131309552,-0.010431019189680639,FinalResultsPage,30
1718908407.25,33.73,-0.13390813232333687,-0.12226531664147103,-0.011642815679155795,FinalResultsPage,30
1718908407.5,33.73,-0.13390813232333687,-0.1211280254198313,-0.012780106900780734,FinalResultsPage,30
1718908407.75,33.73,-0.13390813232333687,-0.12007097121988176,-0.013837161100709504,FinalResultsPage,30
1718908408.0,33.77,-0.05231749920697736,-0.11909798918592247,0.0667804899817176,FinalResultsPage,30
1718908408.25,33.77,-0.05231749920697736,-0.11821089156545934,0.06589339236128747,FinalResultsPage,30
1718908408.5,33.77,-0.05231749920697736,-0.11740942518967307,0.0650919259855397,FinalResultsPage,30
1718908408.75,33.77,-0.05231749920697736,-0.11669131552841223,0.06437381632432163,FinalResultsPage,30
1718908409.0,33.73,-0.13390813232333687,-0.11605239543186634,-0.017855736888538476,FinalResultsPage,30
1718908409.25,33.73,-0.13390813232333687,-0.11548681189052837,-0.018421320429830662,FinalResultsPage,30
1718908409.5,33.73,-0.13390813232333687,-0.11498729972218534,-0.018920832598129548,FinalResultsPage,30
1718908409.75,33.73,-0.13390813232333687,-0.1145455074655397,-0.019362624854734715,FinalResultsPage,30
1718908410.0,33.73,-0.13390813232333687,-0.11415235823124086,-0.019755774088998385,FinalResultsPage,30
1718908410.25,33.73,-0.13390813232333687,-0.11379842695312778,-0.02010970536708296,FinalResultsPage,30
1718908410.5,33.73,-0.13390813232333687,-0.11347431535505674,-0.02043381696513314,FinalResultsPage,30
1718908410.75,33.73,-0.13390813232333687,-0.11317100686750337,-0.02073712545267398,FinalResultsPage,30
1718908411.0,33.73,-0.13390813232333687,-0.11288018552116866,-0.02102794679900495,FinalResultsPage,30
